site,wildtype,mutant,effect,effect_std,times_seen,n_selections
1,M,I,-9.689,0.1342,16.5,4
1,M,K,-4.85,0.03253,1,2
1,M,L,-4.425,1.211,1,2
1,M,M,0,0,,4
1,M,T,-9.61,0.2042,5,4
1,M,V,-9.052,0.4449,2,4
2,S,A,-0.8967,0.856,11,2
2,S,C,-0.679,0.02857,12,2
2,S,D,0.3796,0.1935,8,2
2,S,E,0.6905,0.04787,5,2
2,S,F,-0.09209,0.03255,7,2
2,S,G,-1.698,0.675,11.5,4
2,S,H,0.5389,0.3854,12,2
2,S,I,0.6844,0.2568,8.75,4
2,S,K,-0.3646,0.1838,8,2
2,S,L,0.2405,0.08231,11,2
2,S,M,-0.3853,0.2972,10,2
2,S,N,0.6204,0.3318,10,4
2,S,P,-1.476,0.1527,10,2
2,S,Q,-1.434,0.3295,4,2
2,S,R,-1.955,1.736,7.5,4
2,S,S,0,0,,4
2,S,T,0.07605,0.09398,11,2
2,S,V,-0.9861,0.2006,17,2
2,S,W,-1.255,0.4105,12,2
2,S,Y,-0.01085,0.2155,8,2
3,L,*,-9.459,0.1831,5,2
3,L,A,-1.029,0.5438,5,2
3,L,C,-0.7013,0.1527,12,2
3,L,D,-9.588,0.2977,6.5,2
3,L,E,-9.769,0.1428,10,2
3,L,F,-0.7046,0.01676,4,2
3,L,G,-0.7595,0.1344,10,2
3,L,H,-1.579,0.1492,7,2
3,L,I,0.7285,0.0775,9,2
3,L,K,-4.534,0.08697,10,2
3,L,L,0,0,,4
3,L,M,-2.232,1.586,11.5,4
3,L,N,-2.744,0.454,14,2
3,L,P,-1.096,0.7214,7.5,4
3,L,Q,-3.757,1.388,7.5,4
3,L,R,-3.686,0.4299,9,2
3,L,S,-1.667,0.1407,9,2
3,L,T,-1.468,0.6877,12,2
3,L,V,-1.205,0.3497,9,2
3,L,W,-0.2162,0.2214,8,2
3,L,Y,-0.2231,0.6757,5,2
4,A,A,0,0,,4
4,A,C,-0.06463,0.1609,8,2
4,A,D,-9.602,0.7364,6.5,4
4,A,E,-5.003,0.2963,5,2
4,A,F,0.2641,0.1573,10,2
4,A,G,-0.7734,0.7288,7.5,4
4,A,H,-2.111,0.1803,14,2
4,A,I,-0.2912,0.1873,4,2
4,A,K,-9.454,0.003536,10,2
4,A,L,0.8165,0.01796,12,2
4,A,M,0.8849,0.1669,7,2
4,A,N,-0.984,0.3607,6,2
4,A,P,-0.1581,0.136,10,2
4,A,Q,0.1107,0.08784,6,2
4,A,R,-5.181,1.053,14,2
4,A,S,-0.5009,0.3347,10.5,4
4,A,T,0.07398,0.1459,40.5,4
4,A,V,0.337,0.1807,31,4
4,A,W,-0.034,0.1906,7,2
4,A,Y,-0.9747,0.2126,10,2
5,I,*,-9.376,0.2206,15,2
5,I,A,-8.885,0.5869,9,2
5,I,C,-9.588,0.1393,14,2
5,I,D,-9.454,0.4455,6,2
5,I,E,-8.796,0.2482,12,2
5,I,F,-1.724,0.3967,15.5,2
5,I,G,-9.509,0.1902,9,2
5,I,H,-9.659,0.2835,4,2
5,I,I,0,0,,4
5,I,K,-8.783,0.4709,10,2
5,I,L,-0.09263,0.04592,10,2
5,I,M,-0.9118,0.004172,14,2
5,I,N,-9.418,2.738,8,4
5,I,P,-9.36,0.08556,11,2
5,I,Q,-9.297,0.7085,16,2
5,I,R,-9.149,0.1259,9,2
5,I,S,-9.549,0.2192,11,2
5,I,T,-9.706,0.03394,13.5,2
5,I,V,-1.224,0.1329,21,2
5,I,W,-1.755,0.314,17,2
5,I,Y,-4.553,0.7799,8,2
6,P,A,-0.8995,0.07142,13,2
6,P,C,-0.5998,0.182,9,2
6,P,D,-9.504,0.2192,10,2
6,P,E,-5.608,0.1146,12,2
6,P,F,-1.146,0.1301,9,2
6,P,G,-0.7467,0.1015,8,2
6,P,H,-0.7353,0.6618,10.5,4
6,P,I,-0.7518,0.09907,16,2
6,P,K,-2.883,0.5176,12,2
6,P,L,-2.394,0.5874,19,4
6,P,M,-2.332,0.7757,9,2
6,P,N,-3.321,0.2319,7,2
6,P,P,0,0,,4
6,P,Q,-3.715,0.321,18,2
6,P,R,-2.555,0.2107,15,2
6,P,S,-1.635,0.8811,7.5,4
6,P,T,-0.07725,2.043,7.5,4
6,P,V,-2.516,0.8323,13,2
6,P,W,-3.798,0.02263,15,2
6,P,Y,-1.099,0.429,8,2
7,V,*,-9.306,0.2475,22,2
7,V,A,-7.71,1.352,9.5,4
7,V,C,-8.441,0.1252,12,2
7,V,D,-8.782,1.31,8,2
7,V,E,-9.767,0.1485,11,2
7,V,F,-0.2956,0.03274,12,2
7,V,G,-8.546,0.2609,13,2
7,V,H,-9.479,0.1549,12,2
7,V,I,-1.112,0.2248,10,2
7,V,K,-9.409,0.03536,5,2
7,V,L,-0.01925,0.195,12.75,4
7,V,M,-0.2059,0.4034,16.5,4
7,V,N,-9.764,0.3019,13,2
7,V,P,-9.204,0.3147,17,2
7,V,Q,-9.504,0.3932,11,2
7,V,R,-9.662,0.04879,5,2
7,V,S,-9.45,0.1124,17,2
7,V,T,-9.415,0.3345,23,2
7,V,V,0,0,,4
7,V,W,-0.1834,0.1546,7,2
7,V,Y,-4.088,0.6739,13,2
8,M,A,-3.748,0.003536,6,2
8,M,C,-4.368,0.9221,12,2
8,M,D,-8.438,1.332,5,2
8,M,E,-8.3,0.4059,8,2
8,M,F,0.4154,0.4814,10,2
8,M,G,-8.495,1.197,11.5,2
8,M,H,-9.364,0.2913,8,2
8,M,I,-0.0453,0.7477,15,4
8,M,K,-6.044,4.618,3.5,4
8,M,L,-0.6872,0.08061,13,2
8,M,M,0,0,,4
8,M,N,-8.788,0.7311,11,2
8,M,P,-9.517,0.04667,8.5,2
8,M,Q,-9.315,0.08202,12,2
8,M,R,-9.067,0.7863,6,2
8,M,S,-9.572,0.1704,14,2
8,M,T,-8.976,0.9354,7.5,4
8,M,V,-1.757,0.6603,12,4
8,M,W,-0.263,0.0594,11,2
8,M,Y,-0.4441,0.05989,4,2
9,C,*,-5.989,3.316,4,4
9,C,A,-3.636,0.04031,16,2
9,C,C,0,0,,4
9,C,D,-9.495,0.1803,9,2
9,C,E,-9.354,0.4172,10,2
9,C,F,-3.738,4.337,8.5,4
9,C,G,-8.018,1.478,5,4
9,C,H,-7.959,0.9313,9,2
9,C,I,-1.742,0.1287,7,2
9,C,K,-9.512,0.1902,9,2
9,C,L,-0.9063,0.3673,5,2
9,C,M,0.3388,0.2952,4,2
9,C,N,-9.763,0.1711,3,2
9,C,P,-9.327,0.6477,4,2
9,C,Q,-9.615,0.4511,7,2
9,C,R,-9.463,0.3076,8,2
9,C,S,-7.237,3.793,8.5,4
9,C,T,-1.882,0.5374,7,2
9,C,V,-2.101,0.3769,6,2
9,C,W,-3.421,0.0891,11,2
9,C,Y,-4.45,0.6044,13,4
10,L,A,-5.373,0.07354,12,2
10,L,C,-4.596,0.3557,10,2
10,L,D,-8.661,0.6619,6,2
10,L,E,-8.501,1.502,7,2
10,L,F,0.5303,0.06527,9,2
10,L,G,-9.393,0.7396,10,2
10,L,H,-9.52,0.3917,14,2
10,L,I,0.2254,0.1423,7,2
10,L,K,-9.835,0.1414,7,2
10,L,L,0,0,,4
10,L,M,-1.301,0.4705,9,4
10,L,N,-9.322,0.01485,10,2
10,L,P,-9.308,0.4816,10.5,4
10,L,Q,-9.262,0.672,4.5,4
10,L,R,-9.418,0.07566,10,2
10,L,S,-9.53,0.1867,6,2
10,L,T,-9.611,0.09687,22,2
10,L,V,-0.8684,0.2893,17,2
10,L,W,-1.87,0.1372,7,2
10,L,Y,-1.69,0.3486,7,2
11,L,*,-9.716,0.1612,4,2
11,L,-,-1.184,1.304,1,2
11,L,A,-9.603,0.3041,12,2
11,L,C,-9.507,0.2447,14,2
11,L,D,-9.399,0.2878,8,2
11,L,E,-8.184,1.527,3,2
11,L,F,-2.53,0.3762,11,2
11,L,G,-9.49,0.4469,12,2
11,L,H,-9.071,0.5657,11,2
11,L,I,-2.569,1.041,9,2
11,L,K,-9.424,0.2461,8,2
11,L,L,0,0,,4
11,L,M,-5.454,1.151,7,4
11,L,N,-9.384,0.362,8,2
11,L,P,-9.304,0.5492,11.5,4
11,L,Q,-8.816,1.306,8.5,4
11,L,R,-8.921,0.1732,11,2
11,L,S,-9.796,0.2128,9,2
11,L,T,-9.295,0.28,5,2
11,L,V,-8.543,1.037,10,2
11,L,W,-7.067,2.435,3,2
11,L,Y,-9.344,0.111,11,2
12,A,-,-3.277,1.897,1,2
12,A,A,0,0,,4
12,A,C,-0.6751,0.07863,8,2
12,A,D,-9.466,0.175,6,4
12,A,E,-9.296,0.3818,8,2
12,A,F,0.4278,0.0973,8,2
12,A,G,-3.965,0.09829,15,2
12,A,H,-5.62,0.6951,12,2
12,A,I,-0.2444,0.00997,5,2
12,A,K,-8.753,1.078,12,2
12,A,L,-0.0488,0.06043,9,2
12,A,M,0.974,0.03677,3,2
12,A,N,-8.502,0.7566,9,2
12,A,P,-9.277,0.2666,15,2
12,A,Q,-0.4437,0.2296,8,2
12,A,R,-8.898,0.8704,7,2
12,A,S,-1.148,0.7843,6.5,4
12,A,T,-0.9759,0.2586,20,4
12,A,V,0.03625,0.3465,9,4
12,A,W,0.1414,0.05579,6,2
12,A,Y,0.1435,1.14,4,2
13,N,*,-9.423,0.1471,7,2
13,N,-,-0.0689,0.7596,1,2
13,N,A,-1.055,0.3564,15,2
13,N,C,-2.742,0.2722,15,2
13,N,D,-9.526,0.1358,14,2
13,N,E,-7.549,0.9454,13,2
13,N,F,-1.922,0.2807,18,2
13,N,G,-1.501,0.01131,13,2
13,N,H,-0.4594,0.1365,20,2
13,N,I,-3.116,1.502,6,4
13,N,K,-9.508,0.2398,9.75,4
13,N,L,-1.883,0.1216,17,2
13,N,M,-1.274,0.09334,10,2
13,N,N,0,0,,4
13,N,P,-9.49,0.2051,19,2
13,N,Q,-0.5562,0.04342,4,2
13,N,R,-2.365,0.14,11,2
13,N,S,0.0613,0.2618,22,2
13,N,T,0.06265,0.5821,9,4
13,N,V,-1.66,0.1117,13,2
13,N,W,-1.918,0.7488,8,2
13,N,Y,0.1226,0.3131,13,2
14,T,-,-2.908,1.836,1,2
14,T,A,0.1741,0.3364,6,4
14,T,C,-1.13,0.2728,10,2
14,T,D,-8.959,0.4773,12,2
14,T,E,-9.536,0.1358,11,2
14,T,F,0.0179,0.1653,12,2
14,T,G,-5.997,0.7,8,2
14,T,H,-6.258,0.1124,6,2
14,T,I,-0.7132,0.7546,7.75,4
14,T,K,-9.692,0.1591,8.5,2
14,T,L,0.3403,0.42,5,2
14,T,M,-0.5073,0.2746,5,2
14,T,N,-9.252,0.454,16,2
14,T,P,-9.477,0.3507,13,2
14,T,Q,-2.288,0.7488,6,2
14,T,R,-9.406,0.08627,18,2
14,T,S,-0.6078,0.9158,6,4
14,T,T,0,0,,4
14,T,V,0.446,0.05134,10,2
14,T,W,0.6643,0.4334,10,2
14,T,Y,-0.2321,0.1078,7,2
15,T,*,-9.596,0.1725,14,2
15,T,-,0.7182,0.09433,2,2
15,T,A,-0.3742,0.2537,6.5,4
15,T,C,-1.277,0.3338,10,2
15,T,D,-1.09,0.1089,7,2
15,T,E,-1.288,0.6853,6,2
15,T,F,-3.037,0.1577,15,2
15,T,G,-0.7615,0.3867,10,2
15,T,H,-0.1878,0.08309,9,2
15,T,I,-0.5937,0.4211,5,4
15,T,K,-1.3,0.1103,7,2
15,T,L,-0.4293,0.1291,9,2
15,T,M,-1.148,0.04384,10,2
15,T,N,-0.05351,0.493,4,4
15,T,P,-1.981,0.0198,18,2
15,T,Q,0.5378,0.2017,5.5,2
15,T,R,-0.1251,0.1095,11,2
15,T,S,-0.4193,0.9241,4.5,4
15,T,T,0,0,,4
15,T,V,-0.07728,0.08022,10,2
15,T,W,0.4437,0.3307,5,2
15,T,Y,0.6978,0.3306,8,2
16,F,-,-4.617,0.2793,4,2
16,F,A,-0.3989,0.667,10,2
16,F,C,-1.932,0.2659,6,2
16,F,D,-4.501,1.2,5,2
16,F,E,-6.169,0.6053,5,2
16,F,F,0,0,,4
16,F,G,-2.474,0.09475,9.5,2
16,F,H,-1.444,0.5332,7,2
16,F,I,0.01235,0.2285,11,2
16,F,K,-3.933,0.145,7,2
16,F,L,-2.515,2.863,4,4
16,F,M,0.05805,0.9873,9,2
16,F,N,-2.125,0.157,8,2
16,F,P,-2.804,0.1782,12.5,2
16,F,Q,-2.774,0.3613,13,2
16,F,R,-3.598,0.1195,13,2
16,F,S,-2.311,0.7959,7.5,4
16,F,T,-1.863,0.02616,8,2
16,F,V,-0.5878,0.99,4.5,4
16,F,W,-0.1046,1.31,8,2
16,F,Y,0.2174,0.2799,13,2
17,P,*,-9.518,0.1817,13,2
17,P,-,0.358,0.1259,1,2
17,P,A,0.427,0.264,3,2
17,P,C,-0.2089,0.3037,5,2
17,P,D,1.001,0.05388,3,2
17,P,E,-0.1336,0.7777,3,2
17,P,F,0.8737,0.08012,5,2
17,P,G,-0.3023,0.4759,6,2
17,P,H,-0.03721,0.1363,9,2
17,P,I,0.2609,0.3693,8.5,2
17,P,K,-0.5713,0.0804,8,2
17,P,L,-0.1008,0.6129,12.5,4
17,P,M,0.1883,0.1924,7,2
17,P,N,-0.6803,0.1198,9,2
17,P,P,0,0,,4
17,P,Q,-0.3795,0.5477,9,4
17,P,R,1.152,0.02051,1,2
17,P,S,-0.4068,0.3133,9,4
17,P,T,-0.1494,0.3797,10.5,4
17,P,Y,0.0059,0.2835,6,2
18,C,*,-5.672,3.949,3.5,4
18,C,A,1.164,0.02546,1,2
18,C,C,0,0,,4
18,C,D,-1.745,0.1315,8,2
18,C,E,-0.4859,0.3289,7,2
18,C,F,-1.67,0.886,15,4
18,C,G,-1.915,0.3189,8,2
18,C,H,-1.978,0.4137,17,2
18,C,I,-1.659,0.4108,4,2
18,C,K,-5.234,0.6145,9,2
18,C,L,-1.034,0.4687,8,2
18,C,M,-1.32,0.1556,10,2
18,C,N,-2.311,0.02333,12,2
18,C,P,-1.434,0.5876,9,2
18,C,Q,-4.835,0.9998,12,2
18,C,R,-1.458,0.5642,8,4
18,C,S,-2.381,0.5418,4,4
18,C,T,-1.292,0,7,2
18,C,V,-1.425,0.1867,10,2
18,C,W,-5.641,3.587,2.25,4
18,C,Y,-2.216,0.2784,23.5,4
19,S,*,-9.286,0.07495,9,2
19,S,A,0.5049,0.1819,8,2
19,S,C,0.1147,0.1506,5,2
19,S,D,0.5997,0.06576,8,2
19,S,E,-0.4693,0.115,6,2
19,S,F,-0.4204,0.4294,8,2
19,S,G,0.01205,0.2957,2.5,4
19,S,H,0.4408,0.3547,7,2
19,S,I,0.4635,0.3665,10.5,4
19,S,K,-0.08172,0.08752,5,2
19,S,L,-0.1396,0.2932,8,2
19,S,M,0.3175,0.08111,11,2
19,S,N,-0.06725,0.756,19.25,4
19,S,P,-2.071,1.332,6.5,4
19,S,R,-0.3321,0.3812,9.5,4
19,S,S,0,0,,4
19,S,T,-0.145,0.09289,8,2
19,S,V,0.1065,0.1207,8,2
19,S,W,-0.0829,0.4371,6,2
19,S,Y,0.0341,0.09886,8,2
20,Q,*,-8.029,1.936,4.5,4
20,Q,A,0.08729,0.1191,15,2
20,Q,C,-0.01918,0.03695,7,2
20,Q,D,0.2929,0.2967,10.5,2
20,Q,E,0.4037,0.0722,7,2
20,Q,F,-1.147,0.1662,11,2
20,Q,G,-0.1481,0.1653,11,2
20,Q,H,-0.281,0.7639,15,4
20,Q,I,-0.3525,0.2319,7,2
20,Q,K,0.1347,0.1075,7,2
20,Q,L,0.2041,0.6912,9.75,4
20,Q,M,-0.5532,0.2391,7,2
20,Q,N,-0.0478,0.2708,11,2
20,Q,P,-2.359,0.227,12,2
20,Q,Q,0,0,,4
20,Q,R,-0.7842,0.1507,5.5,4
20,Q,S,-1.353,0.4236,12,2
20,Q,T,0.0161,0.1083,12,2
20,Q,V,0.3448,0.2399,12,2
20,Q,W,-3.886,1.156,2,2
20,Q,Y,-0.5141,0.7564,12,2
21,P,*,-9.184,0.02263,11.5,2
21,P,A,-1.482,0.08415,9,2
21,P,C,-3.402,0.07071,18,2
21,P,D,-2.777,0.2008,11,2
21,P,E,-3.119,0.1124,7,2
21,P,F,-2.548,0.4052,6,2
21,P,G,-3.862,0.02758,5,2
21,P,H,-3.357,0.7586,4,4
21,P,I,-1.477,0.1188,8,2
21,P,K,-2.305,0.4759,10,2
21,P,L,-2.221,1.903,7.5,4
21,P,M,-0.9476,0.2155,8,2
21,P,N,-2.141,0.07354,8,2
21,P,P,0,0,,4
21,P,Q,-0.5804,1.108,1,2
21,P,R,-2.76,0.2404,12,2
21,P,S,-1.45,0.2661,14.25,4
21,P,T,-2.79,2.206,6.5,4
21,P,V,-2.106,0.1096,13,2
21,P,W,-1.624,0.1994,6,2
21,P,Y,-4.079,0.08556,3,2
22,P,A,0.671,0.4498,8,2
22,P,C,-1.014,0.08726,13,2
22,P,D,-0.2251,0.06682,14,2
22,P,E,-1.688,0.1803,8,2
22,P,F,0.7458,0.1132,8,2
22,P,G,-1.729,0.7036,6,2
22,P,H,-0.9889,0.7044,6,2
22,P,I,-0.298,0.3914,13,2
22,P,K,-0.4913,0.1059,5,2
22,P,L,-0.4832,0.2031,15.5,4
22,P,M,-0.5649,0.07934,9,2
22,P,N,-0.3518,0.3814,6,2
22,P,P,0,0,,4
22,P,Q,-1.345,1.553,5.5,4
22,P,R,0.05545,0.5074,4,4
22,P,S,-0.6767,0.4262,9,2
22,P,T,-0.4177,1.355,5.5,4
22,P,V,0.1907,0.3372,9,2
22,P,W,-0.2167,0.1306,8,2
22,P,Y,-0.2805,0.2845,11,2
23,C,*,-9.28,1.811,6.5,4
23,C,A,-1.08,0.1887,12,2
23,C,C,0,0,,4
23,C,D,-0.6323,0.2945,9,2
23,C,E,-2.675,0.4808,8,2
23,C,F,-1.167,0.3339,8.5,4
23,C,H,-1.387,0.333,6.5,2
23,C,I,-0.9768,0.235,9,2
23,C,K,-1.776,0.1322,5,2
23,C,L,-0.7843,0.02857,7,2
23,C,M,-0.09679,0.2305,6,2
23,C,N,-1.237,0.6124,9,2
23,C,P,-4.442,0.2058,5,2
23,C,Q,-1.285,0.03818,7,2
23,C,R,-2.184,1.388,4.667,3
23,C,S,-0.8664,0.6621,3,4
23,C,T,-0.9567,0.1334,5,2
23,C,V,-1.843,0.04667,6,2
23,C,W,-0.5127,0.01223,7,2
23,C,Y,-1.082,0.4245,21,4
24,T,A,0.502,0.6176,5,2
24,T,C,-0.6631,0.3162,15,2
24,T,D,0.4007,0.07474,8,2
24,T,E,-0.5707,0.6636,7,2
24,T,F,0.1767,0.3145,5,2
24,T,G,0.4362,0.1639,6,2
24,T,H,0.01405,0.2808,12,2
24,T,I,-0.5056,1.208,8.5,4
24,T,K,0.4515,0.5105,4.5,4
24,T,L,0.685,0.2159,7,2
24,T,M,0.0774,0.3804,5,2
24,T,N,0.1477,0.371,7,2
24,T,P,-1.073,0.3885,19,2
24,T,Q,0.1251,0.1312,8.5,2
24,T,R,-1.154,1.048,4.5,4
24,T,S,-0.05806,0.06341,13,2
24,T,T,0,0,,4
24,T,V,0.2675,0.09249,9,2
24,T,W,-0.1645,0.007212,8,2
24,T,Y,0.1433,0.1833,8,2
25,P,*,-9.582,0.3033,7,2
25,P,A,-0.5309,0.3888,11,2
25,P,C,-2.921,0.04879,12,2
25,P,D,-0.9154,0.5014,11,2
25,P,E,-0.02592,0.003267,6,2
25,P,F,-0.7079,0.1324,10,2
25,P,G,-1.474,0.4533,10,2
25,P,H,-1.052,0.5876,6.5,4
25,P,I,-0.485,0.06053,8,2
25,P,K,-1.125,0.1414,11,2
25,P,L,-1.064,0.4188,9.5,4
25,P,M,-1.046,0.3674,10,2
25,P,N,-0.2567,0.09532,8,2
25,P,P,0,0,,4
25,P,Q,0.02784,0.1483,9,2
25,P,R,-0.9224,0.1252,7,2
25,P,S,-0.3407,0.5934,10.75,4
25,P,T,-0.7304,2.844,7.5,4
25,P,V,-1.097,0.03111,12,2
25,P,W,-0.3559,0.05381,12,2
25,P,Y,0.1848,0.2192,7,2
26,C,*,-7.415,2.78,2,4
26,C,A,-0.9569,0.08068,9,2
26,C,C,0,0,,4
26,C,D,-0.751,0.5445,3,2
26,C,E,-2.941,0.006364,9,2
26,C,F,-1.707,1.29,9.5,4
26,C,G,-1.535,0.145,15,2
26,C,H,-2.438,1.17,10,2
26,C,I,-2.133,0.1987,12,2
26,C,K,-4.236,0.4165,8,2
26,C,L,-2.353,0.2015,12,2
26,C,M,-3.245,0.5586,11,2
26,C,N,-0.2042,0.522,8,2
26,C,P,-2.377,0.05091,11,2
26,C,Q,-2.678,0.111,10,2
26,C,R,-2.466,0.6555,14,4
26,C,S,-1.595,0.3983,5.5,4
26,C,T,-1.97,0.4603,5,2
26,C,V,-3.788,0.2567,7,2
26,C,W,-1.867,0.9584,5.5,4
26,C,Y,-1.591,0.04779,14.75,4
27,C,*,-8.354,1.292,10.5,4
27,C,A,-1.68,0.6223,7,2
27,C,C,0,0,,4
27,C,D,-6.454,2.921,10,2
27,C,E,-4.535,0.2906,8,2
27,C,F,-2.844,2.971,7.75,4
27,C,G,-2.063,0.2475,5,2
27,C,H,-7.131,3.199,14,2
27,C,I,-1.949,0.1414,6,2
27,C,K,-2.656,0.9044,9,2
27,C,L,-0.5048,0.2034,6,2
27,C,M,-2.228,0.4582,12,2
27,C,N,-2.391,0.116,5,2
27,C,P,-3.111,0.3352,2,2
27,C,Q,-2.939,0.2341,12,2
27,C,R,-2.932,0.5897,10,2
27,C,S,-0.733,0.2908,4.5,4
27,C,T,-1.433,0.2963,7,2
27,C,V,-2.15,0.4603,10,2
27,C,W,-2.816,1.025,6.5,4
27,C,Y,-4.867,2.571,13.5,4
28,Y,*,-7.2,3.086,3,4
28,Y,A,-4.867,0.821,12,2
28,Y,C,-5.951,3.667,5.5,4
28,Y,D,-5.798,0.7368,9,2
28,Y,E,-7.697,2.436,7,2
28,Y,F,0.00115,0.1555,7,2
28,Y,G,-7.28,0.8195,8,2
28,Y,H,-1.361,0.7946,10,4
28,Y,I,-0.7053,0.2913,7,2
28,Y,K,-7.889,0.6286,8,2
28,Y,L,-2.825,0.1952,10,2
28,Y,M,-3.337,0.2991,14,2
28,Y,N,-5.6,2.23,4,4
28,Y,P,-9.386,0.3352,13,2
28,Y,Q,-3.389,0.4943,8,2
28,Y,R,-6.473,1.201,6,2
28,Y,S,-8.169,1.69,4,2
28,Y,T,-4.421,0.2729,7,2
28,Y,V,-4.094,0.495,8,2
28,Y,W,-1.129,0.2773,3,2
28,Y,Y,0,0,,4
29,E,*,-9.425,0.1619,15,4
29,E,A,-0.8796,0.7274,12,2
29,E,C,-1.155,0.1082,9,2
29,E,D,0.09983,0.2663,8.5,4
29,E,E,0,0,,4
29,E,F,-1.644,0.002121,10,2
29,E,G,-0.2796,0.134,7.5,4
29,E,H,-0.8817,0.2183,17,2
29,E,I,-1.088,0.1635,14,2
29,E,K,-0.6766,0.2821,8,4
29,E,L,-1.087,0.1633,12,2
29,E,M,-0.8951,0.03974,13,2
29,E,N,-0.9083,0.01492,8,2
29,E,P,-2.13,0.2107,15,2
29,E,Q,-0.1941,0.01803,11,2
29,E,R,-0.8853,0.01061,11,2
29,E,S,-1.573,0.1549,6,2
29,E,T,-0.5792,0.0763,14,2
29,E,V,-1.07,0.3996,4.5,4
29,E,W,-0.9788,0.3509,13,2
29,E,Y,-0.1822,0.1866,11,2
30,K,*,-3.462,1.465,1,2
30,K,A,-0.2811,0.2283,12,2
30,K,C,-0.1912,0.01994,12,2
30,K,D,-1.307,0.1273,6,2
30,K,E,-0.5592,0.13,10,2
30,K,F,0.7175,0.05643,7,2
30,K,G,0.638,0.01966,6,2
30,K,H,-0.04675,0.4816,11,2
30,K,I,-0.03252,0.1674,5.5,4
30,K,K,0,0,,4
30,K,L,-0.7968,0.3128,7,2
30,K,M,0.2485,0.0671,8,2
30,K,N,-0.08285,0.4401,8,4
30,K,P,-2.037,0.0297,10,2
30,K,Q,-0.895,0.181,19,2
30,K,R,0.09495,0.03698,8,2
30,K,S,0.1085,0.04026,5,2
30,K,T,0.185,0.1108,9,2
30,K,V,-0.3838,0.213,9,2
30,K,W,-0.3124,0.3293,12,2
30,K,Y,-0.1039,0.1972,6.5,4
31,E,*,-9.666,0.2269,10.5,4
31,E,-,0.3203,0.01301,2,2
31,E,A,0.4942,0.2953,4.5,4
31,E,C,0.00745,0.207,10,2
31,E,D,0.3864,0.09051,9.5,4
31,E,E,0,0,,4
31,E,F,0.1792,0.2396,9,2
31,E,G,-0.1802,0.498,5.75,4
31,E,H,0.3801,0.1206,10,2
31,E,I,-0.9577,0.2082,6,2
31,E,K,-1.107,0.6334,10.75,4
31,E,L,-0.5532,0.06215,9,2
31,E,M,-1.09,0.3596,10,2
31,E,N,0.1663,0.5979,4,2
31,E,P,-9.408,0.3536,12,2
31,E,Q,-0.2573,0.8763,5,4
31,E,R,-0.5245,0.5431,9,2
31,E,S,-0.1494,0.05452,12,2
31,E,T,-0.9466,0.2975,10,2
31,E,V,-0.0086,0.2136,4,4
31,E,W,0.07975,0.2176,10,2
31,E,Y,-0.1415,0.1776,15,2
32,P,-,-1.447,0.005657,3,2
32,P,A,-0.3694,0.00693,11,2
32,P,C,-1.208,0.04313,8,2
32,P,D,-0.3024,0.01478,11,2
32,P,E,-1.068,0.02687,5,2
32,P,F,-1.683,0.04455,6,2
32,P,G,-0.3243,0.2406,7,2
32,P,H,-0.06043,0.03849,7.25,4
32,P,I,-4.181,1.032,6,2
32,P,K,-0.8977,0.3695,7,2
32,P,L,-1.973,0.4462,6.5,4
32,P,M,0.866,0.2078,8,2
32,P,N,-0.02349,0.07319,9,2
32,P,P,0,0,,4
32,P,Q,-0.7024,0.1075,6,2
32,P,R,-0.8703,0.1394,5,2
32,P,S,-0.4204,0.2175,35,4
32,P,T,-0.03095,0.4791,7,4
32,P,V,-4.268,0.2001,8,2
32,P,W,-1.992,0.507,13,2
32,P,Y,-1.857,0.07425,8,2
33,E,*,-9.476,0.275,15.75,4
33,E,-,-0.9379,0.001556,3,2
33,E,A,-0.273,0.05756,11,2
33,E,C,-0.6325,0.0007778,9,2
33,E,D,-0.1578,0.2764,5.5,4
33,E,E,0,0,,4
33,E,F,-0.8075,0.4518,8,2
33,E,G,-0.1656,0.9185,8,4
33,E,H,-0.1495,1.086,9,2
33,E,I,-0.02738,0.004426,6,2
33,E,K,-0.4022,0.4548,10.5,4
33,E,L,-0.05765,0.1285,8,2
33,E,M,0.5108,0.04709,12,2
33,E,N,0.09393,0.0414,8,2
33,E,P,-1.104,0.03253,11,2
33,E,Q,-0.8935,0.3472,7,2
33,E,R,-0.05245,0.6014,9,2
33,E,S,-0.1788,0.03069,10,2
33,E,T,-0.03665,0.2324,6,2
33,E,V,0.1868,0.1172,16,2
33,E,W,-0.7723,0.04674,12,2
33,E,Y,0.1833,0.04335,11,2
34,K,-,0.2801,0.01421,3,2
34,K,A,0.2692,0.09673,7,2
34,K,C,0.4662,0.3009,16,2
34,K,D,0.8747,0.117,6,2
34,K,E,-1.208,1.251,6.5,4
34,K,F,-0.0148,0.255,9,2
34,K,G,-0.6642,0.08096,10,2
34,K,H,-0.9612,0.0425,11,2
34,K,I,-0.1853,0.01676,20,2
34,K,K,0,0,,4
34,K,L,0.2296,0.4268,6,2
34,K,M,-0.08386,0.06468,7.5,2
34,K,N,0.01051,0.09426,8,2
34,K,P,0.7846,0.2283,8,2
34,K,Q,0.1733,0.1197,12,2
34,K,R,0.2516,0.05558,9,2
34,K,S,-0.0621,0.2762,9,2
34,K,T,-0.07722,0.01026,10,2
34,K,V,-0.02506,0.07933,13,2
34,K,W,0.6255,0.1618,5,2
34,K,Y,0.0354,0.4111,8,2
35,T,*,-9.567,0.4059,12,2
35,T,-,0.4969,0.01796,3,2
35,T,A,-0.08449,0.1506,7,2
35,T,C,-0.5927,0.1461,7,2
35,T,D,-2.195,0.1867,9,2
35,T,E,-6.253,1.861,6,2
35,T,F,-9.345,0.5056,7,2
35,T,G,-3.157,0.4207,1,2
35,T,H,-4.387,0.2213,12,2
35,T,I,-0.2946,0.4108,10.5,4
35,T,K,-8.524,1.764,8,2
35,T,L,-1.571,0.1683,9,2
35,T,M,-1.921,0.3755,7,2
35,T,N,-2.021,0.0891,7,2
35,T,P,-8.724,2.463,6,4
35,T,Q,-6.515,2.454,10,2
35,T,R,-5.697,0.6265,7,2
35,T,S,-1.649,0.5797,2.5,4
35,T,T,0,0,,4
35,T,V,-1.913,0.01485,15,2
35,T,W,-7.619,0.8231,13,2
35,T,Y,-2.001,0.4893,9,2
36,L,-,-2.881,0.006364,3,2
36,L,A,-3.26,0.2326,11,2
36,L,C,-1.758,0.4709,9,2
36,L,D,-9.3,0.007778,7,2
36,L,E,-5.778,0.3606,4,2
36,L,F,-3.511,0.3642,13,2
36,L,G,-9.361,0.07,8,2
36,L,H,-9.012,0.495,6,2
36,L,I,-0.7758,0.1115,11,2
36,L,K,-6.441,0.536,7,2
36,L,L,0,0,,4
36,L,M,-1.385,0.6462,6.5,4
36,L,N,-6.473,0.3231,6,2
36,L,P,-8.753,0.5848,6,2
36,L,Q,-5.712,0.001414,11,2
36,L,R,-4.989,2.137,6.25,4
36,L,S,-4.298,0.2362,7,2
36,L,T,-4.296,0.3811,6,2
36,L,V,-4.844,2.635,2.5,4
36,L,W,-5.424,0.09334,6,2
36,L,Y,-5.369,0.1294,12,2
37,R,*,-8.713,0.7474,10,2
37,R,-,-2.584,0.007071,3,2
37,R,A,0.1638,0.01075,8.5,2
37,R,C,-0.3715,0.07729,9,2
37,R,D,-0.375,0.04115,7,2
37,R,E,0.1294,1.052,7,2
37,R,F,0.1477,0.1924,11,2
37,R,G,-1.47,0.1704,10,2
37,R,H,-0.7835,1.279,8,2
37,R,I,-0.4308,0.1248,6,2
37,R,K,0.4584,0.07071,8,2
37,R,L,-0.06953,0.3391,10.5,4
37,R,M,-0.00185,0.6389,8,2
37,R,N,-1.239,0.02546,9,2
37,R,P,-1.523,0.6121,5.5,4
37,R,Q,-0.5523,1.153,9,4
37,R,R,0,0,,4
37,R,S,0.2272,0.02376,10,2
37,R,T,-0.2434,0.01937,8,2
37,R,V,-0.835,0.2168,14,2
37,R,W,-0.1599,0.3022,47.25,4
37,R,Y,-0.6246,0.4443,7,2
38,M,-,0.4264,0.01676,3,2
38,M,A,-1.536,0.4561,11,2
38,M,C,-2.244,0.3387,9,2
38,M,D,-1.757,0.35,9,2
38,M,E,-1.312,0.326,4,2
38,M,F,-1.422,0.193,12,2
38,M,G,-2.538,0.03111,9,2
38,M,H,-4.649,2.046,2,2
38,M,I,-0.4202,0.4445,29.5,4
38,M,K,-2.88,1.472,6,4
38,M,L,0.09235,1.265,5,2
38,M,M,0,0,,4
38,M,N,-0.9093,0.6953,4,2
38,M,P,-9.073,0.08839,13,2
38,M,Q,-1.718,0.1216,1,2
38,M,R,-2.158,3.525,1.5,4
38,M,S,-2.419,0.1867,5,2
38,M,T,0.3557,0.1845,2.5,4
38,M,V,-0.3794,0.3834,5,4
38,M,W,-1.567,0.1725,9,2
38,M,Y,-1.361,0.1223,11,2
39,L,*,-9.021,0.5381,7,2
39,L,-,-5.319,0.2772,4,2
39,L,A,-0.8135,0.08393,11,2
39,L,C,-0.8262,0.05742,10,2
39,L,D,-1.417,0.1393,7,2
39,L,E,-4.548,0.3663,9,2
39,L,F,-0.5937,0.1522,11,2
39,L,G,-1.958,0.04313,8,2
39,L,H,-4.553,0.00495,8,2
39,L,I,-0.2106,0.02934,11,2
39,L,K,-9.311,0.2065,13,2
39,L,L,0,0,,4
39,L,M,-0.05975,0.6376,8,4
39,L,N,-0.7361,0.04865,3,2
39,L,P,-9.354,1.959,11.5,4
39,L,Q,-2.791,0.2188,7.5,4
39,L,R,-9.396,0.08415,12,2
39,L,S,-0.8799,0.09044,9,2
39,L,T,-1.227,0.3974,6,2
39,L,V,-0.2121,0.5963,5,4
39,L,W,-3.979,0.873,4,4
39,L,Y,-6.297,3.77,4,2
40,E,*,-9.188,1.303,6,4
40,E,-,-3.305,0.3012,4,2
40,E,A,-1.333,0.06081,7,2
40,E,C,-1.05,0.05303,10,2
40,E,D,-2.192,0.2821,11,2
40,E,E,0,0,,4
40,E,F,-3.998,0.1393,12,2
40,E,G,-1.593,1.706,5.5,4
40,E,H,-3.449,0.2284,9,2
40,E,I,-4.334,0.355,9,2
40,E,K,-8.53,0.5871,40.75,4
40,E,L,-7.414,0.56,14,2
40,E,M,0.1348,0.3397,7,2
40,E,N,-5.271,0.6873,11,2
40,E,P,-9.47,0.2814,16,2
40,E,Q,-0.5266,0.8493,7.5,4
40,E,R,-9.16,0.2638,12,2
40,E,S,-1.139,0.1407,8,2
40,E,T,-1.874,0.6223,8,2
40,E,V,-1.585,1.93,9,4
40,E,W,-6.018,1.648,12,2
40,E,Y,-4.745,0.2758,19,2
41,D,*,-9.316,0.2086,8,2
41,D,-,-0.6865,0.1827,3,2
41,D,A,-0.2811,0.1737,8,2
41,D,C,-0.8233,0.1457,12,2
41,D,D,0,0,,4
41,D,E,-0.08775,0.6265,6,4
41,D,F,-0.704,0.02715,7,2
41,D,G,-0.05689,0.7114,5.5,4
41,D,H,-0.7215,1.38,7,2
41,D,I,-0.1634,0.2272,15,2
41,D,K,0.06255,0.4335,8,2
41,D,L,-0.323,0.06392,5,2
41,D,M,0.0364,0.1906,10,2
41,D,N,-0.5917,0.1662,30,4
41,D,P,-2.716,0.7538,9,2
41,D,Q,0.3527,0.09327,4,2
41,D,R,-0.2396,0.02496,10,2
41,D,S,0.383,0.6482,4,2
41,D,T,-0.0849,0.3923,12,2
41,D,V,-1.066,0.1362,10,2
41,D,W,-0.5438,0.165,9,2
41,D,Y,-0.481,0.334,5.5,4
42,N,-,-6.745,2.575,5,2
42,N,A,-1.142,0.5229,9,2
42,N,C,-1.442,0.2341,9,2
42,N,D,-3.159,0.6675,9,2
42,N,E,-2.265,0.1881,5,2
42,N,F,-2.026,0.05586,11,2
42,N,G,-2.979,0.3578,6,2
42,N,H,-0.8388,0.09511,8,2
42,N,I,-3.021,0.9923,6.5,4
42,N,K,-2.092,2.829,7.5,4
42,N,L,-1.35,0.1216,6,2
42,N,M,-2.952,0.7679,11,2
42,N,N,0,0,,4
42,N,P,-9.325,0.4582,7.5,2
42,N,Q,-1.445,0.4016,8,2
42,N,R,-3.316,0.2341,12,2
42,N,S,-1.237,2.413,5.5,4
42,N,T,-1.675,0.006364,13,2
42,N,V,-1.789,0.08202,14,2
42,N,W,-3.801,0.391,8,2
42,N,Y,-5.076,1.657,10,2
43,V,-,0.1496,0.0996,3,2
43,V,A,0.36,0.2711,7,2
43,V,C,-0.2869,0.07389,8,2
43,V,D,-1.222,0.07354,12.5,2
43,V,E,-0.09625,0.3147,7,2
43,V,F,-0.3014,0.1633,10,2
43,V,G,-0.4834,0.2481,11,2
43,V,H,-0.7823,0.1051,4,2
43,V,I,0.5008,0.1162,12,2
43,V,K,-0.751,0.07814,10,2
43,V,L,0.05829,0.1467,11.75,4
43,V,M,-0.7389,0.3757,10,4
43,V,N,-0.1653,0.07057,8,2
43,V,P,-3.964,0.1683,8,2
43,V,Q,-0.755,0.3081,8,2
43,V,R,-0.1731,0.06017,11,2
43,V,S,-0.2953,0.1396,9,2
43,V,T,-2.909,2.278,6,2
43,V,V,0,0,,4
43,V,W,0.3787,0.1785,4,2
43,V,Y,-0.3174,0.1696,8,2
44,M,-,-0.02271,0.002383,2,2
44,M,A,-0.8065,0.01619,22,2
44,M,C,0.3112,0.01966,8,2
44,M,D,-0.1618,0.05805,16,2
44,M,E,0.8189,0.2161,8,2
44,M,F,-0.03815,0.2955,8,2
44,M,G,0.0575,0.2539,11,2
44,M,H,-0.1584,0.1215,8,2
44,M,I,-0.4936,0.1683,14.5,4
44,M,K,-1.191,2.09,3,4
44,M,L,-0.0856,0.08117,6,2
44,M,M,0,0,,4
44,M,N,-0.4498,0.2901,8,2
44,M,P,-0.3367,0.2839,10,2
44,M,Q,0.1907,0.7565,6,2
44,M,R,0.1566,0.1424,6,4
44,M,S,-0.6175,0.4274,5,2
44,M,T,-1.079,0.4396,5,4
44,M,V,-0.4034,0.218,9.75,4
44,M,W,0.1586,0.2944,11,2
44,M,Y,-0.04894,0.1654,13,2
45,S,-,-0.3216,0.003182,2,2
45,S,A,-0.6622,0.1821,4,2
45,S,C,-0.02075,0.7239,6,4
45,S,D,-0.5935,0.03967,11,2
45,S,E,0.282,0.4155,5,2
45,S,F,-0.03721,0.06488,17,2
45,S,G,0.1247,0.3009,20.75,4
45,S,H,0.1338,0.02192,10,2
45,S,I,-0.3359,0.366,10.5,4
45,S,K,-0.7643,0.2309,3,2
45,S,L,0.2639,0.7813,6,2
45,S,M,-0.1008,1.082,6,2
45,S,N,-0.09894,0.08508,13.5,4
45,S,P,-2.6,0.5558,15,2
45,S,Q,1.023,0.131,9,2
45,S,R,0.3545,0.8736,5.5,4
45,S,S,0,0,,4
45,S,T,0.5804,0.4214,4,2
45,S,V,-0.4057,0.0379,14,2
45,S,W,0.3547,0.8838,6,2
45,S,Y,-0.8764,0.3474,2,2
46,P,A,0.3659,0.1117,9,2
46,P,C,-0.7167,0.009899,5,2
46,P,D,0.9696,0.2608,4,2
46,P,E,0.2862,0.3323,8,2
46,P,F,0.04314,0.1923,15,2
46,P,G,0.1115,0.28,2,2
46,P,H,0.3829,0.4287,9.5,4
46,P,I,-1.915,0.1987,4,2
46,P,K,0.2817,0.03818,5,2
46,P,L,-0.6673,0.4493,11,4
46,P,M,-0.04417,0.1386,8,2
46,P,N,0.4839,0.05028,5,2
46,P,P,0,0,,4
46,P,Q,-0.6226,0.1876,3,2
46,P,R,-0.1704,0.1622,12,2
46,P,S,-0.5787,0.468,4.5,4
46,P,T,0.05217,0.1803,5,4
46,P,V,0.8476,0.05933,2,2
46,P,W,-1.036,0.2631,5,2
46,P,Y,0.5588,0.001768,8,2
47,G,A,-0.6179,0.06753,10,2
47,G,C,-0.5935,0.339,10.5,4
47,G,D,-0.4617,0.2793,14,4
47,G,E,-0.00115,0.2347,10,2
47,G,F,-0.6975,0.4348,8,2
47,G,G,0,0,,4
47,G,H,-0.2532,0.2369,14.5,2
47,G,I,-0.9386,0.5393,18,2
47,G,K,-0.3327,0.05226,5,2
47,G,L,-0.3711,0.1009,12,2
47,G,M,-2.186,0.2475,5,2
47,G,N,0.04662,0.09035,14,2
47,G,P,-1.555,0.1315,9,2
47,G,Q,-0.28,0.06923,11,2
47,G,R,0.09291,0.2278,3.5,4
47,G,S,-0.3813,0.2198,16,4
47,G,T,-1.138,0.1971,10,2
47,G,V,0.1314,0.1517,6,4
47,G,W,0.2542,0.2828,12,2
47,G,Y,-0.2427,0.004667,16,2
48,Y,*,-9.122,0.6186,3,4
48,Y,A,-7.063,2.645,5,2
48,Y,C,-7.205,2.565,8,2
48,Y,D,-8.78,0.7722,5,2
48,Y,E,-9.496,0.1782,12,2
48,Y,F,-1.038,0.06725,8,2
48,Y,G,-7.365,0.7403,6,2
48,Y,H,-4.673,3.268,7,4
48,Y,I,-8.778,0.8139,4,2
48,Y,K,-5.978,2.003,3,2
48,Y,L,-6.577,1.013,12,2
48,Y,M,-7.526,1.684,6,2
48,Y,N,-7.225,2.526,13.5,2
48,Y,P,-9.292,0.004243,10,2
48,Y,Q,-7.197,2.577,6,2
48,Y,R,-6.72,1.372,9,2
48,Y,S,-8.514,0.1138,13,2
48,Y,T,-7.044,0.1937,10,2
48,Y,V,-6.729,0.08132,15.5,2
48,Y,W,-2.401,0.1824,5,2
48,Y,Y,0,0,,4
49,Y,*,-8.432,0.7755,3,4
49,Y,A,-1.559,0.3069,9,2
49,Y,C,-2.974,2.025,6.75,4
49,Y,D,-0.136,0.1123,8,2
49,Y,E,-0.3577,0.9791,9,2
49,Y,G,-3.147,0.06859,5,2
49,Y,H,-1.365,1.118,6.25,4
49,Y,I,-3.518,0.5226,11,2
49,Y,K,-6.071,2.623,2,2
49,Y,L,-2.196,0.2645,14,2
49,Y,M,-2.106,0.1414,7.5,2
49,Y,N,-0.62,0.4757,12,2
49,Y,P,-4.955,0.2157,8,2
49,Y,Q,-2.452,0.8436,7,2
49,Y,R,-2.885,0.5678,10,2
49,Y,S,-2.288,0.08132,10,2
49,Y,T,-1.659,0.4929,10,2
49,Y,V,-2.39,0.1895,8,2
49,Y,W,-0.1241,0.03097,8,2
49,Y,Y,0,0,,4
50,Q,*,-9.633,0.2452,3.5,4
50,Q,A,-0.2338,0.205,12,2
50,Q,C,-0.1708,0.1261,11,2
50,Q,D,0.2153,0.5771,5,2
50,Q,E,-0.0478,0.2312,5.5,2
50,Q,F,-0.6965,0.2249,5,2
50,Q,G,-0.1743,0.02694,5,2
50,Q,H,0.01675,0.3536,5.25,4
50,Q,I,0.5024,0.2449,5,2
50,Q,K,-0.3275,0.4716,7,4
50,Q,L,-0.07913,0.3927,4.5,4
50,Q,M,0.1099,0.05278,8,2
50,Q,N,0.2227,0.297,9,2
50,Q,P,0.3731,0.03995,14,2
50,Q,Q,0,0,,4
50,Q,R,-0.2979,0.3705,9.5,4
50,Q,S,0.01192,0.01132,15,2
50,Q,T,0.2104,0.2213,10,2
50,Q,V,-0.1235,0.1034,13,2
50,Q,W,-0.2812,0.1742,7,2
50,Q,Y,0.1522,0.04363,10,2
51,L,-,0.1225,0.12,1,2
51,L,A,-1.254,0.1089,9,2
51,L,C,-2.779,0.09263,5,2
51,L,D,-6.51,1.396,8,2
51,L,E,-4.345,0.8627,9,2
51,L,F,-0.9747,0.1801,6,2
51,L,G,-2.007,0.2701,7,2
51,L,H,-3.703,0.333,7,2
51,L,I,-0.1139,0.06268,10,2
51,L,K,-4.565,0.4441,6,2
51,L,L,0,0,,4
51,L,M,-0.04178,0.9251,6,4
51,L,N,-2.327,0.3019,8,2
51,L,P,-9.006,1.34,7,4
51,L,Q,-2.772,0.1676,10,2
51,L,R,-3.834,4.799,6,4
51,L,S,-3.458,0.4016,6,2
51,L,T,-2.476,0.02404,5,2
51,L,V,-0.3622,0.1604,8,2
51,L,W,-2.175,0.2114,6,2
51,L,Y,-3.796,0.1181,7,2
52,L,A,-0.00185,0.1586,11,2
52,L,C,-0.7148,0.1412,8,2
52,L,D,-4.47,0.589,6,2
52,L,E,-0.6097,0.03444,6,2
52,L,F,-0.7141,0.1056,13,2
52,L,G,-7.306,2.886,8,2
52,L,H,-1.572,0.05798,9,2
52,L,I,0.3109,0.5599,8,2
52,L,K,-4.646,0.5607,10,2
52,L,L,0,0,,4
52,L,M,-1.196,1.56,9,4
52,L,N,-3.33,0.3868,12,2
52,L,P,-9.456,0.462,9.5,4
52,L,Q,-0.3723,0.07531,13,2
52,L,R,-9.049,1.092,10,2
52,L,S,-0.9198,0.03585,4,2
52,L,T,0.1095,0.1141,9,2
52,L,V,-0.05265,0.2279,8,2
52,L,W,-8.698,0.8987,10,2
52,L,Y,-0.5677,0.03825,5,2
53,Q,*,-9.07,0.4186,24.5,4
53,Q,-,-3.152,0.1739,1,2
53,Q,A,-0.4956,0.931,6,2
53,Q,C,-0.5066,0.1949,9,2
53,Q,D,0.0329,0.166,8,2
53,Q,E,0.244,0.1698,5.5,4
53,Q,F,-0.06886,0.04984,7,2
53,Q,G,-0.8823,0.1203,10.5,2
53,Q,H,-3.558,4.319,9.5,4
53,Q,I,-0.0407,0.1105,8,2
53,Q,K,0.5202,0.09431,2,4
53,Q,L,-0.1595,0.4413,8.75,4
53,Q,M,-0.3022,0.3401,14,2
53,Q,N,0.8636,0.01534,4,2
53,Q,P,-0.4925,0.397,7,4
53,Q,Q,0,0,,4
53,Q,R,-0.4465,0.03849,16.5,4
53,Q,S,0.5671,0.03012,10,2
53,Q,T,0.01555,0.135,15,2
53,Q,V,0.5389,0.4134,10,2
53,Q,W,0.07638,0.04598,10,2
53,Q,Y,-0.377,0.0601,12,2
54,A,-,-1.894,0.1435,1,2
54,A,A,0,0,,4
54,A,C,-0.9757,0.02008,5,2
54,A,D,-0.472,0.9068,10.25,4
54,A,E,0.1335,0.3472,4,2
54,A,F,-1.129,0.6534,4,2
54,A,G,-0.04162,0.02611,10,2
54,A,H,-0.9911,0.1102,8,2
54,A,I,-1.031,0.02899,5,2
54,A,K,-0.3653,0.379,7,2
54,A,L,-0.5474,0.1039,7,2
54,A,M,-0.1346,0.004172,11,2
54,A,N,-0.3739,0.2811,5,2
54,A,P,-1.404,0.2178,6,2
54,A,Q,-1.01,0.1619,8,2
54,A,R,-0.7349,0.08231,9,2
54,A,S,0.1561,0.4199,8,4
54,A,T,-0.05253,0.3916,9,4
54,A,V,0.02546,0.2722,9.75,4
54,A,W,-0.9688,0.04554,15,2
54,A,Y,-0.5918,0.1979,11,2
55,S,-,-2.276,0.1541,1,2
55,S,A,-0.1834,0.2495,12,2
55,S,C,-0.0292,0.4237,9,2
55,S,D,-2.157,0.07071,3,2
55,S,E,-0.5479,0.3893,5,2
55,S,F,-0.1767,0.1405,5,4
55,S,G,-0.2698,0.07071,11,2
55,S,H,-0.5172,0.2379,1,2
55,S,I,-0.8827,0.1032,5,2
55,S,K,-6.423,0.5218,7,2
55,S,L,-0.772,0.3875,3,2
55,S,M,-0.7977,0.02284,5,2
55,S,N,-7.308,2.533,6,2
55,S,P,-9.33,0.2611,8,4
55,S,Q,-1.885,0.1202,15,2
55,S,R,-8.609,0.3154,2,2
55,S,S,0,0,,4
55,S,T,0.3669,0.4511,2.5,4
55,S,V,0.08229,0.225,6,2
55,S,W,-4.665,0.8719,7,2
55,S,Y,-3.026,0.4462,6.5,4
56,L,-,0.8955,0.04617,1,2
56,L,A,-2.565,0.1923,7,2
56,L,C,-2.038,0.1534,7,2
56,L,D,-8.53,0.5636,8,2
56,L,E,-4.52,0.2758,10,2
56,L,F,-0.3107,0.1083,7,2
56,L,G,-4.566,0.7057,8,2
56,L,H,-3.296,0.2807,6,2
56,L,I,-0.06902,0.05187,2,2
56,L,K,-8.367,0.1739,8,2
56,L,L,0,0,,4
56,L,M,-0.1648,0.2796,5.5,4
56,L,N,-4.28,0.5424,10,2
56,L,P,-9.458,0.3,8,4
56,L,Q,-3.995,0.4406,6,4
56,L,R,-9.223,0.3189,12,2
56,L,S,-2.969,0.4398,9,2
56,L,T,-0.4097,0.04738,8,2
56,L,V,-0.03993,0.1881,12,2
56,L,W,-2.947,0.6958,1,2
56,L,Y,-1.276,0.3997,5,2
57,T,-,-0.6375,0.1054,1,2
57,T,A,-0.2653,0.558,5.5,4
57,T,C,-0.06072,0.07691,8,2
57,T,D,-0.2155,0.09744,7,2
57,T,E,-0.4497,0.4508,7,2
57,T,F,0.08645,0.5311,9,2
57,T,G,-0.652,0.03451,10,2
57,T,H,-0.6856,0.242,9,2
57,T,I,-0.1971,0.3485,13.75,4
57,T,K,0.2445,0.1134,5,4
57,T,L,-0.00519,0.05353,11,2
57,T,M,0.4359,0.1814,8,2
57,T,N,-0.3012,0.07149,11,2
57,T,P,-1.185,0.1655,4,2
57,T,Q,-0.1038,0.1124,7,2
57,T,R,-0.166,0.2435,15,2
57,T,S,0.8973,0.05134,6,2
57,T,T,0,0,,4
57,T,V,-0.25,0.7509,9,2
57,T,W,-0.03604,0.02,9,2
57,T,Y,-0.4863,0.3288,11,2
58,C,*,-9.119,0.3912,1.5,4
58,C,-,-2.659,0.1633,1,2
58,C,A,-0.941,0.03408,5,2
58,C,C,0,0,,4
58,C,D,-1.295,0.04384,10,2
58,C,E,-0.8594,0.3332,7,2
58,C,F,-2.643,1.998,10,4
58,C,G,-1.279,0.5164,11,2
58,C,I,-0.9546,0.03627,6,2
58,C,K,-1.71,0.001414,13,2
58,C,L,-1.582,0.2333,9,2
58,C,M,-1.058,0.2799,7,2
58,C,N,-1.545,0.07849,8,2
58,C,P,-1.324,0.002828,10,2
58,C,Q,-3.482,0.8683,12,2
58,C,R,-3.557,3.362,6.5,4
58,C,S,-0.2261,0.4755,3.25,4
58,C,T,-0.499,0.6305,7,2
58,C,V,-1.149,0.2625,9,2
58,C,W,-3.393,0.3401,7,2
58,C,Y,-2.001,0.2202,21.5,4
59,S,-,-2.497,0.1598,1,2
59,S,A,0.6522,0.1906,6,2
59,S,C,-2.018,1.199,4.5,4
59,S,D,0.719,0.2343,6,2
59,S,E,0.1161,0.008556,6,2
59,S,F,0.05143,0.02357,9,2
59,S,G,-0.0494,0.1193,11.5,4
59,S,H,0.4064,0.07545,10,2
59,S,I,0.1578,0.3517,10.5,4
59,S,K,0.04955,0.2621,7,2
59,S,L,0.05715,0.5484,8,2
59,S,M,0.3059,0.893,4,2
59,S,N,0.0267,0.126,11.5,4
59,S,P,-0.01084,0.03073,7,2
59,S,Q,-0.08325,0.04434,4,2
59,S,R,-0.9919,0.8141,3.5,4
59,S,S,0,0,,4
59,S,T,-0.6624,0.1217,13,2
59,S,V,-0.09938,0.05604,12,2
59,S,W,-1.144,0.4629,5,2
59,S,Y,0.7594,0.07205,1,2
60,P,A,-0.2495,0.1522,7,2
60,P,C,0.1459,1.122,4,2
60,P,D,-0.3836,0.09617,7,2
60,P,E,-0.4997,0.04879,4,2
60,P,F,0.9286,0.2819,9,2
60,P,G,-0.3064,0.1889,8,2
60,P,H,0.2346,0.3253,13.5,4
60,P,I,0.1233,0.0642,6,2
60,P,K,-0.7808,0.2461,5,2
60,P,L,-0.4163,1.817,6.5,4
60,P,M,-0.0923,0.5514,6,2
60,P,N,0.5207,0.3463,4,2
60,P,P,0,0,,4
60,P,Q,0.1811,0.1513,5,2
60,P,R,-0.3067,0.02256,6.5,2
60,P,S,0.1982,0.4953,9.5,4
60,P,T,0.5268,0.315,6,4
60,P,V,0.05491,0.1029,7,2
60,P,W,0.6447,0.07623,2,2
60,P,Y,0.09424,0.05594,7,2
61,R,*,-6.641,0.2461,1,2
61,R,A,-0.1275,0.09366,12,2
61,R,C,-1.001,0.003818,7,2
61,R,D,-0.1827,0.1287,10,2
61,R,E,-0.03485,0.5137,3,2
61,R,F,-0.3485,0.2359,12,2
61,R,G,0.394,0.2837,7,4
61,R,H,-0.2511,0.1745,12,2
61,R,I,0.3756,0.1247,6.5,4
61,R,K,-0.1275,0.9396,7.5,4
61,R,L,0.2703,0.2156,8,2
61,R,M,0.1067,0.3991,2,2
61,R,N,-0.1009,0.2502,3,2
61,R,P,0.4641,0.05049,11,2
61,R,Q,0.6776,0.5393,5,2
61,R,R,0,0,,4
61,R,S,-0.3964,0.2449,9,2
61,R,T,0.6618,0.08139,3.5,4
61,R,V,0.5553,0.3799,5,2
61,R,W,-0.4881,0.6273,4,2
61,R,Y,0.2777,0.2385,8,2
62,R,-,0.3785,0.0186,1,2
62,R,A,-2.908,0.2652,7,2
62,R,C,-2.734,0.1004,7,2
62,R,D,-6.131,2.32,6,2
62,R,E,-4.12,0.2008,13,2
62,R,F,-2.095,0.2135,11,2
62,R,G,-0.0476,0.6445,2,2
62,R,H,-2.947,0.1478,10,2
62,R,I,0.2487,0.08004,8,2
62,R,K,0.05721,0.009023,10,2
62,R,L,0.08665,0.4039,8,4
62,R,M,-1.333,0.1223,5,2
62,R,N,-3.332,0.07778,4,2
62,R,P,-1.688,0.1294,8,2
62,R,Q,-2.297,0.9692,14.5,4
62,R,R,0,0,,4
62,R,S,-3.321,0.3585,5,2
62,R,T,-2.135,0.08273,3,2
62,R,V,1.174,0.03536,7,2
62,R,W,-2.117,0.8074,13.5,4
62,R,Y,-2.08,0.3825,10,2
63,Q,*,-8.809,0.9632,9,4
63,Q,-,-1.097,0.002828,1,2
63,Q,A,-0.3255,0.1836,8,2
63,Q,C,-0.651,0.1452,15,2
63,Q,D,0.195,0.6803,8,2
63,Q,E,-1.298,1.505,3.5,4
63,Q,F,0.1993,0.02609,7,2
63,Q,G,0.1272,0.4318,13,2
63,Q,H,0.3804,0.3915,8.25,4
63,Q,I,0.3417,0.08931,6,2
63,Q,K,-1.026,0.6367,7,2
63,Q,L,0.0622,0.472,3,4
63,Q,M,-0.2759,0.2072,9,2
63,Q,N,-0.255,0.01605,11,2
63,Q,P,-1.364,0.6848,2,2
63,Q,Q,0,0,,4
63,Q,R,0.2276,0.4013,11,2
63,Q,S,0.0681,0.615,8,2
63,Q,T,1.171,0.03748,5,2
63,Q,V,0.1619,0.05834,4,2
63,Q,W,-0.1037,0.06539,8,2
63,Q,Y,-0.9054,0.2244,6,2
64,R,-,0.2829,0.01718,1,2
64,R,A,0.2206,0.06633,6,2
64,R,C,0.1234,0.02814,4,2
64,R,D,-2.053,0.1004,5,2
64,R,E,-0.05,1.543,3,2
64,R,F,-0.4345,0.1217,5,2
64,R,G,-1.097,0.1061,8,2
64,R,H,-0.3016,0.2275,8,2
64,R,I,0.03721,0.1242,6,2
64,R,K,-0.5227,0.1051,7,2
64,R,L,0.6069,0.4127,7,4
64,R,M,0.1589,0.8583,6,2
64,R,N,-0.7508,0.3319,6,2
64,R,P,-0.07974,0.2015,4,2
64,R,Q,0.05718,0.1477,17.25,4
64,R,R,0,0,,4
64,R,S,1.051,0.02758,4,2
64,R,T,0.1492,0.02065,6,2
64,R,V,-1.394,0.3493,7,2
64,R,W,-0.0673,0.6085,17.75,4
64,R,Y,0.09078,0.1226,15,2
65,R,*,-4.175,6.951,2,2
65,R,-,-1.332,0.002121,1,2
65,R,A,-2.921,0.6675,6,2
65,R,C,-7.029,3.128,9,2
65,R,D,-4.774,0.5063,7,2
65,R,E,-4.573,0.3762,10,2
65,R,F,-3.553,0.7976,11,2
65,R,G,-5.634,0.3709,14,4
65,R,H,-3.965,0.7913,7,2
65,R,I,-3.04,0.594,6,4
65,R,K,-1.138,0.6813,15,4
65,R,L,-3.478,0.2256,10,2
65,R,M,-0.7799,0.1031,13,2
65,R,N,-2.67,0.594,11,2
65,R,P,-8.06,2.69,11,2
65,R,Q,-2.724,1.44,5,2
65,R,R,0,0,,4
65,R,S,-1.519,1.316,9.5,4
65,R,T,-2.864,0.21,14,2
65,R,V,-3.841,0.02899,12,2
65,R,W,-2.7,0.1916,18,2
65,R,Y,-3.899,2.638,5,4
66,S,-,-0.3722,0.3519,2,2
66,S,A,0.214,0.4003,5,4
66,S,C,-1.5,0.6329,7,2
66,S,D,-0.3236,0.1228,7,2
66,S,E,-0.56,0.24,10,2
66,S,F,-0.03422,0.1463,4,4
66,S,G,-0.3683,0.2953,8,2
66,S,H,-0.5149,0.3831,3,2
66,S,I,-3.646,0.8316,13,2
66,S,K,-8.896,0.3917,10,2
66,S,L,-3.268,0.2659,13,2
66,S,M,-0.9116,0.1505,5,2
66,S,N,-0.5394,0.3108,10,2
66,S,P,-9.271,3.976,5,4
66,S,Q,-3.126,0.5685,3,2
66,S,R,-4.157,0.5148,18,2
66,S,S,0,0,,4
66,S,T,-0.1864,0.4743,2.5,4
66,S,V,-2.689,1.283,3,2
66,S,W,-1.036,0.2741,8,2
66,S,Y,-0.1657,0.8079,6.75,4
67,I,-,-0.1797,0.312,2,2
67,I,A,1.141,0.03182,6,2
67,I,C,-1.305,0.2044,10,2
67,I,D,-1.065,0.883,5,2
67,I,E,0.02052,0.08291,10,2
67,I,F,-0.3454,0.1124,14,2
67,I,G,-0.716,1.114,4,2
67,I,H,0.3859,0.02645,10,2
67,I,I,0,0,,4
67,I,K,-2.787,1.135,5,2
67,I,L,-0.2456,0.02906,11,2
67,I,M,0.292,2.049,3.5,4
67,I,N,0.3663,0.0215,6,2
67,I,P,0.1114,0.3166,9,2
67,I,Q,-0.1876,0.157,7,2
67,I,R,-3.021,0.04101,10,2
67,I,S,0.1623,0.006152,11,2
67,I,T,0.6861,0.4378,3,2
67,I,V,-0.2886,0.06406,7,2
67,I,W,-0.7977,0.06774,5,2
67,I,Y,-0.06662,0.08144,5,2
68,K,*,-1.026,0.2129,2,2
68,K,-,-1.574,0.5565,2,2
68,K,A,0.08605,0.347,14,2
68,K,C,-3.787,0.2072,9,2
68,K,D,-0.6526,0.155,8,2
68,K,E,0.265,0.1426,6,2
68,K,F,-0.1895,0.002616,5,2
68,K,G,-0.1422,0.3987,11,2
68,K,H,-0.1739,0.0145,13,2
68,K,I,-0.6782,0.06541,6,2
68,K,K,0,0,,4
68,K,L,0.1597,0.2478,5,2
68,K,M,-0.1798,0.1915,9,2
68,K,N,-2.471,2.75,9.5,4
68,K,P,-1.051,0.2659,10,2
68,K,Q,-1.942,2.618,3,4
68,K,R,0.1966,0.2633,7.5,4
68,K,S,0.05702,0.008485,10,2
68,K,T,-0.3061,0.3601,7.5,4
68,K,V,0.2235,0.05105,10,2
68,K,W,-0.4775,0.2622,6,2
68,K,Y,-1.875,0.9998,6,2
69,D,-,-1.689,0.572,2,2
69,D,A,-1.141,0.04808,12,2
69,D,C,-2.434,0.1075,14,2
69,D,D,0,0,,4
69,D,E,0.0443,0.1418,9,2
69,D,F,-1.417,0.157,13,2
69,D,G,-1.69,0.1895,10,2
69,D,H,-1.577,0.2482,9,2
69,D,I,-1.611,0.3585,11,2
69,D,K,-3.322,0.2369,6,2
69,D,L,-0.7187,0.2297,4,2
69,D,M,-2.377,0.3514,9,2
69,D,N,-0.6601,0.8119,12,4
69,D,P,-3.474,0.1527,12,2
69,D,Q,-0.6421,0.02616,5,2
69,D,R,-3.935,0.2666,8,2
69,D,S,-1.51,0.2044,6,2
69,D,T,-1.188,0.3863,12,2
69,D,V,-1.803,0.3939,7,2
69,D,W,-1.425,0.1124,11,2
69,D,Y,-0.9854,0.4619,6.5,4
70,N,-,-2.981,0.6972,2,2
70,N,A,0.204,0.06166,10,2
70,N,C,-2.798,0.1817,7,2
70,N,D,-0.2071,2.791,4.75,4
70,N,E,-0.2025,0.5537,8,2
70,N,F,0.03345,0.1043,9,2
70,N,G,-1.284,0.2468,7,2
70,N,H,0.4744,0.2592,5,4
70,N,I,-0.0056,0.2826,14,2
70,N,K,-2.479,0.4766,3.75,4
70,N,L,0.3409,0.08754,11,2
70,N,M,0.001975,0.1395,7,2
70,N,N,0,0,,4
70,N,P,0.3767,0.05664,11,2
70,N,Q,0.5091,0.04405,16,2
70,N,R,-0.2715,0.2519,4,2
70,N,S,0.1214,0.2946,11,2
70,N,T,-0.1675,0.2869,14,2
70,N,V,0.02375,0.3321,8,2
70,N,W,0.7434,0.08393,3,2
70,N,Y,0.2774,0.4591,6,2
71,F,*,-5.088,0.03182,1,2
71,F,-,0.7204,0.1049,1,2
71,F,A,-2.92,0.5515,6,2
71,F,C,-3.953,1.134,12,2
71,F,D,-4.457,0.3472,8,2
71,F,E,-3.003,0.4858,7,2
71,F,F,0,0,,4
71,F,G,-3.681,0.7432,7,2
71,F,H,-2.759,0.1619,8,2
71,F,I,-0.0822,0.7799,6,4
71,F,K,-7.058,1.728,5,2
71,F,L,-0.6543,0.4226,5.5,4
71,F,M,-1.21,0.4804,3,2
71,F,N,-3.494,0.0007071,7,2
71,F,P,-1.932,0.009899,11,2
71,F,Q,-3.98,0.3726,7,2
71,F,R,-7.15,2.639,7,2
71,F,S,-2.591,2.363,4.5,4
71,F,T,-2.082,0.09122,11,2
71,F,V,-2.869,0.3924,2,2
71,F,W,0.5693,0.2246,5,2
71,F,Y,0.6868,0.05989,6,2
72,N,-,0.6395,0.1267,1,2
72,N,A,-0.1994,0.03069,8,2
72,N,C,-2.593,0.2715,10,2
72,N,D,0.376,0.2888,3,4
72,N,E,0.7644,0.1304,9,2
72,N,F,-1.462,0.1952,8,2
72,N,G,-1.656,0.157,7,2
72,N,H,-0.09043,1.269,3,4
72,N,I,-0.7373,0.4083,8,2
72,N,K,-1.219,1.052,4.25,4
72,N,L,-0.1244,0.001909,9,2
72,N,M,-0.5346,0.009829,4,2
72,N,N,0,0,,4
72,N,P,-9.303,0.1846,4,2
72,N,Q,-0.6203,0.3914,10,2
72,N,R,-3.279,0.531,6,2
72,N,S,-0.3215,0.5062,4,4
72,N,T,-0.6683,1.464,6,4
72,N,V,-1.582,0.3359,9,2
72,N,W,-0.7392,0.296,13,2
72,N,Y,-1.459,0.7903,4,2
73,V,*,-6.413,2.046,1,2
73,V,-,0.0326,0.2785,1,2
73,V,A,-0.1412,0.2083,4,4
73,V,C,-3.255,0.1655,7,2
73,V,D,-0.8691,0.3195,9,2
73,V,E,0.551,0.3799,10,2
73,V,F,-2.306,0.02687,13,2
73,V,G,-3.554,0.9412,6,2
73,V,H,-0.8463,0.4945,3,2
73,V,I,-0.8439,1.403,8,2
73,V,K,-3.332,0.5119,7,2
73,V,L,-1.412,0.9852,12.5,4
73,V,M,-0.5052,0.2943,14,4
73,V,N,-3.232,0.5339,10,2
73,V,P,0.3637,0.06208,8,2
73,V,Q,0.2554,0.0956,7,2
73,V,R,-8.331,1.211,5,2
73,V,S,-2.149,0.1082,5,2
73,V,T,-2.277,0.5657,5,2
73,V,V,0,0,,4
73,V,W,-4.592,0.05162,9,2
73,V,Y,-1.678,0.3833,4,2
74,Y,*,-6.701,2.451,2,4
74,Y,-,-1.07,0.1012,1,2
74,Y,A,-1.17,0.2206,1,2
74,Y,C,-6.237,4.09,10.25,4
74,Y,D,-9.763,0.04384,9,2
74,Y,E,-7.261,2.811,4,2
74,Y,F,-2.63,0.7502,2,2
74,Y,G,-9.009,0.3627,12,2
74,Y,H,-7.946,1.103,10.75,4
74,Y,I,-9.012,0.8231,12,2
74,Y,K,-8.425,1.286,10,2
74,Y,L,-3.665,0.03182,8,2
74,Y,M,-4.596,0.5876,9,2
74,Y,N,-6.676,3.08,5.5,4
74,Y,P,-9.529,0.1888,9,2
74,Y,Q,-9.387,0.5211,5,2
74,Y,R,-9.46,0.0792,7,2
74,Y,S,-9.329,0.06718,10,2
74,Y,T,-9.287,0.215,4,2
74,Y,V,-8.992,0.3472,12,2
74,Y,W,-0.1888,0.07319,11,2
74,Y,Y,0,0,,4
75,K,*,-5.422,4.58,2,4
75,K,-,-1.643,0.1209,1,2
75,K,A,-1.546,0.06859,11,2
75,K,C,-8.971,0.2143,8,2
75,K,D,-9.236,0.2227,7,2
75,K,E,-4.804,1.034,8,4
75,K,F,-9.072,0.2793,8,2
75,K,G,-8.762,0.4137,11,2
75,K,H,-3.795,0.5353,14,2
75,K,I,-5.416,0.4228,9,2
75,K,K,0,0,,4
75,K,L,-7.484,2.492,11,2
75,K,M,-4.368,2.162,13.5,4
75,K,N,-5.359,1.615,19.5,4
75,K,P,-9.274,0.05445,15,2
75,K,Q,-2.631,0.2348,4,2
75,K,R,-0.8113,0.8673,19.5,4
75,K,S,-2.12,0.1195,8,2
75,K,T,-5.249,0.6934,8.5,4
75,K,V,-3.95,0.07142,11.5,2
75,K,W,-9.588,0.4009,13,2
75,K,Y,-9.243,0.09758,9,2
76,A,-,0.2383,0.3906,1,4
76,A,A,0,0,,4
76,A,C,0.3008,0.1862,4,2
76,A,D,-5.345,4.761,6,4
76,A,E,-5.248,0.6406,5,2
76,A,F,-0.4686,0.1268,6,2
76,A,G,-0.7408,0.6155,5,2
76,A,H,-3.771,0.2341,2,2
76,A,I,-1.525,0.2899,6,2
76,A,K,-9.509,0.2044,5,2
76,A,L,0.0107,0.264,6,2
76,A,M,-0.4981,0.07849,10,2
76,A,N,-4.827,0.01273,6,2
76,A,P,-2.534,3.928,4,4
76,A,Q,-3.624,0.6534,4,2
76,A,R,-8.47,1.24,9,2
76,A,S,0.04515,0.3615,9,4
76,A,T,-0.1559,0.1144,14,4
76,A,V,-0.03047,0.4884,8.25,4
76,A,W,-7.696,1.5,11,2
76,A,Y,-2.439,0.1428,5,2
77,I,-,-0.6421,0.8834,1,4
77,I,A,-6.928,0.5523,7,2
77,I,C,-5.72,0.5141,7,2
77,I,D,-8.243,0.1513,8.5,2
77,I,E,-9.293,0.3373,5,2
77,I,F,-3.529,0.7255,4,2
77,I,G,-9.28,0.1704,5,2
77,I,H,-8.457,0.804,8,2
77,I,I,0,0,,4
77,I,K,-9.525,0.2461,10,2
77,I,L,0.4386,0.5422,8,2
77,I,M,-0.3512,0.3514,3,2
77,I,N,-9.829,0.1747,6,2
77,I,P,-9.396,0.09263,15,2
77,I,Q,-8.866,0.1549,2,2
77,I,R,-8.956,0.08697,9,2
77,I,S,-3.373,0.4801,8,2
77,I,T,0.5152,0.7247,7,4
77,I,V,-1.121,0.279,5,2
77,I,W,-8.59,1.681,4.5,2
77,I,Y,-2.922,0.6993,4,2
78,R,*,-5.965,1.785,1,2
78,R,-,-1.183,4.394,2,4
78,R,A,-1.466,1.41,4,2
78,R,C,-3.127,0.7234,6,2
78,R,D,-1.562,0.1245,7,2
78,R,E,-3.124,0.4646,10,2
78,R,F,-0.5185,0.2572,3,2
78,R,G,-2.601,2.129,13,4
78,R,H,-0.5709,0.04808,7,2
78,R,I,-4.98,0.6712,9.5,4
78,R,K,-1.02,0.681,9,4
78,R,L,-0.5902,0.001414,9,2
78,R,M,-0.1763,0.03196,9,2
78,R,N,-0.2871,0.03677,13,2
78,R,P,-8.965,0.5042,8,2
78,R,Q,-1.941,0.4158,5,2
78,R,R,0,0,,4
78,R,S,-0.1559,0.6272,4,2
78,R,T,-0.4306,0.8012,6,2
78,R,V,-2.505,0.2341,7,2
78,R,W,-5.109,0.3486,5,2
78,R,Y,-1.327,0.3479,7,2
79,P,*,-8.941,0.1711,1,2
79,P,-,-1.319,1.696,1.5,4
79,P,A,-4.967,2.531,5,4
79,P,C,-7.724,2.343,3,2
79,P,D,-9.432,0.4469,5,2
79,P,E,-9.616,0.4349,5,2
79,P,F,-9.698,0.2022,5,2
79,P,G,-8.732,0.8224,4,2
79,P,H,-9.021,0.4252,6,4
79,P,I,-9.508,0.1435,6,2
79,P,K,-9.351,0.03111,6,2
79,P,L,-9.229,0.6273,8.5,4
79,P,M,-9.566,0.1478,8,2
79,P,N,-9.375,0.3118,9,2
79,P,P,0,0,,4
79,P,Q,-9.357,0.2001,9,2
79,P,R,-9.629,0.2234,9,2
79,P,S,-5.88,5.03,6.5,4
79,P,T,-9.071,0.5431,9,2
79,P,V,-9.116,0.7205,4.5,2
79,P,W,-9.369,0.1485,6,2
79,P,Y,-8.857,0.7651,9,2
80,Y,*,-9.372,0.2696,4,4
80,Y,-,-1.844,1.346,1,4
80,Y,A,-8.965,0.2765,6,2
80,Y,C,-8.868,3.92,2.5,4
80,Y,D,-8.998,0.2263,12,2
80,Y,E,-9.432,0.1937,8,2
80,Y,F,-8.384,0.3076,9,2
80,Y,G,-8.881,0.01344,6,2
80,Y,H,-9.084,0.5409,8.5,4
80,Y,I,-9.85,0.1612,7,2
80,Y,K,-7.849,1.525,10,2
80,Y,L,-6.791,0.9256,6,2
80,Y,M,-9.161,0.6237,10,2
80,Y,N,-7.296,0.4886,5,2
80,Y,P,-9.534,0.4978,4,2
80,Y,Q,-9.481,0.1174,8,2
80,Y,R,-9.175,0.5678,4,2
80,Y,S,-7.779,0.6767,3,2
80,Y,T,-9.545,0.1782,6,2
80,Y,V,-8.063,1.615,15,2
80,Y,W,-9.453,0.4575,12,2
80,Y,Y,0,0,,4
81,L,-,0.4848,0.09136,1,2
81,L,A,-2.14,0.2694,5,2
81,L,C,-0.6792,0.5597,6,2
81,L,D,-5.652,1.922,7,2
81,L,E,-2.697,0.565,5,2
81,L,F,-0.8819,0.1741,5,2
81,L,G,-5.125,0.05798,7.5,2
81,L,H,0.7889,0.04476,9,2
81,L,I,0.8261,0.009546,7,2
81,L,K,-1.672,0.05233,12,2
81,L,L,0,0,,4
81,L,M,-0.09619,0.2476,7.5,4
81,L,N,-0.9338,0.8997,10,2
81,L,P,-9.347,5.231,5,4
81,L,Q,-0.644,0.6862,3.5,4
81,L,R,-0.5575,0.9816,4.5,4
81,L,S,-2.303,0.2659,5,2
81,L,T,-0.066,0.3121,3,2
81,L,V,-0.4403,0.5917,5,4
81,L,W,-4.34,0.7771,5,2
81,L,Y,-0.3679,0.2337,6,2
82,A,-,-0.07315,1.074,1,2
82,A,A,0,0,,4
82,A,C,-6.663,1.822,11,2
82,A,D,-8.561,3.786,7.5,4
82,A,E,-8.35,1.24,4,2
82,A,F,-9.043,0.1853,11,2
82,A,G,-0.8039,0.1461,12,2
82,A,H,-8.249,1.742,4,2
82,A,I,-9.427,0.2284,6,2
82,A,K,-9.378,0.4391,10,2
82,A,L,-9.016,0.01556,12,2
82,A,M,-9.558,0.01273,7,2
82,A,N,-9.666,0.3217,5,2
82,A,P,-9.191,0.002121,16,2
82,A,Q,-8.94,0.0891,12,2
82,A,R,-9.337,0.2093,8,2
82,A,S,-9.047,0.7367,6,4
82,A,T,-4.585,0.305,50,4
82,A,V,-8.375,0.2024,6,4
82,A,W,-8.861,0.9115,7,2
82,A,Y,-9.166,0.8026,11,2
83,H,-,0.5486,0.1779,1,2
83,H,A,0.2185,0.1159,4,2
83,H,C,-0.3008,0.2776,7,2
83,H,D,-0.3967,0.157,8,2
83,H,E,0.5426,0.08768,1,2
83,H,F,-0.4854,0.05636,7,2
83,H,G,0.2574,0.01994,8,2
83,H,H,0,0,,4
83,H,I,0.8824,0.2144,6,2
83,H,K,-0.7077,0.4699,6,2
83,H,L,1.064,0.1743,11,2
83,H,M,1.156,0.04525,12,2
83,H,N,0.5395,0.221,10.5,4
83,H,P,0.4898,0.002192,7,2
83,H,Q,0.4782,0.3975,10,4
83,H,R,-0.6194,0.1586,8,2
83,H,S,1.068,0.08485,9,2
83,H,T,0.8433,0.2315,8,2
83,H,V,0.9188,0.245,12,2
83,H,W,-2.594,0.2376,6,2
83,H,Y,-0.0988,0.4067,7,4
84,C,*,-6.738,0.2234,5,2
84,C,-,-4.081,2.877,2,2
84,C,A,-9.36,0.362,7,2
84,C,C,0,0,,4
84,C,D,-8.984,0.02404,12,2
84,C,E,-9.607,0.1336,4,2
84,C,F,-9.64,0.6325,10.5,4
84,C,G,-9.408,0.3748,12,2
84,C,H,-9.309,0.1414,9,2
84,C,I,-9.325,0.3811,6,2
84,C,K,-9.181,0.3536,6,2
84,C,L,-8.31,0.8853,3,2
84,C,M,-9.337,0.007071,10,2
84,C,N,-8.756,0.7616,8,2
84,C,P,-9.273,0.0495,4,2
84,C,Q,-9.498,0.2461,7,2
84,C,R,-6.228,3.222,8.5,4
84,C,S,-9.393,0.1082,10,2
84,C,T,-9.509,0.1131,9,2
84,C,V,-9.282,0.2998,6,2
84,C,W,-9.625,0.2086,13,2
84,C,Y,-8.421,1.277,15.5,4
85,P,-,-3.814,2.119,3,2
85,P,A,-1.38,0.6756,10,2
85,P,C,-8.052,1.493,7,2
85,P,D,-6.314,1.8,5,2
85,P,E,-3.742,0.04808,14,2
85,P,F,-4.207,0.2234,9,2
85,P,G,-1.898,1.569,5,2
85,P,H,-8.651,1.344,9.75,4
85,P,I,-5.846,1.158,4,2
85,P,K,-7.075,0.1534,7,2
85,P,L,-7.961,2.001,5,4
85,P,M,-6.777,2.393,10,2
85,P,N,-2.782,0.5388,4,2
85,P,P,0,0,,4
85,P,Q,-2.06,0.01414,6,2
85,P,R,-6.028,1.792,6,2
85,P,S,-0.272,0.6808,4.75,4
85,P,T,-3.886,1.719,4,4
85,P,V,-4.189,0.589,6,2
85,P,W,-2.575,0.333,10,2
85,P,Y,-6.087,1.118,8,2
86,D,-,-2.306,4.183,2,2
86,D,A,-0.655,0.08959,7,2
86,D,C,-4.367,1.472,7,2
86,D,D,0,0,,4
86,D,E,0.1501,0.9568,5,4
86,D,F,-3.256,0.3005,6,2
86,D,G,-6.099,3.543,6.5,4
86,D,H,-0.4312,0.1481,11,2
86,D,I,-4.263,0.2079,4,2
86,D,K,-4.753,0.8407,11,2
86,D,L,-0.4934,0.2123,5,2
86,D,M,-0.2942,0.04624,9,2
86,D,N,-2.541,1.347,22,4
86,D,P,-8.999,0.0693,7,2
86,D,Q,0.2298,0.6177,5,2
86,D,R,-5.037,0.6251,5,2
86,D,S,0.1007,0.1723,3,2
86,D,T,-2.276,0.2369,5,2
86,D,V,-2.229,0.6894,6,4
86,D,W,-3.533,0.5558,6,2
86,D,Y,-2.321,0.8209,8,4
87,C,*,-5.782,2.691,1,2
87,C,-,0.4357,0.5214,1,2
87,C,A,-9.301,0.1245,6,2
87,C,C,0,0,,4
87,C,D,-9.632,0.1655,8,2
87,C,E,-8.017,2.186,4,2
87,C,F,-9.751,0.211,11,4
87,C,G,-9.559,0.4561,6,2
87,C,H,-6.835,2.278,5,2
87,C,I,-4.229,0.14,7,2
87,C,K,-9.456,0.1011,6,2
87,C,L,-9.197,0.1039,6,2
87,C,M,-9.346,0.002828,6,2
87,C,N,-9.566,0.2411,10,2
87,C,P,-9.36,0.2892,6,2
87,C,Q,-9.562,0.1471,9,2
87,C,R,-9.19,1.249,4.5,4
87,C,S,-9.357,0.4386,10,4
87,C,T,-1.163,0.1216,2,2
87,C,V,-8.691,0.6279,6,2
87,C,W,-9.235,0.4511,10,2
87,C,Y,-8.442,3.32,8.5,4
88,G,-,-5.671,0.2376,1,2
88,G,A,-0.9286,0.1363,11,2
88,G,C,-9.404,0.5432,12,4
88,G,D,-0.2856,0.625,18,4
88,G,E,0.3676,0.1573,8,2
88,G,F,-3.556,0.3691,10,2
88,G,G,0,0,,4
88,G,H,-2.149,0.4151,7,2
88,G,I,-8.094,0.3189,6,2
88,G,K,-2.724,0.07707,9,2
88,G,L,-2.267,1.314,7,2
88,G,M,-3.221,1.009,5,2
88,G,N,0.2259,0.0973,12,2
88,G,P,-9.465,0.454,7,2
88,G,Q,-1.105,0.3545,6,2
88,G,R,-2.534,0.9553,7,2
88,G,S,-0.467,0.2046,12,4
88,G,T,-2.048,0.4794,9,2
88,G,V,-4.638,1.441,6,4
88,G,W,-3.192,0.5749,13,2
88,G,Y,-2.989,0.2348,8,2
89,E,*,-9.619,0.3605,8.5,4
89,E,A,0.2466,0.1105,9,2
89,E,C,-1.022,0.4348,6,2
89,E,D,0.2156,0.365,8,4
89,E,E,0,0,,4
89,E,F,0.7414,0.2499,8,2
89,E,G,-0.2657,0.03309,10,2
89,E,H,0.8891,0.126,6,2
89,E,I,0.4447,0.3984,7,2
89,E,K,-0.376,0.2514,17,4
89,E,L,0.3327,0.262,9,2
89,E,M,0.6566,0.06003,6,2
89,E,N,0.2722,0.09864,7,2
89,E,P,0.0051,1.049,8,2
89,E,R,-0.5479,0.2305,12,2
89,E,S,0.2348,0.1253,13,2
89,E,T,0.08707,0.1416,10,2
89,E,V,0.693,0.1048,14,2
89,E,W,-0.2945,0.5592,4,2
89,E,Y,0.6117,0.00297,6,2
90,G,A,-0.4984,0.07481,5,2
90,G,C,-4.812,4.498,10.5,4
90,G,D,-0.4494,0.656,21,4
90,G,E,-1.407,0.03748,8,2
90,G,F,0.4804,0.0128,5,2
90,G,G,0,0,,4
90,G,H,-1.563,0.454,8,2
90,G,I,-1.688,0.02616,8,2
90,G,K,-3.324,0.2638,3,2
90,G,L,-1.245,0.1881,5,2
90,G,M,-0.1879,0.05968,7,2
90,G,N,0.5971,0.2181,6,2
90,G,P,-9.864,0.169,10,2
90,G,Q,-0.8615,0.21,12,2
90,G,R,-2.349,0.07425,9,2
90,G,S,-0.5652,0.1212,12,2
90,G,T,-1.711,0.02616,11,2
90,G,V,-2.745,0.5413,7.5,4
90,G,W,0.8299,0.2816,6,2
90,G,Y,0.7728,0.09249,11,2
91,H,-,-1.021,1.331,1,2
91,H,A,-0.4787,0.352,6,2
91,H,C,0.2117,0.2183,1,2
91,H,D,-0.6282,0.1695,6,2
91,H,E,-1.53,0.4236,9,2
91,H,F,-0.2214,0.02418,10,2
91,H,G,-0.1081,0.5436,11,2
91,H,H,0,0,,4
91,H,I,-1.693,0.5855,8,2
91,H,K,0.01625,0.9675,4,2
91,H,L,-1.044,0.1929,8,2
91,H,M,-0.4224,0.05176,5,2
91,H,N,-0.002302,0.1291,6,4
91,H,P,-3.53,0.2178,10,2
91,H,Q,-1.611,1.72,3.5,4
91,H,R,0.2516,0.1177,8,2
91,H,S,-0.5061,0.1215,7,2
91,H,T,0.08894,0.01947,8,2
91,H,V,-2.11,0.1952,9,2
91,H,W,-0.993,0.3365,8,2
91,H,Y,0.1321,0.6123,9.5,4
92,S,A,-0.079,0.05416,14,2
92,S,C,-2.824,0.1789,6,2
92,S,D,-0.7217,0.4487,7,2
92,S,E,0.7994,0.2026,7.5,2
92,S,F,-1.624,0.4002,9,2
92,S,G,0.7397,0.02001,7,2
92,S,H,-1.286,0.2517,8,2
92,S,I,-1.807,0.3288,5,2
92,S,K,-2.208,0.7672,2,2
92,S,L,-2.631,0.2072,5,2
92,S,M,-0.6375,0.01047,4,2
92,S,N,-0.4256,0.2162,6,2
92,S,P,0.1114,0.3981,4.5,4
92,S,Q,-0.7564,0.171,4,2
92,S,R,-4.434,1.022,10,2
92,S,S,0,0,,4
92,S,T,-0.5837,0.1238,4,2
92,S,V,-2.782,0.3267,5,2
92,S,W,-3.419,0.3889,12,2
92,S,Y,-4.295,1.387,8,4
93,C,*,-6.317,1.731,1.5,4
93,C,A,-9.239,0.2482,3,2
93,C,C,0,0,,4
93,C,D,-6.225,2.781,5,2
93,C,E,-8.425,1.282,5,2
93,C,F,-7.851,3.209,9,4
93,C,G,-6.032,5.213,4,4
93,C,H,-9.317,0.2135,6,2
93,C,I,-8.853,0.4723,6,2
93,C,K,-9.326,0.5162,4,2
93,C,L,-9.591,0.28,9,2
93,C,M,-9.03,0.07071,14,2
93,C,N,1.104,0.02828,4,2
93,C,P,-9.394,0.2291,11,2
93,C,Q,-8.345,0.1577,4,2
93,C,R,-8.485,0.8803,8,4
93,C,S,-9.154,1.15,4,4
93,C,T,-9.319,0.3684,8,2
93,C,V,-9.514,0.3599,12,2
93,C,W,-9.48,0.03111,11,2
93,C,Y,-8.697,0.7022,8.5,4
94,H,A,-3.889,0.6562,3,2
94,H,C,-6.884,1.16,9,2
94,H,D,-0.6412,0.8721,2.5,4
94,H,E,-6.918,2.785,5,2
94,H,F,0.857,0.09709,7,2
94,H,G,-5.454,0.1054,10,2
94,H,H,0,0,,4
94,H,I,-1.634,0.2135,9,2
94,H,K,-9.46,0.3352,8,2
94,H,L,-7.23,1.411,12,2
94,H,M,-4.924,0.01131,9,2
94,H,N,-2.978,0.5139,8,4
94,H,P,-2.7,0.09829,12,2
94,H,Q,-2.462,1.782,8,4
94,H,R,-5.571,0.4087,8,2
94,H,S,-3.024,0.02333,7,2
94,H,T,-3.378,0.9779,5,2
94,H,V,-2.463,0.2072,8,2
94,H,W,-1.611,0.1577,7,2
94,H,Y,-0.8317,0.3223,7,4
95,S,A,-8.379,3.132,4.5,4
95,S,C,-6.271,1.437,6,2
95,S,D,-8.166,1.579,5,2
95,S,E,-9.482,0.1435,7,2
95,S,F,-8.251,1.902,8,4
95,S,G,-9.255,0.2291,3,2
95,S,H,-9.381,0.1329,6,2
95,S,I,-9.712,0.1146,5,2
95,S,K,-9.177,0.239,10.5,2
95,S,L,-9.457,0.2213,7,2
95,S,M,-8.388,0.3437,4,2
95,S,N,-6.833,0.3627,8,2
95,S,P,-9.123,0.1486,8.5,4
95,S,Q,-9.401,0.02828,8,2
95,S,R,-8.578,0.9603,8,2
95,S,S,0,0,,4
95,S,T,-0.1149,1.205,6.5,4
95,S,V,-9.291,0.1266,5,2
95,S,W,-9.399,0.6463,8,2
95,S,Y,-4.407,3.004,6,4
96,P,A,0.4854,0.0961,3,2
96,P,C,-7.314,0.7566,5,2
96,P,D,-9.158,0.4936,6,2
96,P,E,-9.213,0.1605,5,2
96,P,F,-8.358,1.223,8,2
96,P,G,-5.286,1.469,7,2
96,P,H,-6.354,1.53,6.5,4
96,P,I,-9.424,0.297,8,2
96,P,K,-3.696,0.4179,8,2
96,P,L,-9.305,1.39,7.75,4
96,P,M,-1.952,0.3373,8,2
96,P,N,-3.564,0.263,10,2
96,P,P,0,0,,4
96,P,Q,-5.119,0.05798,6,2
96,P,R,-1.857,3.363,5.5,4
96,P,S,-0.4719,0.5548,6.5,4
96,P,T,-4.108,0.7876,6.5,4
96,P,V,-4.072,0.3917,6,2
96,P,W,-9.116,0.1004,12,2
96,P,Y,-9.427,0.08697,6,2
97,V,A,-0.9831,1.138,4,4
97,V,C,0.1156,0.413,3,2
97,V,D,-8.986,0.5416,9,2
97,V,E,-9.485,0.2645,11,2
97,V,F,-9.216,0.09263,10,2
97,V,G,-8.535,1.201,8,2
97,V,H,-9.559,0.08556,13,2
97,V,I,0.04193,0.05854,9,2
97,V,K,-9.321,0.2531,7,2
97,V,L,-9.297,1.041,8.5,4
97,V,M,-3.08,0.4028,11.5,4
97,V,N,-8.752,1.26,9,2
97,V,P,-9.256,0.1775,6,2
97,V,Q,-9.835,0.186,8,2
97,V,R,-8.587,0.7771,8,2
97,V,S,-2.915,0.3366,5,2
97,V,T,0.6907,0.518,6,2
97,V,V,0,0,,4
97,V,W,-9.315,0.3125,10,2
97,V,Y,-9.027,0.1626,10,2
98,A,-,-0.9167,0.07142,1,2
98,A,A,0,0,,4
98,A,C,-7.266,1.797,6,2
98,A,D,-9.119,0.6841,10,4
98,A,E,-9.171,0.2694,9,2
98,A,F,-9.399,0.0297,7,2
98,A,G,-2.936,3.599,2.5,4
98,A,H,-8.631,0.6449,8,2
98,A,I,-7.438,3.21,5,2
98,A,K,-9.504,0.3677,12,2
98,A,L,-9.659,0.1633,4,2
98,A,M,-9.393,0.2567,4,2
98,A,N,-8.313,1.164,2,2
98,A,P,-9.868,0.1768,11,2
98,A,Q,-9.599,0.2072,6,2
98,A,R,-9.407,0.01909,8,2
98,A,S,-0.874,0.4422,7,4
98,A,T,-5.051,2.532,18,4
98,A,V,-6.442,3.93,8,4
98,A,W,-9.46,0.1237,4,2
98,A,Y,-9.468,0.1464,5,2
99,L,-,-0.3372,0.04914,1,2
99,L,A,-8.422,0.2397,3,2
99,L,C,-9.139,0.3444,9,2
99,L,D,-7.13,1.254,6,2
99,L,E,-9.513,0.004243,11,2
99,L,F,-4.159,0.6131,3,2
99,L,G,-9.825,0.1959,9,2
99,L,H,-9.489,0.2291,11,2
99,L,I,-0.1487,0.3798,9,2
99,L,K,-7.853,0.04243,8,2
99,L,L,0,0,,4
99,L,M,-0.1377,0.5232,4.75,4
99,L,N,-7.253,1.877,7,2
99,L,P,-9.012,0.3847,15.5,4
99,L,Q,-2.286,0.5762,6.5,4
99,L,R,-9.483,0.03253,9,2
99,L,S,-9.716,0.3055,10,2
99,L,T,-2.319,0.3217,7,2
99,L,V,-0.7606,2.041,6,2
99,L,W,-9.575,0.0502,16,2
99,L,Y,-9.737,0.1329,13,2
100,E,*,-8.689,0.6256,3,4
100,E,-,-1.048,0.07608,1,2
100,E,A,-5.159,0.02828,7,2
100,E,C,-9.015,0.6597,8.5,2
100,E,D,-5.336,4.338,5,4
100,E,E,0,0,,4
100,E,F,-8.988,0.6774,7,2
100,E,G,-9.144,0.1064,11,4
100,E,H,-9.101,0.05374,10,2
100,E,I,-9.49,0.0594,6,2
100,E,K,-9.059,0.76,31,4
100,E,L,-7.066,0.3939,9,2
100,E,M,-7.098,1.836,6,2
100,E,N,-7.854,1.585,5,2
100,E,P,-9.32,0.08415,9,2
100,E,Q,-8.05,0.6201,14,2
100,E,R,-9.265,0.2079,13,2
100,E,S,-9.549,0.1414,7,2
100,E,T,-9.578,0.2086,7,2
100,E,V,-8.184,1.4,3.5,4
100,E,W,-9.104,0.2934,5.5,2
100,E,Y,-9.419,0.08132,5,2
101,R,A,0.4146,0.1074,5.5,2
101,R,C,-2.19,0.9157,6,2
101,R,D,-3.019,0.3309,7,2
101,R,E,-3.226,0.7651,9,2
101,R,F,-0.7095,0.1135,7,2
101,R,G,0.2914,0.4321,3,4
101,R,H,-0.5658,0.202,8,2
101,R,I,-0.1609,0.3567,8,2
101,R,K,-0.7798,1.013,2,2
101,R,L,-1.299,0.5513,6.5,4
101,R,M,-1.129,0.2718,3,2
101,R,N,0.5473,0.04179,9,2
101,R,P,-4.721,1.1,3,2
101,R,Q,-0.1879,0.1843,12,4
101,R,R,0,0,,4
101,R,S,0.1593,0.04731,11.5,2
101,R,T,-0.2964,0.07128,7,2
101,R,V,0.226,0.4589,8,2
101,R,W,0.4816,0.3471,15,4
101,R,Y,-1.611,0.6307,6,2
102,I,A,-5.223,1.001,8,2
102,I,C,-6.487,0.3557,9,2
102,I,D,-7.891,1.068,8,2
102,I,E,-9.416,0.2044,5,2
102,I,F,-8.648,1.073,7,4
102,I,G,-9.305,0.1351,4,2
102,I,H,-9.56,0.07425,6,2
102,I,I,0,0,,4
102,I,K,-9.325,0.2708,5,2
102,I,L,-1.971,1.513,3.5,4
102,I,M,-2.288,0.1485,6,2
102,I,N,-8.881,0.884,5.5,4
102,I,P,-9.277,0.3663,10,2
102,I,Q,-8.591,1.349,11,2
102,I,R,-9.489,0.03818,11,2
102,I,S,-8.845,0.7786,4.5,4
102,I,T,-1.556,0.9991,2,4
102,I,V,0.154,0.5532,6,2
102,I,W,-9.477,0.1068,7,2
102,I,Y,-8.077,0.6025,3,2
103,R,*,-1.373,0.66,1,2
103,R,A,-2.26,0.6039,6,2
103,R,C,-9.253,0.3041,3,2
103,R,D,-6.235,0.4879,11,2
103,R,E,-8.7,0.4165,6,2
103,R,F,0.9367,0.02404,1,2
103,R,G,-4.184,0.919,12.5,4
103,R,H,-7.131,1.185,6,2
103,R,I,-3.427,2.306,8,4
103,R,K,-2.263,0.1816,6,4
103,R,L,-2.007,0.5148,8,2
103,R,M,-0.3125,0.1861,7,2
103,R,N,-3.119,0.1881,7,2
103,R,P,-9.188,0.2135,20,2
103,R,Q,-1.551,0.4822,10,2
103,R,R,0,0,,4
103,R,S,-3.388,1.465,4,4
103,R,T,-4.494,0.06152,6.5,2
103,R,V,-3.837,0.8457,6,2
103,R,W,-2.784,0.2963,7.5,2
103,R,Y,-3.69,0.7149,5,2
104,N,A,-1.602,0.1895,9,2
104,N,C,-4.23,0.05515,12,2
104,N,D,0.3013,0.4697,6.5,2
104,N,E,-8.228,0.181,1,2
104,N,F,-8.828,0.1952,8,2
104,N,G,-1.869,0.3642,8,2
104,N,H,-3.641,0.1633,15,2
104,N,I,-7.97,1.866,10,2
104,N,K,-8.434,1.242,6.5,4
104,N,L,-8.792,1.476,13,2
104,N,M,-9.416,0.06859,7,2
104,N,N,0,0,,4
104,N,P,-9.119,0.1329,8,2
104,N,Q,-2.494,0.7234,4,2
104,N,R,-9.73,0.193,5,2
104,N,S,-1.024,1.446,2.5,4
104,N,T,-4.436,0.7729,10,2
104,N,V,-9.153,0.04313,6,2
104,N,W,-9.576,0.2489,3,2
104,N,Y,-9.337,0.07,8,2
105,E,*,-9.631,0.9088,7,4
105,E,A,-2.858,0.01273,8,2
105,E,C,-8.524,0.5827,7,2
105,E,D,-3.695,0.3663,16,4
105,E,E,0,0,,4
105,E,F,-9.461,0.355,8,2
105,E,G,-0.5325,0.315,8.5,4
105,E,H,-6.283,0.1796,10,2
105,E,I,-9.335,0.4313,7,2
105,E,K,-7.662,2.655,8.5,4
105,E,L,-9.508,0.5636,9,2
105,E,M,-7.441,1.316,8,2
105,E,N,-9.011,0.9383,7,2
105,E,P,-9.607,0.1492,7,2
105,E,Q,-1.976,2.205,3,4
105,E,R,-8.692,0.572,15.5,2
105,E,S,-0.5549,0.08096,11.5,2
105,E,T,-7.848,1.338,9,2
105,E,V,-9.04,2.512,4,4
105,E,W,-8.274,0.3422,4,2
105,E,Y,-9.841,0.1633,12,2
106,A,A,0,0,,4
106,A,C,-9.529,0.1782,5,2
106,A,D,-4.984,5.41,5,4
106,A,E,-8.854,0.1754,5,2
106,A,F,-9.639,0.1379,10,2
106,A,G,-8.989,0.3019,8,2
106,A,H,-9.393,0.003536,7,2
106,A,I,-9.131,0.2977,15,2
106,A,K,-9.413,0.2185,3,2
106,A,L,-7.433,0.355,6,2
106,A,M,-9.811,0.1351,9,2
106,A,N,-9.438,0.1916,6,2
106,A,P,-4.889,0.8605,7,2
106,A,Q,-9.398,0.03748,3,2
106,A,R,-9.286,0.1697,12,2
106,A,S,-9.638,1.354,6.5,4
106,A,T,-9.117,0.5942,13,4
106,A,V,-1.416,0.8449,12.5,4
106,A,W,-9.29,0.2015,5,2
106,A,Y,-9.447,0.01273,9,2
107,T,A,-5.175,0.9369,3,2
107,T,C,-8.428,0.7509,5,2
107,T,D,-7.937,1.835,8,2
107,T,E,-8.763,0.1061,6,2
107,T,F,-9.589,0.1853,5,2
107,T,G,-7.841,0.1591,4,2
107,T,H,-0.4919,0.9335,1,2
107,T,I,-7.251,2.319,7.5,4
107,T,K,-1.188,3.096,1.5,2
107,T,L,0.1444,0.0589,1,2
107,T,M,-3.059,0.1428,3,2
107,T,N,-4.588,4.137,3.5,4
107,T,P,-9.692,0.116,14,2
107,T,Q,-4.403,0.4695,13,2
107,T,R,-9.143,0.3924,7,2
107,T,S,-0.7395,0.004031,7,2
107,T,T,0,0,,4
107,T,V,-5.918,0.333,5,2
107,T,W,-8.451,0.5176,3,2
107,T,Y,-9.492,0.04313,10,2
108,D,A,-9.569,0.1626,9,2
108,D,C,-9.191,0.2369,10,2
108,D,D,0,0,,4
108,D,E,-8.709,1.814,5,4
108,D,F,-9.363,0.009899,5,2
108,D,G,-6.512,4.082,5.5,4
108,D,H,-9.312,0.215,12,2
108,D,I,-9.477,0.4893,9,2
108,D,K,-9.572,0.2199,6,2
108,D,L,-9.351,0.1351,9,2
108,D,M,-9.127,0.2553,9,2
108,D,N,-9.296,0.3502,24.5,4
108,D,P,-8.765,0.5911,4,2
108,D,Q,-9.536,0.2291,7,2
108,D,R,-9.329,0.5657,8,2
108,D,S,-9.613,0.1817,9,2
108,D,T,-9.443,0.3557,8,2
108,D,V,-9.175,0.5791,11,2
108,D,W,-8.119,1.614,3,2
108,D,Y,-9.083,0.3137,11,4
109,G,A,-5.264,1.907,3.5,4
109,G,C,-9.089,0.3255,10.5,4
109,G,D,-9.228,1.056,33.25,4
109,G,E,-8.88,1.056,7,2
109,G,F,-9.533,0.314,8,2
109,G,G,0,0,,4
109,G,H,-5.652,1.697,9,2
109,G,I,-8.716,0.5056,6,2
109,G,K,-9.78,0.2298,6,2
109,G,L,-5.849,0.338,5,2
109,G,M,-8.697,0.1945,11,2
109,G,N,-6.29,2.215,8,2
109,G,P,-8.825,0.4186,11,2
109,G,Q,-5.806,0.7587,5,2
109,G,R,-9.638,0.09617,6,2
109,G,S,-2.81,1.95,7.5,4
109,G,T,-5.127,0.2298,7,2
109,G,V,-8.611,0.6872,7,4
109,G,W,-6.432,0.0891,6,2
109,G,Y,-9.441,0.1209,9.5,2
110,T,A,-1.847,0.8629,4.5,4
110,T,C,-1.327,0.4066,3,2
110,T,D,-9.457,0.5183,8,2
110,T,E,-8.246,1.445,6,2
110,T,F,-9.314,0.07212,6,2
110,T,G,-0.5403,0.3077,4,2
110,T,H,-4.296,0.9207,5,2
110,T,I,-2.274,0.2535,10.5,4
110,T,K,-2.744,0.7566,7,2
110,T,L,-1.17,0.2192,6,2
110,T,M,0.09152,0.06389,8,2
110,T,N,-4.24,3.376,3.25,4
110,T,P,-9.131,0.8613,12,2
110,T,Q,-3.08,0.565,6,2
110,T,R,-9.721,0.08273,5,2
110,T,S,0.7009,0.2051,3.5,4
110,T,T,0,0,,4
110,T,V,-1.592,0.123,5,2
110,T,W,-8.651,1.401,10,2
110,T,Y,-8.902,0.6145,4,2
111,L,A,-9.239,0.1138,3,2
111,L,C,-9.534,0.1018,6,2
111,L,D,-7.785,0.5784,6,2
111,L,E,-9.437,0.21,6,2
111,L,F,-9.216,0.4533,6,2
111,L,G,-8.861,0.1068,2,2
111,L,H,-9.044,0.3111,6,2
111,L,I,-1.904,0.6732,4,2
111,L,K,-9.28,0.2277,7,2
111,L,L,0,0,,4
111,L,M,-1.798,0.9335,7.5,4
111,L,N,-9.574,0.09051,10,2
111,L,P,-9.352,0.5689,19,4
111,L,Q,-7.387,3.199,6.5,4
111,L,R,-9.341,0.02051,10,2
111,L,S,-9.687,0.08344,14,2
111,L,T,-8.556,0.5735,3,2
111,L,V,-1.538,0.1428,6,2
111,L,W,-9.454,0.2044,12,2
111,L,Y,-9.207,0.2319,5,2
112,K,*,-8.218,0.2121,1,2
112,K,A,-9.171,0.06576,7,2
112,K,C,-6.502,1.059,5,2
112,K,D,-9.351,0.145,5,2
112,K,E,-9.62,0.449,7,4
112,K,F,-5.4,0.3748,8,2
112,K,G,-9.696,0.1754,5,2
112,K,H,-0.8747,0.1082,3,2
112,K,I,-9.323,0.3323,14,2
112,K,K,0,0,,4
112,K,L,-2.944,0.449,10.5,2
112,K,M,-2.499,0.7847,3.5,4
112,K,N,-5.694,2.4,8,4
112,K,P,-9.352,0.4108,15,2
112,K,Q,-8.623,1.496,7,2
112,K,R,-6.241,3.122,6,2
112,K,S,-8.827,0.3917,9,2
112,K,T,-7.293,0.9478,3,4
112,K,V,-9.005,0.4596,9,2
112,K,W,-3.788,0.2539,8,2
112,K,Y,-9.783,0.1089,9,2
113,I,A,-9.236,0.2496,13,2
113,I,C,-9.439,0.2277,10,2
113,I,D,-9.055,0.314,6,2
113,I,E,-8.925,1.257,9,2
113,I,F,-8.514,0.3076,6,2
113,I,G,-9.001,0.2942,8,2
113,I,H,-9.774,0.186,5,2
113,I,I,0,0,,4
113,I,K,-9.736,0.1888,13,2
113,I,L,-1.095,3.197,4.5,4
113,I,M,-5.164,2.868,2,4
113,I,N,-8.395,1.31,5,2
113,I,P,-8.796,0.2447,7,2
113,I,Q,-9.424,0.01909,8,2
113,I,R,-9.622,0.1082,11,2
113,I,S,-5.534,3.156,4.25,4
113,I,T,-9.218,0.2128,5,2
113,I,V,0.0046,0.2698,14,2
113,I,W,-9.497,0.1761,5,2
113,I,Y,-8.329,1.101,6,2
114,Q,*,-8.745,0.547,7.5,4
114,Q,A,-9.096,0.3387,11.5,2
114,Q,C,-6.932,3.532,8,2
114,Q,D,-9.797,0.1789,7,2
114,Q,E,-9.633,0.1054,7,2
114,Q,F,-1.395,0.09334,12,2
114,Q,G,-8.913,0.2355,1,2
114,Q,H,-2.963,3.095,9.5,4
114,Q,I,-8.95,0.6682,12,2
114,Q,K,-9.056,0.4243,10.5,4
114,Q,L,-7.074,1.778,14,2
114,Q,M,0.6865,0.01096,5,2
114,Q,N,-9.838,0.1782,5,2
114,Q,P,-8.282,1.278,5.5,4
114,Q,Q,0,0,,4
114,Q,R,-9.327,0.5521,15.5,4
114,Q,S,-8.718,0.3854,6,2
114,Q,T,-9.479,0.003536,6,2
114,Q,V,-9.337,0.1831,9,2
114,Q,W,-9.102,0.1492,3,2
114,Q,Y,-9.261,0.3642,8,2
115,V,A,-0.994,0.8165,4,4
115,V,C,-1.084,0.245,3,2
115,V,D,-9.82,0.1945,8,2
115,V,E,-8.344,1.231,8,2
115,V,F,-8.701,0.2376,5,2
115,V,G,-6.072,4.478,4.5,4
115,V,H,-9.619,0.1881,7,2
115,V,I,-1.153,0.1506,6,2
115,V,K,-9.366,0.02121,8,2
115,V,L,-4.671,3.824,5.5,4
115,V,M,-2.743,1.297,8,4
115,V,N,-8.689,1.457,8,2
115,V,P,-9.066,0.0792,6,2
115,V,Q,-9.457,0.1888,5,2
115,V,R,-8.165,0.1909,2,2
115,V,S,-3.658,0.01273,9,2
115,V,T,-0.2028,0.08719,10,2
115,V,V,0,0,,4
115,V,W,-9.367,0.1223,8,2
115,V,Y,-9.571,0.1513,7,2
116,S,A,-1.165,1.591,1,2
116,S,C,-6.777,3.316,6,2
116,S,D,-9.487,0.2418,11,2
116,S,E,-8.946,0.1838,7,2
116,S,F,-9.178,0.4877,11,4
116,S,G,-3.777,0.3712,2,2
116,S,H,-8.057,1.82,7,2
116,S,I,-8.705,0.5487,3.5,2
116,S,K,-9.434,0.1626,6,2
116,S,L,-8.86,0.4929,9,2
116,S,M,-9.167,0.1655,5,2
116,S,N,-7.582,1.991,9,2
116,S,P,-9.509,0.7471,4,4
116,S,Q,-9.698,0.1768,7,2
116,S,R,-9.383,0.4412,4,2
116,S,S,0,0,,4
116,S,T,-1.293,0.00495,3,2
116,S,V,-1.861,0.688,5,2
116,S,Y,-9.7,0.171,5.5,4
117,L,A,-2.102,0.1937,6,2
117,L,C,-1.774,0.1393,3,2
117,L,D,-9.113,0.828,11,2
117,L,E,-9.416,0.1414,11,2
117,L,F,-6.101,0.3953,7,2
117,L,G,-9.066,0.1732,11,2
117,L,H,-7.229,0.6053,4,2
117,L,I,-1.381,0.6028,10,2
117,L,K,-0.8103,0.09065,5,2
117,L,L,0,0,,4
117,L,M,-1.463,0.1697,9,4
117,L,N,-7.46,2.464,8,2
117,L,P,-9.223,0.8024,10.5,4
117,L,Q,-4.906,5.489,4,4
117,L,R,-9.632,0.02121,8,2
117,L,S,-6.081,0.2574,5,2
117,L,T,-5.81,0.07637,2,2
117,L,V,-2.506,0.1393,5,2
117,L,W,-8.399,1.208,3,2
117,L,Y,-9.125,0.1223,7,2
118,Q,*,-9.418,0.2971,18.75,4
118,Q,A,-9.291,0.05303,13,2
118,Q,C,-9.319,0.09405,7,2
118,Q,D,-9.757,0.239,6.5,2
118,Q,E,-8.117,1.008,6.5,2
118,Q,F,-8.977,0.7163,10,2
118,Q,G,-9.762,0.1195,7,2
118,Q,H,-4.094,0.6409,11.5,4
118,Q,I,-8.64,0.2206,2,2
118,Q,K,-9.154,0.24,5.75,4
118,Q,L,-8.038,1.667,9,2
118,Q,M,-7.276,1.476,5,2
118,Q,N,-9.38,0.03748,8,2
118,Q,P,-4.183,5.024,2,4
118,Q,Q,0,0,,4
118,Q,R,-9.448,0.1094,11,4
118,Q,S,-9.271,0.06435,10,2
118,Q,T,-8.855,0.8676,7,2
118,Q,V,-9.45,0.06293,10,2
118,Q,W,-9.306,0.0792,9,2
118,Q,Y,-8.697,1.121,7,2
119,I,A,-0.5022,0.2355,8,2
119,I,C,-1.402,0.4002,6,2
119,I,D,-9.136,0.2666,6,2
119,I,E,-9.278,0.2157,7,2
119,I,F,-3.603,0.3231,6.5,2
119,I,G,-7.201,3.075,8,2
119,I,H,-9.239,0.2355,6,2
119,I,I,0,0,,4
119,I,K,-9.737,0.2277,9,2
119,I,L,-0.3532,0.4155,8,2
119,I,M,-1.48,0.1195,3,2
119,I,N,-1.247,1.62,6,4
119,I,P,-7.864,1.457,8,2
119,I,Q,-9.611,0.01414,13,2
119,I,R,-7.992,1.931,5,2
119,I,S,-1.528,0.06788,8,2
119,I,T,-1.005,1.102,6,2
119,I,V,-0.4143,0.3314,9,4
119,I,W,-9.36,0.1513,7,2
119,I,Y,-9.421,0.04172,14,2
120,G,A,-2.208,1.009,6.5,4
120,G,C,-4.344,2.1,5,4
120,G,D,-8.853,0.3832,160.5,4
120,G,E,-3.379,0.3437,8,2
120,G,F,-9.285,0.384,11,2
120,G,G,0,0,,4
120,G,H,-6.219,0.4257,3,2
120,G,I,-7.64,0.4667,6,2
120,G,K,-8.634,0.3889,7,2
120,G,L,-8.431,1.725,6,2
120,G,M,-9.553,0.1704,10,2
120,G,N,-1.033,0.1558,4,2
120,G,P,-9.11,0.519,4,2
120,G,Q,-8.521,0.2708,3,2
120,G,R,-8.69,0.9055,6.5,4
120,G,S,-3.208,0.5776,13.5,4
120,G,T,-9.03,0.3203,8,2
120,G,V,-9.305,0.9409,9,4
120,G,W,-9.274,0.1322,11,2
120,G,Y,-9.257,0.1131,8,2
121,I,-,-3.729,1.624,1,2
121,I,A,-9.483,0.2588,6,2
121,I,C,-7.605,2.454,5,2
121,I,D,-9.759,0.1916,5,2
121,I,E,-9.782,0.309,7,2
121,I,F,-0.4022,3.83,3.5,4
121,I,G,-9.309,0.4144,6,2
121,I,H,-9.675,0.3302,6,2
121,I,I,0,0,,4
121,I,K,-9.662,0.1662,5,2
121,I,L,0.1464,0.2308,7,2
121,I,M,-1.325,0.09617,11,2
121,I,N,-7.833,1.356,6,2
121,I,P,-9.501,0.1704,12,2
121,I,Q,-5.418,1.283,2,2
121,I,R,-9.07,0.454,6,2
121,I,S,-6.243,4.257,6.5,4
121,I,T,-5.192,4.037,5,4
121,I,V,-0.3851,0.1324,7,2
121,I,W,-2.107,0.152,9,2
121,I,Y,-1.85,1.33,4,2
122,K,*,-4.382,5.636,2,4
122,K,C,0.1865,0.2336,1,2
122,K,D,-0.8052,0.5881,2,2
122,K,E,-8.059,1.73,8,4
122,K,F,-8.18,1.937,7,2
122,K,G,0.6976,0.1094,1,2
122,K,H,-8.418,0.157,8,2
122,K,I,-4.431,0.6371,7,2
122,K,K,0,0,,4
122,K,L,-3.227,0.5233,2,2
122,K,M,-2.444,1.251,3.5,4
122,K,N,0.1124,0.6578,8.5,4
122,K,P,-8.793,0.2772,4,2
122,K,Q,-2.241,0.2404,7,2
122,K,R,0.8694,0.07171,5.5,4
122,K,S,-0.7944,1.016,4,2
122,K,T,0.1526,0.1962,6.5,4
122,K,V,-2.731,0.1011,3,2
122,K,W,-8.343,1.424,7,2
122,K,Y,-9.572,0.14,6,2
123,T,A,0.1841,0.3555,4,4
123,T,C,-0.3005,0.06732,5,2
123,T,D,-4.375,3.291,3,2
123,T,E,0.4792,0.3687,4,2
123,T,F,-3.474,0.659,5,2
123,T,G,0.2784,0.185,4,2
123,T,H,-0.7031,0.1848,4,2
123,T,I,-0.5779,0.2289,8.25,4
123,T,K,-3.173,0.3239,4,2
123,T,L,-1.909,0.2022,6,2
123,T,M,-1.304,0.4714,4,2
123,T,N,-1.42,0.5102,3.5,4
123,T,P,-2.372,3.963,4,4
123,T,Q,-1.463,0.623,3,2
123,T,R,-1.965,1.086,3,2
123,T,S,0.3675,0.3881,4.5,4
123,T,T,0,0,,4
123,T,V,-0.2664,0.09468,8,2
123,T,W,-1.55,0.1619,5,2
123,T,Y,-1.961,1.548,5,2
124,D,-,-0.9704,0.5156,1,2
124,D,A,-8.771,0.4964,12,2
124,D,C,-9.469,0.06152,7,2
124,D,D,0,0,,4
124,D,E,-3.824,5.147,3.5,4
124,D,F,-8.97,0.2616,9,2
124,D,G,-8.997,4.411,2.5,4
124,D,H,-3.806,4.97,2.5,4
124,D,I,-9.377,0.1478,5,2
124,D,K,-9.388,0.3988,7,2
124,D,L,-9.169,0.4893,5,2
124,D,M,-9.31,0.08839,4,2
124,D,N,-6.291,0.6577,16.75,4
124,D,P,-9.125,0.2524,11,2
124,D,Q,-7.326,1.962,5,2
124,D,R,-9.167,0.8287,8,2
124,D,S,-6.457,0.1612,3,2
124,D,T,-6.297,0.502,8,2
124,D,V,-9.275,0.0495,8,2
124,D,W,-7.091,0.2008,8,2
124,D,Y,-7.287,1.733,6,4
125,D,-,0.3222,0.2545,1,2
125,D,A,-4.232,0.2482,6,2
125,D,C,-6.487,1.958,1,2
125,D,D,0,0,,4
125,D,E,-1.493,1.383,4,4
125,D,F,-7.199,0.8047,5,2
125,D,G,-0.7593,1.767,3.5,4
125,D,H,-3.526,0.4144,11,2
125,D,I,-9.57,0.002828,3,2
125,D,K,-9.292,0.577,5,2
125,D,L,-9.308,0.1902,5,2
125,D,M,-9.317,0.1124,8,2
125,D,N,-1.346,0.856,7.5,4
125,D,P,-9.817,0.2539,9,2
125,D,Q,-7.484,2.26,5,2
125,D,R,-9.489,0.1598,6,2
125,D,S,-2.792,0.1308,8,2
125,D,T,-7.853,0.5657,6,2
125,D,V,-9.564,0.07566,5,2
125,D,W,-9.538,0.09122,6,2
125,D,Y,-9.149,0.7179,10,4
126,S,-,-0.0953,0.2155,2,2
126,S,A,-0.6742,0.3579,8,2
126,S,C,-0.6375,0.172,4.5,4
126,S,D,-1.401,0.1648,9,2
126,S,E,0.08285,1.197,4,2
126,S,F,-1.553,0.3408,8,2
126,S,G,-1.897,0.4938,8,4
126,S,H,0.0847,1.066,8,2
126,S,I,-0.6223,0.4828,14.5,4
126,S,K,-1.642,0.02404,12,2
126,S,L,-0.4048,0.2724,11,2
126,S,M,-0.001315,0.05759,8,2
126,S,N,0.1223,0.3181,15.75,4
126,S,P,-9.415,0.2249,7,2
126,S,Q,0.3543,0.9937,8,2
126,S,R,-4.236,1.312,4.5,4
126,S,S,0,0,,4
126,S,T,0.8062,0.265,4,2
126,S,V,-0.6774,0.1511,4,2
126,S,W,-7.25,0.483,3,2
126,S,Y,-3.755,0.8075,9,2
127,H,-,-3.482,0.4865,2,2
127,H,A,0.07119,0.01335,5,2
127,H,C,-0.4347,0.05119,2,2
127,H,D,-1.2,0,5,2
127,H,E,0.06665,0.2986,4,2
127,H,F,0.08729,0.01522,5,2
127,H,G,-2.58,0.367,2,2
127,H,H,0,0,,4
127,H,I,-1.993,0.6654,4,2
127,H,K,-0.3069,0.1963,8,2
127,H,L,0.5762,0.003111,14,2
127,H,M,0.415,0.3507,10,2
127,H,N,-0.4209,0.4573,11,2
127,H,P,-0.8467,0.9847,4,2
127,H,Q,-0.2741,0.3724,5.5,4
127,H,R,-0.7365,0.0891,5.5,4
127,H,S,-1.111,0.2164,4,2
127,H,T,-0.5753,1.95,6,2
127,H,V,0.1347,0.08915,6,2
127,H,W,0.208,0.1011,9,2
127,H,Y,0.4652,0.07808,8,4
128,D,-,-0.5829,0.2729,2,2
128,D,A,-5.512,0.2178,2,2
128,D,C,-5.748,0.8238,5,2
128,D,D,0,0,,4
128,D,E,-4.376,2.808,9,4
128,D,F,-8.578,0.1174,8,2
128,D,G,-7.377,2.294,5.5,4
128,D,H,-9.604,0.5282,6,2
128,D,I,-7.719,0.7785,2,2
128,D,K,-9.314,0.5127,5,2
128,D,L,-8.974,0.9058,8,2
128,D,M,-9.361,0.6739,7,2
128,D,N,-3.771,2.695,5,4
128,D,P,-9.386,0.01202,3,2
128,D,Q,-8.349,0.3366,5,2
128,D,R,-9.872,0.1959,8,2
128,D,S,-6.38,1.682,4,2
128,D,V,-7.283,1.698,11,2
128,D,W,-8.14,2.107,5,2
128,D,Y,-9.249,0.3242,9.5,4
129,W,*,-9.411,0.4175,29.75,4
129,W,-,-0.5357,0.2676,2,2
129,W,A,-0.7417,0.001273,10,2
129,W,C,0.1499,0.5886,4,4
129,W,D,-0.9317,0.04766,9,2
129,W,E,-0.9819,0.02524,7,2
129,W,F,-0.2127,0.08789,8,2
129,W,G,-0.3036,0.3229,9,2
129,W,H,-0.4759,0.3026,12,2
129,W,I,-0.1457,1.099,7,2
129,W,K,-2.117,0.2574,7,2
129,W,L,-0.5113,0.5068,6.5,4
129,W,M,0.3107,0.006152,5,2
129,W,N,0.4536,0.01259,3,2
129,W,P,-2.427,0.2107,3,2
129,W,Q,-1.09,0.1174,6,2
129,W,R,-1.319,0.7887,11,4
129,W,S,-0.8026,0.02708,9,2
129,W,T,0.169,0.1105,5,2
129,W,V,-1.506,0.5395,2,2
129,W,W,0,0,,4
129,W,Y,-0.784,0.4682,5,2
130,T,-,-0.2807,0.2381,2,2
130,T,A,0.0041,0.5035,6,4
130,T,C,-2.01,0.3507,10,2
130,T,D,-0.1967,0.09115,7,2
130,T,E,-0.3057,0.3891,8,2
130,T,F,-9.159,0.1032,4,2
130,T,G,-0.7453,0.5694,3,2
130,T,H,-4.372,0.6017,7,2
130,T,I,-8.69,1.89,6,4
130,T,K,-2.337,1.218,6.5,4
130,T,L,-6.631,3.408,6,2
130,T,M,-3.02,1.885,5,2
130,T,N,0.3975,0.2908,11,2
130,T,P,-9.483,0.3267,6,2
130,T,Q,0.1522,0.04766,6,2
130,T,R,-3.345,0.577,9,2
130,T,S,0.321,0.0577,6,2
130,T,T,0,0,,4
130,T,V,-9.089,0.215,6,2
130,T,W,0.8969,0.0333,2,2
130,T,Y,-7.503,0.9977,3,2
131,K,*,-2.371,2.528,1,2
131,K,-,0.3708,0.155,2,2
131,K,A,0.4918,0.492,8,2
131,K,C,0.03136,0.173,6,2
131,K,D,-8.427,0.7262,5,2
131,K,E,-5.569,4.162,2,4
131,K,F,-0.7407,0.4827,9,2
131,K,G,-1.341,0.04455,7,2
131,K,H,-3.495,0.1407,6,2
131,K,I,-0.2884,0.2886,9,2
131,K,K,0,0,,4
131,K,L,-3.255,0.0007071,7,2
131,K,M,-0.09233,0.3361,4.75,4
131,K,N,-1.692,0.5174,6.5,4
131,K,P,-6.253,0.4271,10,2
131,K,Q,-1.702,0.3048,7,2
131,K,R,-1.151,1.065,5,4
131,K,S,-1.957,0.06576,7,2
131,K,T,-1.044,0.335,6,2
131,K,V,-0.3121,0.05424,5,2
131,K,W,-0.8939,0.1372,6,2
131,K,Y,0.8883,0.06944,4,2
132,L,-,-0.7649,0.2927,2,2
132,L,A,-8.704,0.9164,7,2
132,L,C,-9.296,0.2185,13,2
132,L,D,-8.402,1.838,6,2
132,L,E,-9.153,0.3783,11,2
132,L,F,-7.735,2.594,8,2
132,L,G,-9.442,0.2185,4,2
132,L,H,-5.668,0.2772,2,2
132,L,I,-0.7087,0.692,5,2
132,L,K,-8.437,1.147,4,2
132,L,L,0,0,,4
132,L,M,-0.6079,0.3479,4,4
132,L,N,-8.817,0.891,4,2
132,L,P,-5.229,4.429,4,4
132,L,Q,-7.788,0.116,10,2
132,L,R,-9.5,0.3161,10,2
132,L,S,-8.962,0.3323,13,2
132,L,T,-9.415,0.0693,7,2
132,L,V,-1.752,0.0898,7,2
132,L,W,-0.2038,0.271,3,2
132,L,Y,-9.662,0.169,4,2
133,R,-,-0.1258,0.2193,2,2
133,R,A,-9.352,0.1704,8,2
133,R,C,-9.734,0.02546,7,2
133,R,D,-9.699,0.1626,4,2
133,R,E,-8.929,0.5176,5,2
133,R,F,-5.986,2.138,5,2
133,R,G,-5.354,0.03606,5,2
133,R,H,-8.527,0.4335,6,2
133,R,I,-8.558,0.2432,3,2
133,R,K,-9.153,0.6145,7,2
133,R,L,-8.706,1.483,8,4
133,R,M,-9.305,0.07778,5,2
133,R,N,-9.448,0.0891,5,2
133,R,P,-9.598,0.1789,10,2
133,R,Q,-8.239,1.163,11,4
133,R,R,0,0,,4
133,R,S,-9.391,0.3281,10,2
133,R,T,-8.341,1.737,5,2
133,R,V,-9.053,0.3833,13,2
133,R,W,-8.565,1.05,35,4
133,R,Y,-9.04,1.131,6,2
134,Y,*,-8.29,1.659,4,4
134,Y,-,-1.343,0.35,2,2
134,Y,A,-4.665,0.5183,7,2
134,Y,C,-6.781,1.378,3,4
134,Y,D,-8.466,0.9956,6,2
134,Y,E,-9.52,0.2425,4,2
134,Y,F,-3.368,0.2086,5,2
134,Y,G,-8.279,0.9489,4,2
134,Y,H,-0.02477,0.2469,4.5,4
134,Y,I,-9.564,0.2001,5,2
134,Y,K,-9.229,0.2489,4,2
134,Y,L,-9.482,0.1648,15,2
134,Y,M,-8.985,0.07071,4,2
134,Y,N,-8.95,1.286,8,2
134,Y,P,-9.557,0.2093,5,2
134,Y,Q,-9.527,0.07,5,2
134,Y,R,-8.994,0.8294,4,2
134,Y,S,-7.778,1.857,6,2
134,Y,T,-8.678,0.4228,8,2
134,Y,V,-9.375,0.1039,6,2
134,Y,W,-3.63,0.4137,4,2
134,Y,Y,0,0,,4
135,M,-,0.1469,0.2943,1,2
135,M,A,-3.023,3.979,1.5,2
135,M,C,-5.297,1.329,6,2
135,M,D,-6.213,0.8506,2,2
135,M,E,-5.834,0.4738,5,2
135,M,F,-6.29,1.128,7,2
135,M,G,-6.417,2.638,5,2
135,M,H,-8.155,1.354,4,2
135,M,I,-7.588,1.892,17.5,4
135,M,K,-3.047,4.052,5.5,4
135,M,L,-2.013,0.2857,9,2
135,M,M,0,0,,4
135,M,N,-8.869,0.1761,9,2
135,M,P,-9.483,0.0891,8,2
135,M,Q,-0.7885,0.04957,5,2
135,M,R,-4.079,3.505,3,4
135,M,S,-6.175,4.142,4,2
135,M,T,-6.811,2.521,5,4
135,M,V,-7.987,0.9836,12,2
135,M,W,-3.289,0.1047,5,2
135,M,Y,-4.369,0.2178,7,2
136,D,A,-5.043,0.2298,4,2
136,D,C,-4.624,1.131,8,2
136,D,D,0,0,,4
136,D,E,-0.6249,0.4973,11,2
136,D,F,-6.964,1.653,13,2
136,D,G,-3.46,2.936,6,4
136,D,H,-3.359,1.742,3.5,4
136,D,I,-6.788,2.805,5,2
136,D,K,-6.695,1.259,6,2
136,D,L,-3.995,0.02899,9,2
136,D,M,-4.51,0.2652,4,2
136,D,N,-3.673,0.7701,13.5,4
136,D,P,-6.151,0.507,7,2
136,D,Q,-5.663,0.09122,6,2
136,D,R,-9.357,0.553,5,2
136,D,S,-4.165,1.105,5,2
136,D,T,-5.257,0.7198,7,2
136,D,V,-4.388,0.3154,3,2
136,D,W,-5.088,0.5537,4,2
136,D,Y,-5.069,2.536,5.5,4
137,N,-,-0.7822,1.488,1,2
137,N,A,0.6127,0.01061,9,2
137,N,C,-2.284,0.7036,4,2
137,N,D,-0.9425,0.1917,8,2
137,N,E,-0.3473,0.001626,7,2
137,N,F,-0.8221,0.2483,5,2
137,N,G,1.089,0.0495,4.5,2
137,N,H,0.06779,0.03129,7,2
137,N,I,-2.677,0.3097,5,2
137,N,K,0.08222,0.2716,5,4
137,N,L,-0.6489,0.8868,3,2
137,N,M,-0.4079,0.326,4,2
137,N,N,0,0,,4
137,N,P,-5.603,0.6746,11,2
137,N,Q,0.3614,0.115,10,2
137,N,R,0.8609,0.02454,5,2
137,N,S,-0.6028,0.5137,4,4
137,N,T,-2.301,0.1513,5,2
137,N,V,-4.506,0.2447,5,2
137,N,W,-0.1236,0.0679,5,2
137,N,Y,-0.2016,0.08259,5,4
138,H,-,-0.9561,1.134,1,4
138,H,A,-2.844,0.3564,5,2
138,H,C,-9.375,0.1039,9,2
138,H,D,-9.064,0.1803,6,2
138,H,E,0.015,0.1236,3,2
138,H,F,-4.071,0.1499,8,2
138,H,G,-3.748,0.6753,6,2
138,H,H,0,0,,4
138,H,I,-3.572,0.466,10,2
138,H,K,-8.046,0.5296,5,2
138,H,L,-1.62,1.604,6,4
138,H,M,-3.71,0.4186,4,2
138,H,N,-3.473,1.695,6,4
138,H,P,-8.223,1.041,13,2
138,H,Q,-3.859,1.23,5.5,4
138,H,R,-3.734,0.7299,7.5,4
138,H,S,-2.797,0.8457,7,2
138,H,T,-2.057,0.1923,8,2
138,H,V,-4.466,0.2029,3,2
138,H,W,-2.118,0.03111,9.5,2
138,H,Y,-5.987,2.568,11.5,4
139,M,-,-4.558,1.334,1,2
139,M,A,-0.8579,0.2872,4,2
139,M,C,-0.757,0.2318,5,2
139,M,D,-0.2373,0.2221,5,2
139,M,E,-0.6686,0.1754,6,2
139,M,F,-0.02599,0.1518,6,2
139,M,G,-4.52,0.009899,9,2
139,M,H,0.04569,0.1185,12,2
139,M,I,-0.1147,0.1852,20.5,4
139,M,K,-1.11,0.3885,5,4
139,M,L,0.6813,0.06279,12,2
139,M,M,0,0,,4
139,M,N,0.3113,0.1474,8,2
139,M,Q,-0.3963,0.1577,5,2
139,M,R,-0.8966,0.3668,8,2
139,M,S,-0.456,0.7655,5,2
139,M,T,0.371,0.3714,5.5,4
139,M,V,0.3076,0.3056,5.5,4
139,M,W,0.6032,0.05777,10,2
139,M,Y,0.5887,0.07418,10,2
140,P,A,0.1336,0.03861,3,2
140,P,C,-0.6557,0.5081,8,2
140,P,D,0.3803,0.09871,1,2
140,P,E,-0.8732,0.1549,4,2
140,P,F,-2.68,0.002121,9,2
140,P,G,-1.114,0.6139,4,2
140,P,H,-3.231,1.86,3.5,4
140,P,I,-0.5098,0.03055,6,2
140,P,K,-6.556,1.805,2,2
140,P,L,-1.603,0.9172,4,4
140,P,M,0.3609,0.8468,5,2
140,P,N,-1.563,0.145,11,2
140,P,P,0,0,,4
140,P,Q,-2.061,0.0495,6,2
140,P,R,-8.692,0.9765,4,2
140,P,S,0.3423,0.1209,7.5,4
140,P,T,-1.76,1.037,6.5,4
140,P,V,-0.8303,0.2499,8,2
140,P,W,-2.815,0.9023,3,2
140,P,Y,-4.418,0.01061,5,2
141,A,-,-0.627,0.03246,2,2
141,A,A,0,0,,4
141,A,C,-1.732,0.2652,8,2
141,A,D,0.2496,0.2113,5,4
141,A,E,-0.023,0.1404,8,2
141,A,F,-0.5898,0.1173,10,2
141,A,G,0.2711,0.1616,10.5,2
141,A,H,0.03452,0.05274,2,2
141,A,I,-6.566,1.726,3,2
141,A,K,-8.491,0.2284,3,2
141,A,L,-2.199,0.2298,5,2
141,A,M,0.4599,0.6328,6,2
141,A,N,0.009485,0.03511,6,2
141,A,P,-9.253,0.5621,8,2
141,A,Q,-1.079,0.08839,10,2
141,A,R,-5.473,0.454,4,2
141,A,S,-0.5285,1.141,9.75,4
141,A,T,-2.079,0.5611,28.5,4
141,A,V,-3.024,0.676,31,4
141,A,W,-0.1124,0.3256,5,2
141,A,Y,-0.7745,0.3033,6,2
142,D,-,-0.2138,0.01089,1,2
142,D,A,-5.496,0.5883,9,2
142,D,C,-6.694,0.8627,5.5,2
142,D,D,0,0,,4
142,D,E,-1.412,1.237,4,4
142,D,F,-9.329,0.14,9,2
142,D,G,-8.084,0.9758,9.5,2
142,D,H,-3.7,0.3811,5,2
142,D,I,-5.684,2.042,3,2
142,D,K,-8.303,1.858,11,2
142,D,L,-4.832,0.3472,6,2
142,D,M,-4.433,0.9617,5,2
142,D,N,-1.572,0.7179,10.5,4
142,D,P,-6.319,0.6675,9,2
142,D,Q,-4.219,0.8669,4,2
142,D,R,-9.508,0.1464,10,2
142,D,S,-6.633,2.962,5,2
142,D,T,-5.58,0.4038,9,2
142,D,V,-6.913,0.4773,10,2
142,D,W,-9.765,0.2482,5,2
142,D,Y,-9.541,0.5538,7,4
143,A,-,-3.423,0.00495,1,2
143,A,A,0,0,,4
143,A,C,-6.697,0.1718,10,2
143,A,D,-6.195,1.313,5,4
143,A,E,-4.544,0.09617,6,2
143,A,F,-7.822,1.856,9,2
143,A,G,0.378,0.6468,7,2
143,A,H,-7.119,0.9249,6,2
143,A,I,-8.375,0.8294,6,2
143,A,K,-8.572,0.09263,6,2
143,A,L,-8.592,0.03536,7,2
143,A,M,-9.745,0.07142,6,2
143,A,N,-9.457,0.1266,9,2
143,A,P,-9.237,0.3451,4,2
143,A,Q,-8.895,0.6611,8,2
143,A,R,-9.329,0.5042,6,2
143,A,S,-1.512,0.4747,11.5,4
143,A,T,-3.309,0.2791,13,4
143,A,V,-9.177,0.6014,35.5,4
143,A,W,-8.909,0.1648,3,2
143,A,Y,-8.489,1.269,11,2
144,E,*,-9.502,0.3032,6,4
144,E,-,-1.28,1.135,1,4
144,E,A,-6.553,0.548,8,2
144,E,C,-4.244,0.4964,5,2
144,E,D,0.2427,0.4824,8,4
144,E,E,0,0,,4
144,E,F,-9.284,0.1655,12,2
144,E,G,-6.411,1.353,7.5,4
144,E,H,-8.011,1.761,6,2
144,E,I,-8.875,0.9447,5,2
144,E,K,-9.426,0.2533,15,4
144,E,L,-5.966,0.2553,11,2
144,E,M,-5.663,1.747,6,2
144,E,N,-6.53,0.4999,6,2
144,E,P,-3.919,0.3903,7,2
144,E,Q,-2.824,2.907,3.5,4
144,E,R,-8.98,0.1329,7,2
144,E,S,-8.277,0.3429,4,2
144,E,T,-8.308,1.056,8,2
144,E,V,-8.25,1.808,5.5,4
144,E,W,-7.23,0.3493,9,2
144,E,Y,-9.369,0.2722,10,2
145,R,-,-2.229,2.001,1,4
145,R,A,0.4375,0.2548,2,2
145,R,C,-1.335,1.727,5,2
145,R,D,-8.068,2.266,9,2
145,R,E,-3.231,0.6937,6,2
145,R,F,-0.13,0.4402,15,2
145,R,G,-1.247,0.6315,11.5,4
145,R,H,-3.676,1.352,8,2
145,R,I,0.4924,0.6667,7.5,2
145,R,K,0.1445,0.5665,7.75,4
145,R,L,0.2077,0.03118,16,2
145,R,M,-0.6373,0.7144,9,4
145,R,N,-2.806,0.1336,3,2
145,R,P,-9.133,0.1025,14,2
145,R,Q,-1.638,0.478,5,2
145,R,R,0,0,,4
145,R,S,0.1219,0.3826,10.5,4
145,R,T,-0.04012,0.003804,7,2
145,R,V,0.1619,0.1462,5,2
145,R,W,-4.149,0.14,8,2
145,R,Y,-0.146,0.1794,5,2
146,A,-,-0.0616,0.7922,1,4
146,A,A,0,0,,4
146,A,C,-0.1846,0.2396,6,2
146,A,D,0.3025,0.2833,4.5,4
146,A,E,0.4864,0.2158,1,2
146,A,F,-0.9622,0.04688,5,2
146,A,G,-0.8306,0.01711,7,2
146,A,H,-1.504,0.2885,4,2
146,A,I,-1.116,0.1746,6,2
146,A,K,-3.329,0.09192,7,2
146,A,L,-1.425,0.1195,6,2
146,A,M,-1.882,1.087,2,2
146,A,N,0.207,0.1414,6,2
146,A,P,-0.7759,0.8799,6,4
146,A,Q,-0.283,1.007,4,2
146,A,R,-3.439,0.2015,3,2
146,A,S,-0.04441,0.278,7,4
146,A,T,-0.04185,0.3003,22.5,4
146,A,V,-1.281,0.3191,26,4
146,A,W,-2.971,0.03111,8,2
146,A,Y,-1.505,0.4978,5,2
147,R,*,-5.629,0.8118,3,2
147,R,-,0.02845,2.135,1,4
147,R,A,-0.7353,0.2584,6,2
147,R,C,-1.028,0.229,6,2
147,R,D,0.09702,0.01992,5,2
147,R,E,0.02063,0.07287,10,2
147,R,F,0.5726,0.04603,15,2
147,R,G,0.4388,0.4961,4.5,4
147,R,H,0.5363,0.1112,8,2
147,R,I,-8.506,2.668,4.5,4
147,R,K,0.0057,0.4004,7.5,4
147,R,L,0.6954,0.08591,8,2
147,R,M,0.4352,0.166,8,2
147,R,N,0.7921,0.3958,9,2
147,R,P,0.5805,0.225,4,2
147,R,Q,-0.01425,0.3907,3,2
147,R,R,0,0,,4
147,R,S,1.179,0.0297,6,2
147,R,T,0.3676,0.08436,8,2
147,R,V,-0.7424,0.03818,5,2
147,R,W,-0.3562,0.1247,6,2
147,R,Y,0.568,0.1305,7,2
148,L,-,0.4444,0.04916,1,4
148,L,A,0.07694,0.1866,3,2
148,L,C,-7.363,1.001,4,2
148,L,D,-9.569,0.1768,7,2
148,L,E,-9.687,0.008485,13.5,2
148,L,F,0.712,0.005233,5,2
148,L,G,-9.175,0.04031,10,2
148,L,H,-7.499,2.7,8,2
148,L,I,-2.713,0.6364,5,2
148,L,K,-8.748,0.01697,3,2
148,L,L,0,0,,4
148,L,M,0.03666,0.4652,2.5,4
148,L,N,-8.995,0.2737,10,2
148,L,P,-9.011,3.222,5.5,4
148,L,Q,-9.582,2.358,6,4
148,L,R,-9.496,0.2772,15,2
148,L,S,-9.393,0.2206,8,2
148,L,T,-8.825,0.7962,4,2
148,L,V,-3.526,0.01768,3,2
148,L,W,-8.918,0.5862,7,2
148,L,Y,-8.933,0.7517,11,2
149,F,-,0.4678,0.1068,1,4
149,F,A,0.5706,0.07587,1,2
149,F,C,-1.958,1.636,4.5,4
149,F,D,-1.548,0.1987,7,2
149,F,E,-0.8317,0.2564,3,2
149,F,F,0,0,,4
149,F,G,-1.696,0.04031,5,2
149,F,H,0.3407,0.464,4,2
149,F,I,-0.0516,1.169,3,4
149,F,K,-3.369,0.2171,8,2
149,F,L,0.2489,0.183,4,4
149,F,M,-0.9118,0.1305,6,2
149,F,N,0.04171,0.1072,13,2
149,F,P,-8.484,1.001,9,2
149,F,Q,0.785,0.1481,3,2
149,F,R,-2.316,0.4773,7,2
149,F,S,-0.3541,0.1972,3.5,4
149,F,T,-0.327,0.4623,6,2
149,F,V,0.1933,0.06675,1,2
149,F,W,-0.1562,0.516,8,2
149,F,Y,-0.3564,1.098,5.5,4
150,V,-,-1.798,1.327,2,2
150,V,A,-0.2134,0.3231,3.5,4
150,V,C,-1.382,1.005,5,2
150,V,D,-9.632,0.2616,6,2
150,V,E,-8.012,0.03889,7,2
150,V,F,-9.508,0.3204,13,4
150,V,G,-9.394,0.3974,8,2
150,V,H,-9.419,0.08768,10,2
150,V,I,-0.9013,0.4086,6,4
150,V,K,-8.992,0.008485,8,2
150,V,L,-1.09,0.4895,5,2
150,V,M,-0.4176,0.3258,5,2
150,V,N,-9.538,0.1718,8,2
150,V,P,-8.845,0.3868,11,2
150,V,Q,-6.832,3.47,3,2
150,V,R,-8.207,0.7319,5,2
150,V,S,-5.507,1.779,5,2
150,V,T,-1.409,0.1725,4,2
150,V,V,0,0,,4
150,V,W,-9.713,0.1789,5,2
150,V,Y,-8.86,0.01485,7,2
151,R,*,-2.667,0.006364,1,2
151,R,-,-1.248,1.413,1,4
151,R,A,0.4621,0.5496,6,2
151,R,C,-2.842,1.616,5,2
151,R,D,-2.078,0.2991,11,2
151,R,E,-1.199,0.1549,5,2
151,R,F,-0.6004,0.7645,13,2
151,R,G,-1.328,0.8897,9,4
151,R,H,-0.5844,0.09716,7,2
151,R,I,-0.3381,0.655,10,4
151,R,K,-0.4318,0.365,9.5,4
151,R,L,-0.624,0.1942,7,2
151,R,M,0.2195,0.5434,7.5,2
151,R,N,-6.988,1.973,7,2
151,R,P,-9.163,0.2022,7,2
151,R,Q,0.3716,0.009263,3,2
151,R,R,0,0,,4
151,R,S,-0.4495,0.1531,10,2
151,R,T,-0.8039,0.3862,4,2
151,R,V,-0.5708,0.4748,7,2
151,R,W,-0.6252,0.1048,8,2
151,R,Y,-1.111,0.1245,10,2
152,T,-,-0.5101,1.212,1,2
152,T,A,-3.738,0.4059,8,2
152,T,C,-9.649,0.1131,8,2
152,T,D,-9.35,0.03253,8,2
152,T,E,-9.495,0.2489,9,2
152,T,F,-9.636,0.2319,18,2
152,T,G,-1.941,0.478,11,2
152,T,H,-9.657,0.1902,10,2
152,T,I,-5.516,4.601,8.5,4
152,T,K,-8.96,0.7283,13,2
152,T,L,-9.674,0.2694,9,2
152,T,M,-5.673,0.3246,4,2
152,T,N,-9.748,0.2036,5,2
152,T,P,-7.588,2.704,11,2
152,T,Q,-9.75,0.2786,8,2
152,T,R,-9.718,0.007071,11,2
152,T,S,0.1987,0.2555,2,2
152,T,T,0,0,,4
152,T,V,-9.892,0.181,10,2
152,T,W,-9.043,0.4073,8,2
152,T,Y,-9.639,0.09546,6,2
153,S,-,-0.5099,0.1212,1,2
153,S,A,0.4698,0.9378,8,2
153,S,C,-2.032,0.2772,11,2
153,S,D,0.652,0.09567,9,2
153,S,E,-0.828,0.05643,15,2
153,S,F,0.94,0.338,7,2
153,S,G,-0.05122,0.5486,5,4
153,S,H,-0.3702,0.09263,10,2
153,S,I,0.3945,0.1247,5.5,4
153,S,K,-1.204,0.03394,9,2
153,S,L,-0.06195,0.1067,6,2
153,S,M,0.2303,0.221,8,2
153,S,N,-0.06427,0.5337,8.5,4
153,S,P,-3.612,0.5537,6,2
153,S,Q,-0.1657,0.2534,5,2
153,S,R,-2.381,1.671,7.5,4
153,S,S,0,0,,4
153,S,T,-0.8964,2.896,5,4
153,S,V,-0.3947,0.001202,10,2
153,S,W,0.1229,0.08454,7,2
153,S,Y,-0.1845,0.0758,8,2
154,A,-,0.1479,0.2001,1,2
154,A,A,0,0,,4
154,A,C,0.04999,0.2023,11,2
154,A,D,-1.556,0.5211,11,2
154,A,E,-1.909,0.4434,7,2
154,A,F,0.2321,0.1754,6,2
154,A,G,0.3636,0.3064,8,2
154,A,H,-2.08,0.1994,4,2
154,A,I,-1.025,0.0297,7,2
154,A,K,-4.922,0.5127,5.5,2
154,A,L,0.1227,0.2637,7,2
154,A,M,-0.3631,0.1259,7,2
154,A,N,-0.5579,0.02008,6,2
154,A,P,-8.895,2.869,4.5,4
154,A,Q,-0.6778,0.5349,11,2
154,A,R,-3.157,0.1153,7,2
154,A,S,0.0682,0.4367,8,4
154,A,T,0.3726,0.9378,13,4
154,A,V,0.5213,0.3241,7,4
154,A,W,-0.3317,0.04405,6,2
154,A,Y,0.4593,0.03875,3,2
155,P,*,-8.503,0.009192,1,2
155,P,-,-0.6483,1.081,1,2
155,P,A,-0.4236,0.09093,14,2
155,P,C,-0.5957,0.173,6,2
155,P,D,0.2741,0.05226,10,2
155,P,E,-0.5763,0.3514,6,2
155,P,F,0.5234,0.06923,4,2
155,P,G,0.2132,0.43,3,2
155,P,H,-0.5818,0.7787,7.5,4
155,P,I,-0.2124,0.187,7,2
155,P,K,-4.014,0.833,10,2
155,P,L,0.2946,0.4213,6.5,4
155,P,M,0.4449,0.1138,8,2
155,P,N,-4.889,1.158,6,2
155,P,P,0,0,,4
155,P,Q,-0.3494,1.555,2,2
155,P,R,-2.599,1.522,3,2
155,P,S,0.00855,1.301,3,4
155,P,T,-0.3259,0.4636,8,2
155,P,V,-0.5564,0.1214,7,2
155,P,W,-0.6345,0.03818,2,2
155,P,Y,-0.03719,0.154,7,2
156,C,*,-8.103,3.477,1.5,4
156,C,-,0.4656,0.01803,1,2
156,C,A,-9.476,0.08768,6,2
156,C,C,0,0,,4
156,C,D,-9.518,0.2355,10,2
156,C,E,-9.479,0.3514,5,2
156,C,F,-8.38,3.256,9.5,4
156,C,G,-9.243,0.03677,9,2
156,C,H,-8.762,0.7396,9,2
156,C,I,-9.499,0.1202,7,2
156,C,K,-9.206,0.1252,9,2
156,C,L,-8.104,0.4462,6,2
156,C,M,-8.841,0.3168,9,2
156,C,N,-9.261,0.08061,8,2
156,C,P,-9.822,0.2171,7,2
156,C,Q,-9.526,0.01838,6,2
156,C,R,-8.317,3.832,3.5,4
156,C,S,-5.576,5.157,7.5,4
156,C,T,-8.468,1.101,8,2
156,C,V,-9.274,0.4165,7,2
156,C,W,-5.037,5.498,3.25,4
156,C,Y,-9.765,0.273,17,4
157,T,-,-4.144,3.135,2,2
157,T,A,0.6007,0.2192,5,4
157,T,C,-1.935,0.2404,7,2
157,T,D,-2.897,0.2065,8,2
157,T,E,-2.718,0.0495,4.5,2
157,T,F,0.0157,0.3684,8,2
157,T,G,-1.004,0.418,8,2
157,T,H,0.4105,0.7079,4,2
157,T,I,-0.6084,0.158,10,4
157,T,K,-1.627,0.07637,4,2
157,T,L,-1.226,0.6225,7,2
157,T,M,-0.6796,0.4466,6,2
157,T,N,-3.651,3.714,7.5,4
157,T,P,-1.335,0.3917,4,2
157,T,Q,-0.7795,0.0741,10,2
157,T,R,-2.043,0.03182,9,2
157,T,S,0.0262,0.5765,4,4
157,T,T,0,0,,4
157,T,V,0.1026,0.05169,5,2
157,T,W,-1.486,0.2779,8,2
157,T,Y,-0.5948,0.02871,10,2
158,I,-,-6.782,1.053,1,3
158,I,A,-3.595,0.1888,7,2
158,I,C,-2.413,0.3338,7,2
158,I,D,-9.43,0.06718,7,2
158,I,E,-6.476,1.22,4,2
158,I,F,-5.911,3.035,4,2
158,I,G,-8.996,0.6392,4,2
158,I,H,-6.767,2.168,9,2
158,I,I,0,0,,4
158,I,K,-6.724,1.569,6,2
158,I,L,-0.807,0.1387,11,2
158,I,M,-0.5648,0.01202,4,2
158,I,N,-5.175,4.739,3.5,4
158,I,P,-5.434,0.5233,4,2
158,I,Q,-1.387,0.2305,4,2
158,I,R,-7.095,2.989,4,2
158,I,S,-7.804,0.1167,8,2
158,I,T,-0.7017,0.7627,6.5,4
158,I,V,-0.1328,0.4117,5.75,4
158,I,W,-9.4,0.3875,10,2
158,I,Y,-6.506,0.164,10,2
159,T,*,0.8009,0.01556,1,2
159,T,-,-2.702,1.183,1,4
159,T,A,-3.757,2.767,5,4
159,T,C,-2.162,0.2616,4,2
159,T,D,-3.884,0.9475,11,2
159,T,E,-4.273,1.864,1,2
159,T,F,-0.8758,0.443,8.5,2
159,T,G,-0.561,0.01209,4,2
159,T,H,-1.296,0.04808,3,2
159,T,I,0.231,0.3754,7.5,4
159,T,K,-0.7123,0.05169,4,2
159,T,L,-0.1363,0.08162,6,2
159,T,M,-1.048,0.4679,7,2
159,T,N,-3.814,0.9243,2.5,4
159,T,P,-0.4984,0.1721,7,2
159,T,Q,-0.9437,0.3865,14,2
159,T,R,-0.3375,1.356,7,2
159,T,S,-0.904,0.05897,7,2
159,T,T,0,0,,4
159,T,V,-0.3432,0.1784,5,2
159,T,W,-2.776,0.4589,4,2
159,T,Y,0.153,0.413,8,2
160,G,-,-4.189,2.445,1,4
160,G,A,-0.3691,0.471,9,2
160,G,C,-0.6995,0.5533,6.25,4
160,G,D,-1.845,0.677,49.5,4
160,G,E,-1.698,0.6201,10,2
160,G,F,-1.991,0.3147,7,2
160,G,G,0,0,,4
160,G,H,-1.24,0.5184,5,2
160,G,I,0.4982,0.9685,3,2
160,G,K,-1.583,0.3429,7,2
160,G,L,-1.926,0.1711,11,2
160,G,M,0.3749,0.002616,8,2
160,G,N,-1.592,0.4794,13,2
160,G,P,-9.252,0.3663,8,2
160,G,Q,-0.6419,0.2953,4,2
160,G,R,-1.941,0.2581,6,2
160,G,S,-0.6133,0.2213,15,4
160,G,T,-0.7357,0.0244,6,2
160,G,V,-0.9176,1.426,6,4
160,G,W,-5.088,0.1527,14,2
160,G,Y,-1.6,0.3097,10,2
161,T,-,-0.6767,0.1644,2,2
161,T,A,-2.242,2.783,4,4
161,T,C,0.569,0.2379,2,2
161,T,D,-0.672,0.002899,9,2
161,T,E,-1.433,0.1428,5,2
161,T,F,0.5141,0.07156,2,2
161,T,G,-0.6226,0.2646,5,2
161,T,H,-5.332,2.652,5,2
161,T,I,-1.023,0.7133,7,4
161,T,K,-4.828,5.82,3,2
161,T,L,-0.7551,0.0804,5,2
161,T,M,-1.598,0.14,8,2
161,T,N,0.01305,0.7469,4.5,4
161,T,P,-9.384,0.1061,12,2
161,T,Q,-2.343,0.548,7,2
161,T,R,-9.377,0.0693,7,2
161,T,S,-0.4601,0.5697,3,2
161,T,T,0,0,,4
161,T,V,0.4518,0.2398,10,2
161,T,W,-1.456,0.2001,4,2
161,T,Y,-0.0586,0.2212,5,2
162,M,A,-0.7669,0.3048,5,2
162,M,C,-3.662,0.3168,6,2
162,M,D,-1.005,0.4432,2,2
162,M,E,-1.448,0.14,6,2
162,M,F,-1.117,0.2032,9,2
162,M,G,-7.662,1.671,6,2
162,M,H,0.2699,0.3044,7,2
162,M,I,-0.8106,0.6265,13.75,4
162,M,K,-3.149,0.635,6,2
162,M,L,-1.237,0.06223,5,2
162,M,M,0,0,,4
162,M,N,-2.85,0.6746,4,2
162,M,P,-9.745,0.1598,6,2
162,M,Q,-0.8779,0.1253,3,2
162,M,R,-2.799,0.1054,13,2
162,M,S,-0.8733,0.06951,8,2
162,M,T,-1.945,0.05728,11,2
162,M,V,-2.799,1.414,3.5,4
162,M,W,-1.021,0.3563,9,2
162,M,Y,-0.4479,0.05629,10,2
163,G,A,-1.712,0.985,6,2
163,G,C,-8.512,1.332,7.5,4
163,G,D,-9.191,0.3702,25.5,4
163,G,E,-8.792,0.4511,9,2
163,G,F,-1.01,0.8125,10,2
163,G,G,0,0,,4
163,G,H,-6.539,2.732,5,2
163,G,I,-5.253,0.3444,8,2
163,G,K,-8.973,0.7538,8,2
163,G,L,-3.557,0.02687,9,2
163,G,M,-2.697,0.2001,8,2
163,G,N,-7.742,2.454,8,2
163,G,P,-9.431,0.1287,15,2
163,G,Q,-5.641,0.8132,6,2
163,G,R,-7.837,2.347,7,2
163,G,S,-1.266,0.603,8.5,4
163,G,T,-7.593,1.422,9,2
163,G,V,-6.168,1.858,8.5,4
163,G,W,-2.714,0.03677,7,2
163,G,Y,-1.421,0.1711,2,2
164,H,A,-9.198,0.4016,11,2
164,H,C,-7.231,0.3415,8,2
164,H,D,-4.833,5.506,4.5,4
164,H,E,-9.672,0.1655,4,2
164,H,F,-6.098,0.1344,5,2
164,H,G,-8.754,0.2687,3,2
164,H,H,0,0,,4
164,H,I,-9.56,0.239,8,2
164,H,K,-9.642,0.1739,11,2
164,H,L,-9.312,0.02404,7,2
164,H,M,-9.121,0.09192,4,2
164,H,N,-9.699,0.07637,6,2
164,H,P,-7.247,0.2058,4,2
164,H,Q,-9.349,0.3943,13,4
164,H,R,-3.801,3.892,2,4
164,H,S,-8.185,1.233,7,2
164,H,T,-9.556,0.2461,7,2
164,H,V,-9.154,0.4243,8,2
164,H,W,-8.215,1.943,14,2
164,H,Y,-2.689,0.9815,6.25,4
165,F,A,-9.34,0.3373,9,2
165,F,C,-8.907,0,7,2
165,F,D,-9.231,0.4738,6,2
165,F,E,-9.514,0.169,2,2
165,F,F,0,0,,4
165,F,G,-9.364,0.06293,6,2
165,F,H,-2.505,0.05162,6,2
165,F,I,-8.687,0.2694,7,2
165,F,K,-9.282,0.5515,7,2
165,F,L,-9.133,1.222,12,4
165,F,M,-6.842,1.86,5,2
165,F,N,-9.168,0.0799,8,2
165,F,P,-8.986,0.565,9,2
165,F,Q,-9.621,0.008485,7,2
165,F,R,-8.778,0.2291,9,2
165,F,S,-9.146,0.6693,7,4
165,F,T,-9.548,0.0891,6,2
165,F,V,-5.616,4.671,4.5,4
165,F,W,0.4909,0.201,3,2
165,F,Y,-2.384,0.07442,7.5,4
166,I,A,-2.623,0.2814,6,2
166,I,C,-2.861,0.01909,9,2
166,I,D,-9.187,0.07354,5,2
166,I,E,-9.587,0.3132,7,2
166,I,F,-1.08,1.707,3.5,4
166,I,G,-9.309,0.553,6,2
166,I,H,-9.166,0.1549,5,2
166,I,I,0,0,,4
166,I,K,-7.332,1.016,4,2
166,I,L,0.7671,0.3034,6,2
166,I,M,-1.955,3.066,3.5,4
166,I,N,-6.872,2.185,3.5,4
166,I,P,-8.449,0.1372,8.5,2
166,I,Q,-8.12,1.76,7,2
166,I,R,-9.506,0.0601,13,2
166,I,S,-9.822,0.128,5,2
166,I,T,-7.922,1.749,9,2
166,I,V,-0.741,0.2321,7,2
166,I,W,-9.459,0.14,5,2
166,I,Y,-9.776,0.1245,6,2
167,L,A,-4.979,0.7651,7,2
167,L,C,-8.575,1.06,4,2
167,L,D,-8.425,1.01,7,2
167,L,E,-8.428,0.6689,6,2
167,L,F,-8.242,0.84,15,2
167,L,G,-9.235,0.1683,8,2
167,L,H,-9.645,0.2199,13,2
167,L,I,0.5976,0.3161,8,2
167,L,K,-2.558,0.1351,9,2
167,L,L,0,0,,4
167,L,M,-7.675,0.6147,4.5,4
167,L,N,-8.053,2.047,4,2
167,L,P,-9.385,0.9667,12,4
167,L,Q,-9.328,0.181,10,2
167,L,R,-4.255,0.1704,7,2
167,L,S,-8.64,1.194,6,2
167,L,T,-0.6497,0.2438,8,2
167,L,V,-0.2498,0.8833,3,2
167,L,W,-9.415,0.0396,8,2
167,L,Y,-9.02,0.8768,4,2
168,A,A,0,0,,4
168,A,C,0.3427,0.146,6,2
168,A,D,-9.194,1.19,5,4
168,A,E,-9.009,0.1683,3,2
168,A,F,-9.454,0.03253,5,2
168,A,G,-0.5774,0.003748,8,2
168,A,H,-6.857,0.9016,3,2
168,A,I,-9.458,0.01556,8,2
168,A,K,-9.506,0.215,9,2
168,A,L,-9.084,0.009899,10,2
168,A,M,-9.183,0.5841,4,2
168,A,N,-9.09,0.186,7,2
168,A,P,-5.543,5.148,6,4
168,A,Q,-9.152,0.1563,10,2
168,A,R,-8.617,1.477,6,2
168,A,S,-0.2462,0.4009,7.5,4
168,A,T,-0.541,0.3404,40.5,4
168,A,V,-0.5938,0.535,16.5,4
168,A,W,-9.68,0.2114,7,2
168,A,Y,-8.026,2.449,4,2
169,R,*,-9.188,0.1478,2,2
169,R,A,-3.035,0.9178,5,2
169,R,C,-6.127,0.886,15,2
169,R,D,-4.633,1.167,4,2
169,R,E,-5.392,1.006,6,2
169,R,F,-3.832,0.2135,9,2
169,R,G,-6.215,2.589,7,4
169,R,H,-6.739,0.7446,5,2
169,R,I,-0.9592,1.112,7.5,4
169,R,K,-0.4494,0.05279,13.5,4
169,R,L,-3.275,0.03253,2,2
169,R,M,-2.718,0.2058,9,2
169,R,N,-3.281,0.1464,16,2
169,R,P,-9.242,0.5756,9,2
169,R,Q,-5.841,1.709,4,2
169,R,R,0,0,,4
169,R,S,-2.445,1.093,4,4
169,R,T,-1.94,2.322,2,4
169,R,V,-3.247,0.6074,9,2
169,R,W,-3.828,0.4858,7,2
169,R,Y,-3.533,0.3069,8,2
170,C,*,-9.266,0.1527,3,2
170,C,-,0.2468,0.002828,1,2
170,C,A,-7.613,2.863,9,2
170,C,C,0,0,,4
170,C,D,-8.523,1.205,7,2
170,C,E,-6.465,0.3691,2,2
170,C,F,-9.474,0.2213,10.5,4
170,C,G,-9.38,0.08768,6,2
170,C,H,-9.828,0.1923,11,2
170,C,I,-9.518,0.2256,3,2
170,C,K,-4,0.915,4,2
170,C,L,-9.354,0.08415,4,2
170,C,M,-9.404,0.384,9,2
170,C,N,-8.922,0.4589,6,2
170,C,P,-8.619,0.4448,7,2
170,C,Q,-9.822,0.1761,12,2
170,C,R,-8.689,0.6115,6.75,4
170,C,S,-9.281,0.3943,5.5,4
170,C,T,-9.593,0.449,9,2
170,C,V,-9.521,0.09192,5,2
170,C,W,-9.709,0.256,7,2
170,C,Y,-8.986,0.6121,11.5,4
171,P,-,0.9448,0.02376,1,2
171,P,A,-0.6984,0.1247,8,2
171,P,C,-3.429,0.3755,6,2
171,P,D,-0.9817,0.1971,9,2
171,P,E,-1.97,0.1732,9,2
171,P,F,-0.5241,0.4278,3.5,2
171,P,G,-1.323,0.3309,5,2
171,P,H,-1.329,0.2905,5.5,4
171,P,I,-1.113,0.0792,5,2
171,P,K,-0.6824,1.284,3,2
171,P,L,-0.4267,0.8917,5,4
171,P,M,-3.94,1.508,6,2
171,P,N,0.04308,0.06523,2,2
171,P,P,0,0,,4
171,P,Q,0.2812,0.2207,5,2
171,P,R,-2.052,1.02,8,2
171,P,S,-0.136,0.5362,8.5,4
171,P,T,0.1845,0.8901,6.5,4
171,P,V,0.005947,0.01033,9,2
171,P,W,-2.877,0.4554,7,2
171,P,Y,-1.696,0.8789,4,2
172,K,*,-7.396,0.05586,1,2
172,K,-,-1.325,0.02899,1,2
172,K,A,-0.04153,0.04173,12,2
172,K,C,-0.5601,0.08004,5,2
172,K,D,-0.5433,0.1722,15,2
172,K,E,-1.59,0.7065,6.5,4
172,K,F,-0.4778,1.054,6,2
172,K,G,-0.1115,0.09251,6,2
172,K,H,0.2277,0.1537,5,2
172,K,I,0.4049,0.1896,10,2
172,K,K,0,0,,4
172,K,L,0.367,0.06887,9,2
172,K,M,-0.5303,0.002263,4,2
172,K,N,-0.2246,0.334,6,4
172,K,P,0.1048,0.3613,10,2
172,K,Q,-0.07433,0.005162,7,2
172,K,R,0.1674,0.1396,8.5,4
172,K,S,0.4646,0.777,3.5,2
172,K,T,0.05526,0.01509,10,2
172,K,V,0.5565,0.0145,16,2
172,K,W,-4.933,0.9758,5,2
172,K,Y,-0.5558,0.1298,13,2
173,G,-,-0.1935,0.008273,1,2
173,G,A,-0.8481,0.1312,9,2
173,G,C,-8.579,3.413,7.5,4
173,G,D,-7.614,1.737,8.5,4
173,G,E,-8.636,0.3967,9,2
173,G,F,-9.495,0.2609,8,2
173,G,G,0,0,,4
173,G,H,-7.024,3.434,4,2
173,G,I,-8.056,0.4752,6,2
173,G,K,-9.382,0.4257,5,2
173,G,L,-9.573,0.1846,13,2
173,G,M,-9.675,0.2531,7,2
173,G,N,-9.421,0.6272,5,2
173,G,P,-9.105,0.6421,8,2
173,G,Q,-8.998,0.5671,4,2
173,G,R,-9.081,0.4405,7,2
173,G,S,-2.401,1.79,3.5,4
173,G,T,-9.022,0.009899,4,2
173,G,V,-4.318,5.983,9,4
173,G,W,-8.12,1.516,7,2
173,G,Y,-9.841,0.2383,8,2
174,E,*,-8.918,1.37,2.5,4
174,E,-,-3.147,0.03818,1,2
174,E,A,-0.972,0.2291,9,2
174,E,C,-1.889,0.2199,8,2
174,E,D,-0.3081,0.5629,6.5,4
174,E,E,0,0,,4
174,E,F,0.31,0.08803,10,2
174,E,G,-0.3221,0.9999,3,4
174,E,H,0.3394,0.6432,10,2
174,E,I,-3.216,0.1867,4,2
174,E,K,-2.75,0.6239,16,4
174,E,L,-2.702,0.4059,7,2
174,E,M,-1.381,0.01485,5,2
174,E,N,-0.2241,0.6622,4,2
174,E,P,-1.02,1.034,5,2
174,E,Q,-0.8213,0.04723,11,2
174,E,R,-1.663,0.03323,6,2
174,E,S,-1.952,0.6215,7,2
174,E,T,-3.569,1.003,7,2
174,E,V,-0.7218,0.6792,6,2
174,E,W,1.003,0.116,5,2
174,E,Y,0.2272,0.02765,9,2
175,T,-,0.6535,0.01442,1,2
175,T,A,-0.0199,1.032,9,4
175,T,C,-0.9859,0.09914,9,2
175,T,D,-1.131,0.5664,2,2
175,T,E,-2.301,0.1846,8,2
175,T,F,-4.48,0.4632,5,2
175,T,G,-0.1546,0.2276,4,2
175,T,H,-1.421,0.1874,7,2
175,T,I,-0.6354,3.317,6,4
175,T,K,-1.279,0.338,14,2
175,T,L,-0.6383,0.1228,10,2
175,T,M,-0.5953,0.06746,4,2
175,T,N,-6.629,1.881,12,2
175,T,P,-7.612,0.77,10,2
175,T,Q,-0.3559,0.04342,9,2
175,T,R,-0.9093,0.2993,10,2
175,T,S,0.241,0.03437,8,2
175,T,T,0,0,,4
175,T,V,-1.335,0.181,7,2
175,T,W,-0.0625,0.2786,3,2
175,T,Y,-2.655,0.08485,10,2
176,L,-,0.1753,0.0008485,1,2
176,L,A,-2.621,0.1216,8,2
176,L,C,-1.55,0.09617,8,2
176,L,D,-9.423,0.1358,7,2
176,L,E,-9.468,0.3274,8,2
176,L,F,-6.787,0.04313,4,2
176,L,G,-8.998,0.04313,6,2
176,L,H,-7.468,0.3224,6,2
176,L,I,0.8004,0.01987,7,2
176,L,K,-9.354,0.3048,10.5,2
176,L,L,0,0,,4
176,L,M,0.1415,0.1322,8.5,4
176,L,N,-9.079,0.1329,6,2
176,L,P,-9.686,0.191,8.5,4
176,L,Q,-4.786,5.675,2.5,4
176,L,R,-9.348,0.1011,7,2
176,L,S,-9.477,0.1393,10,2
176,L,T,-7.34,0.659,5,2
176,L,V,-0.282,0.2918,7,2
176,L,W,-8.519,1.055,3,2
176,L,Y,-9.487,0.01273,12,2
177,T,-,-2.513,0.03818,1,2
177,T,A,-4.444,2.888,9.5,4
177,T,C,-2.05,0.1061,7,2
177,T,D,-8.498,1.729,10,2
177,T,E,-2.183,0.1584,6,2
177,T,F,-9.175,0.3762,13,2
177,T,G,-1.55,0.04031,6,2
177,T,H,-9.571,0.1626,8,2
177,T,I,-9.569,0.522,10,4
177,T,K,-1.956,0.03818,6,2
177,T,L,-8.648,0.5091,7,2
177,T,M,-1.867,0.7304,6,2
177,T,N,-7.086,1.946,3,4
177,T,P,-9.187,0.6392,7,2
177,T,Q,-4.585,1.5,4,2
177,T,R,-7.95,0.05586,4,2
177,T,S,-0.7479,0.9061,8,4
177,T,T,0,0,,4
177,T,V,-1.306,0.1054,7,2
177,T,W,-9.566,0.1732,4,2
177,T,Y,-9.365,0.1541,8,2
178,V,-,-4.17,0.03111,1,2
178,V,A,-1.313,1.349,5,4
178,V,C,-1.324,0.2461,7,2
178,V,D,-9.52,0.3656,5,2
178,V,E,-7.675,1.843,8,2
178,V,F,-8.174,0.2107,10,2
178,V,G,-9.274,0.309,5,2
178,V,H,-9.593,0.157,7,2
178,V,I,-1.722,0.1492,7,2
178,V,K,-9.412,0.3062,8,2
178,V,L,-3.084,0.5719,7,4
178,V,M,-8.245,0.7735,24,4
178,V,N,-9.47,0.2114,10,2
178,V,P,-9.882,0.181,9,2
178,V,Q,-9.633,0.309,4,2
178,V,R,-9.835,0.1803,7,2
178,V,S,-9.209,0.09475,8,2
178,V,T,-0.5254,0.05968,6,2
178,V,V,0,0,,4
178,V,W,-9.068,0.6958,5,2
178,V,Y,-9.502,0.1888,8,2
179,G,-,-1.812,0.03465,1,2
179,G,A,-2.006,0.551,6.5,4
179,G,C,-1.988,0.6406,9.5,4
179,G,D,-3.175,0.94,14,4
179,G,E,0.4021,0.4447,2,2
179,G,F,-3.838,0.2432,2,2
179,G,G,0,0,,4
179,G,H,-1.953,0.3889,6,2
179,G,I,-3.022,0.333,7,2
179,G,K,-5.624,0.7524,10,2
179,G,L,-2.367,0.1379,5,2
179,G,M,-1.249,0.3055,13,2
179,G,N,-6.841,1.585,2,2
179,G,P,-9.311,0.05303,8,2
179,G,Q,-0.5801,0.8131,10,2
179,G,R,-4.149,0.3514,4,2
179,G,S,-1.266,1.636,8.5,4
179,G,T,-0.6621,0.3936,9,2
179,G,V,-2.633,2.962,9.75,4
179,G,W,-1.878,0.1153,5,2
179,G,Y,-1.659,0.01626,6,2
180,F,-,-0.8485,0.0215,1,2
180,F,A,-8.796,0.0799,5,2
180,F,C,-9.477,0.4335,7,2
180,F,D,-8.888,1.4,9,2
180,F,E,-2.338,3.801,2,2
180,F,F,0,0,,4
180,F,G,-9,0.2086,6,2
180,F,H,-9.731,0.2984,10,2
180,F,I,-6.79,1.677,5,4
180,F,K,-8.401,1.822,3,2
180,F,L,-9.494,0.6001,9,4
180,F,M,-1.787,0.06718,7,2
180,F,N,-9.262,0.4087,3,2
180,F,P,-8.255,1.85,4,2
180,F,Q,-8.617,1.088,10,2
180,F,R,-8.753,0.05657,8,2
180,F,S,-7.633,1.711,8.5,4
180,F,T,-9.368,0.1245,9,2
180,F,V,-9.602,0.1103,6,2
180,F,W,-9.321,0.001414,4,2
180,F,Y,-2.655,1.135,4.5,4
181,T,-,-1.902,0.03465,1,2
181,T,A,-0.6751,0.7685,9.5,4
181,T,C,-0.7773,0.9626,4,2
181,T,D,0.0151,0.2519,9,2
181,T,E,-0.4359,0.2565,8,2
181,T,F,-0.7852,0.08704,6,2
181,T,G,-2.555,1.148,9,2
181,T,H,-0.9774,0.08422,13,2
181,T,I,0.2435,0.2397,12,4
181,T,K,-2.388,1.491,3.5,4
181,T,L,0.9106,0.05112,8,2
181,T,M,0.4318,0.06979,3,2
181,T,N,-1.22,0.6102,4,2
181,T,P,-8.86,1.056,9,2
181,T,Q,-0.4602,0.4276,7,2
181,T,R,-3.438,0.4363,10,2
181,T,S,-1.004,0.01266,4,2
181,T,T,0,0,,4
181,T,V,0.6599,0.4581,5,2
181,T,W,-1.155,0.08697,7,2
181,T,Y,-0.1323,0.0169,8.5,2
182,D,A,-8.512,0.1428,5,2
182,D,C,-3.242,0.6838,19,2
182,D,D,0,0,,4
182,D,E,-6.199,4.448,6,4
182,D,F,-7.697,0.9306,14,2
182,D,G,-0.6814,1.3,4,4
182,D,H,-8.349,0.9489,10,2
182,D,I,-9.466,0.5657,7,2
182,D,K,-8.591,0.4879,8,2
182,D,L,-9.375,0.02616,9,2
182,D,M,-9.433,0.02263,7,2
182,D,N,-5.958,3.885,4.5,4
182,D,P,-7.932,2.001,8,2
182,D,Q,-9.377,0.7587,5,2
182,D,R,-9.091,0.1945,7,2
182,D,S,-3.101,0.03536,7,2
182,D,T,-4.527,0.7594,7,2
182,D,V,-8.062,0.3613,7,2
182,D,W,-9.006,0.5275,7,2
182,D,Y,-9.245,0.3031,7,4
183,G,A,0.3855,0.05035,6,2
183,G,C,-0.5424,0.3466,7.5,4
183,G,D,0.05881,0.1422,42.5,4
183,G,E,0.4249,0.02927,8.5,2
183,G,F,-0.05127,0.1876,11,2
183,G,G,0,0,,4
183,G,H,-1.104,0.1188,7,2
183,G,I,0.6427,0.2215,11,2
183,G,K,-3.572,1.233,9,2
183,G,L,0.3548,0.1701,8,2
183,G,M,0.5034,0.09539,11.5,2
183,G,N,-0.8854,0.1607,8,2
183,G,P,-0.2695,0.3343,13,2
183,G,Q,-0.3117,0.6157,5,2
183,G,R,-3.803,0.4221,6,2
183,G,S,-0.03067,0.4611,6.5,4
183,G,T,-0.0878,0.02192,10,2
183,G,V,0.3711,0.2109,8.25,4
183,G,W,-0.6299,0.0606,4,2
183,G,Y,-0.2586,0.1529,8,2
184,R,*,-5.806,2.213,1,2
184,R,A,-4.188,0.9496,11,2
184,R,C,-6.153,1.134,12,2
184,R,D,-4.208,0.7587,9,2
184,R,E,-4.947,1.863,4,2
184,R,F,-4.341,0.4349,9,2
184,R,G,-4.758,3.951,5,4
184,R,H,-4.484,0.002828,11,2
184,R,I,-6.291,1.272,6.5,4
184,R,K,-3.783,2.226,9.5,4
184,R,L,-3.479,0.2192,5,2
184,R,M,-5.327,1.321,6,2
184,R,N,-4.375,0.1039,7,2
184,R,P,-5.918,0.3656,10,2
184,R,Q,-3.784,0.0198,9,2
184,R,R,0,0,,4
184,R,S,-3.78,0.1575,4.5,4
184,R,T,-5.812,0.01626,12,2
184,R,V,-5.64,0.1237,5,2
184,R,W,-3.706,0.565,7,2
184,R,Y,-3.606,0.1937,11,2
185,K,*,-6.245,0.2906,1,2
185,K,A,0.1898,0.5279,7,2
185,K,C,-1.828,0.3366,10,2
185,K,D,-1.383,0.01485,7,2
185,K,E,-1.015,0.8908,3,4
185,K,F,-0.8063,0.04745,13,2
185,K,G,-0.6898,0.2181,6,2
185,K,H,-0.2067,0.1587,8,2
185,K,I,-0.9102,0.5923,8,2
185,K,K,0,0,,4
185,K,L,-0.7374,0.08662,4,2
185,K,M,0.4071,0.0939,10,2
185,K,N,-3.291,1.856,8,4
185,K,P,-4.02,0.07778,12,2
185,K,Q,-0.03628,0.1174,9,2
185,K,R,-0.279,1.837,5,2
185,K,S,-0.9154,0.07043,4,2
185,K,T,-0.6391,0.1695,5,2
185,K,V,-2.385,0.3521,6,2
185,K,W,-1.097,0.332,7,2
185,K,Y,-2.062,0.3868,12,2
186,I,-,-5.09,1.102,1,2
186,I,A,-1.825,0.04101,10.5,2
186,I,C,-1.919,0.2956,5,2
186,I,D,-2.649,0.2885,10,2
186,I,E,-2.202,0.09122,4,2
186,I,F,-0.342,0.2507,7,2
186,I,G,-3.317,0.3698,12,2
186,I,H,-1.977,0.08485,11,2
186,I,I,0,0,,4
186,I,K,-2.899,0.1018,9,2
186,I,L,-0.6071,0.3327,6,2
186,I,M,-0.5431,0.03465,7,2
186,I,N,-1.508,2.015,6.5,4
186,I,P,-9.75,0.09829,6,2
186,I,Q,-1.51,0.1039,10,2
186,I,R,-2.321,0.9588,3,2
186,I,S,-3.133,0.07,4,2
186,I,T,-0.2877,0.2656,2,4
186,I,V,0.003285,0.07096,9,2
186,I,W,-0.8256,0.08358,6,2
186,I,Y,-0.667,0.23,11,2
187,S,A,0.4644,0.3376,2,2
187,S,C,-0.128,0.5389,3.5,4
187,S,D,0.3605,0.1022,10,2
187,S,E,0.7308,0.05134,4,2
187,S,F,-1.833,0.3203,7,2
187,S,G,0.2475,0.3677,16.5,4
187,S,H,0.09005,1.222,3,2
187,S,I,-0.2768,0.2619,9,4
187,S,K,-2.949,0.6272,5,2
187,S,L,0.2919,0.1158,5,2
187,S,M,0.4272,0.07976,7,2
187,S,N,-0.2032,0.153,16.5,4
187,S,P,-0.2228,0.04716,8,2
187,S,Q,0.3356,0.1161,5,2
187,S,R,-0.4439,0.7186,7.5,4
187,S,S,0,0,,4
187,S,T,0.1446,0.5178,4.75,4
187,S,V,-0.1847,0.07679,12,2
187,S,W,-2.158,0.495,5,2
187,S,Y,-2.159,0.04596,7,2
188,H,A,-6.363,0.6314,8,2
188,H,C,-9.568,0.1329,5,2
188,H,D,-9.101,0.1442,8,2
188,H,E,-8.968,0.297,11,2
188,H,F,-3.735,0.5332,7,2
188,H,G,-8.985,0.8924,7,2
188,H,H,0,0,,4
188,H,I,-3.885,0.128,12,2
188,H,K,-1.216,0.1506,4,2
188,H,L,-3.104,0.08556,3,2
188,H,M,-2.467,0.2574,7,2
188,H,N,-1.543,1.291,6,4
188,H,P,-8.466,1.877,10,2
188,H,Q,-0.2328,0.4104,4,4
188,H,R,0.8213,0.1017,5,2
188,H,S,-4.393,0.7941,8,2
188,H,T,0.7297,0.03097,3,2
188,H,V,-2.632,0.007071,7,2
188,H,W,-3.127,1.136,11,2
188,H,Y,-1.044,0.7999,4,4
189,S,-,-3.462,0.2991,1,2
189,S,A,-1.005,1.786,5,2
189,S,C,-0.8679,0.555,5.5,4
189,S,D,-2.709,0.5544,7,2
189,S,E,-0.0396,0.2314,5,2
189,S,F,-1.742,0.03465,11,2
189,S,G,-1.28,3.422,8,4
189,S,H,-1.236,0.08627,10,2
189,S,I,0.257,0.4616,13.5,4
189,S,K,-0.8274,0.0618,5.5,2
189,S,L,-0.6134,0.1915,5,2
189,S,M,-0.3981,0.204,7,2
189,S,N,-3.912,1.238,10,4
189,S,P,-9.454,0.2051,8,2
189,S,Q,-0.1912,0.06675,10,2
189,S,R,-1.123,0.6426,7,4
189,S,S,0,0,,4
189,S,T,-1.13,0.05233,6,2
189,S,V,-0.2611,0.08917,8,2
189,S,W,-1.133,0.5409,15,2
189,S,Y,-1.232,0.01273,7,2
190,C,*,-6.276,2.564,3,4
190,C,-,0.3265,0.07304,1,2
190,C,A,-9.546,0.2828,9,2
190,C,C,0,0,,4
190,C,D,-9.607,0.3203,6,2
190,C,E,-9.302,0.292,8,2
190,C,F,-9.499,0.2974,11.75,4
190,C,G,-9.303,0.1747,8,2
190,C,H,-9.363,0.3444,8,2
190,C,I,-9.48,0.186,7,2
190,C,K,-9.503,0.3182,9,2
190,C,L,-8.878,0.04879,8,2
190,C,M,-9.285,0.2715,11,2
190,C,N,-9.45,0.1987,9,2
190,C,P,-9.056,0.3147,12,2
190,C,Q,-9.357,0.7297,7,2
190,C,R,-8.799,1.089,8.5,4
190,C,S,-9.458,0.2293,8.5,4
190,C,T,-6.357,1.791,5,2
190,C,V,-9.482,0.4285,10,2
190,C,W,-8.919,0.379,5,4
190,C,Y,-9.293,0.1644,43,4
191,T,A,-3.494,0.5798,10,2
191,T,C,-3.183,0.4038,7,2
191,T,D,-8.729,0.1874,11,2
191,T,E,-2.896,0.181,7,2
191,T,F,-9.736,0.3062,9,2
191,T,G,-4.46,0.004243,5,2
191,T,H,-6.969,2.758,8,2
191,T,I,0.1725,0.3075,13.5,4
191,T,K,-0.9338,0.7324,3,4
191,T,L,-3.45,0.1676,9,2
191,T,M,0.3894,0.03083,12,2
191,T,N,-4.393,0.1499,9,2
191,T,P,-7.563,2.452,5,4
191,T,Q,0.1163,0.2541,5,2
191,T,R,-0.03485,0.2187,6,2
191,T,S,-1.431,0.06152,6,2
191,T,T,0,0,,4
191,T,V,-0.1027,0.2518,5,2
191,T,W,-8.355,1.563,8,2
191,T,Y,-8.4,0.3069,3,2
192,H,-,0.4194,0.01138,1,2
192,H,A,-3.194,0.09687,5,2
192,H,C,-4.386,0.1704,7,2
192,H,D,-9.505,0.2942,10,2
192,H,E,-1.721,0.2496,7,2
192,H,F,-2.216,0.09829,8,2
192,H,G,-3.886,0.6003,10,2
192,H,H,0,0,,4
192,H,I,-1.617,0.1803,6,2
192,H,K,-3.703,0.7488,6,2
192,H,L,-1.489,0.6067,5,2
192,H,M,-1.852,0.2178,4,2
192,H,N,-0.7177,1.065,5,4
192,H,P,-7.028,4.157,6,4
192,H,Q,-1.145,0.9412,7.5,4
192,H,R,-5.205,2.172,8,4
192,H,S,-2.814,0.4193,5,2
192,H,T,-2.601,0.2885,9,2
192,H,V,-1.382,0.1994,4,2
192,H,W,0.7464,0.3756,6,2
192,H,Y,-1.7,1.085,13,4
193,P,-,-1.922,0.03818,3,2
193,P,A,0.3613,0.1639,8,2
193,P,C,-5.854,0.164,7,2
193,P,D,0.2882,0.08789,6,2
193,P,E,0.9695,0.04257,5.5,2
193,P,F,-3.558,0.2157,7,2
193,P,G,-0.8442,0.738,6,2
193,P,H,-3.544,2.327,5.5,4
193,P,I,-4.984,0.8365,9,2
193,P,K,-2.676,0.01556,1,2
193,P,L,-3.426,1.473,4.5,4
193,P,M,-1.118,0.1714,4,2
193,P,N,-0.3054,0.1872,3,2
193,P,P,0,0,,4
193,P,Q,0.8865,0.09405,3,2
193,P,R,-5.618,0.551,3.5,4
193,P,S,0.4658,0.164,4.5,4
193,P,T,-1.364,0.8817,8,4
193,P,V,-4.879,0.7142,5,2
193,P,W,-3.942,0.244,8,2
193,P,Y,-3.599,0.6647,12,2
194,F,-,0.597,0.002121,1,2
194,F,A,-9.568,0.14,5,2
194,F,C,-8.546,1.117,8,2
194,F,D,-9.283,0.1853,7,2
194,F,E,-9.806,0.2524,5,2
194,F,F,0,0,,4
194,F,G,-9.324,0.2546,7,2
194,F,H,-1.456,0.8429,8,2
194,F,I,-5.518,3.046,4.5,4
194,F,K,-8.562,0.7686,6,2
194,F,L,-2.986,0.8231,14.5,4
194,F,M,-2.405,0.02333,11,2
194,F,N,-3.271,3.807,1.5,4
194,F,P,-9.5,0.164,6,2
194,F,Q,-9.248,0.2581,9,2
194,F,R,-7.21,2.55,7,2
194,F,S,-6.176,3.827,8,4
194,F,T,-9.137,0.2871,8,2
194,F,V,-8.604,0.03536,9,2
194,F,W,-2.421,0.1761,3,2
194,F,Y,-1.523,1.573,2.5,4
195,H,A,-0.2848,0.05211,3,2
195,H,C,-0.9586,0.05013,8,2
195,H,D,-1.42,0.03818,8,2
195,H,E,-1.9,0.1782,7,2
195,H,F,-2.749,0.02263,5,2
195,H,G,-0.744,1.902,6,2
195,H,H,0,0,,4
195,H,I,-1.723,0.3189,6,2
195,H,K,-0.1082,0.3217,9,2
195,H,L,-0.7563,0.08492,6,2
195,H,M,-0.7244,0.2514,1,2
195,H,N,0.5225,0.2632,6.5,4
195,H,P,-0.6674,0.01061,7,2
195,H,Q,0.239,0.1997,4.5,4
195,H,R,-0.9416,1.693,4,4
195,H,S,0.05823,0.002942,6,2
195,H,T,-0.1303,0.62,6,2
195,H,V,-0.2151,0.1365,7,2
195,H,W,-1.433,0.268,13,2
195,H,Y,-1.52,0.6429,7.5,4
196,H,-,-0.5975,0.00898,1,2
196,H,C,-7.053,3.29,6,2
196,H,D,-9.468,0.06859,12,2
196,H,E,-9.006,0.04667,9,2
196,H,F,-3.181,0.3062,9,2
196,H,G,-7.114,0.4448,5,2
196,H,H,0,0,,4
196,H,I,-8.063,0.6505,8,2
196,H,K,-8.944,0.4971,5,2
196,H,L,-6.899,0.07425,12,2
196,H,M,-9.312,0.2411,7,2
196,H,N,-1.499,0.3806,6,4
196,H,P,-9.303,0.1478,7,2
196,H,Q,-9.407,4.627,4.5,4
196,H,R,-7.448,3.326,8.5,4
196,H,S,-6.715,2.912,3,2
196,H,T,-4.697,0.5523,2,2
196,H,V,-4.385,0.08556,5,2
196,H,W,-4.474,0.9504,4,2
196,H,Y,-7.886,2.408,8.5,4
197,D,-,-2.069,0.002828,2,2
197,D,A,0.4504,0.06392,4,2
197,D,C,-1.014,0.2258,7,2
197,D,D,0,0,,4
197,D,E,0.3297,0.1629,8,2
197,D,F,-1.426,0.5777,6,2
197,D,G,-2.055,2.168,3.5,4
197,D,H,-0.6822,0.2546,7,2
197,D,I,-9.111,0.3224,6,2
197,D,K,-3.781,0.1768,5,2
197,D,L,-2.829,0.06576,11,2
197,D,M,-1.687,0.123,7,2
197,D,N,-1.446,0.2172,12,4
197,D,P,-8.912,0.8365,10,2
197,D,Q,-2.857,1.839,4,2
197,D,R,-3.823,0.6619,5,2
197,D,S,-1.146,0.6366,4,2
197,D,T,-2.448,0.4031,5,2
197,D,V,-3.338,0.186,7,2
197,D,W,-0.9198,0.4811,7,2
197,D,Y,-1.256,0.1992,5,4
198,P,-,-1.208,0.0007071,2,2
198,P,A,-0.6048,0.0256,5,2
198,P,C,-4.165,0.384,15,2
198,P,D,-1.801,3.582,4,2
198,P,E,-2.478,0.6654,3,2
198,P,F,-0.5601,0.2331,6,2
198,P,G,-5.484,0.5487,15,2
198,P,H,-0.7866,1.097,5,4
198,P,I,-0.1036,0.0836,8,2
198,P,K,-0.8955,0.5508,3,2
198,P,L,-0.1305,0.6745,8,4
198,P,M,-0.4383,0.1667,6,2
198,P,N,-1.883,0.454,6,2
198,P,P,0,0,,4
198,P,Q,-1.017,0.442,5,2
198,P,R,-1.357,0.4108,3,4
198,P,S,-0.1097,0.5715,5.5,4
198,P,T,-1.383,1.03,8,4
198,P,V,-1.071,0.007071,8,2
198,P,W,-0.8538,0.09504,11,2
198,P,Y,-0.2529,0.08174,9,2
199,P,-,-3.232,0,2,2
199,P,A,-0.4272,0.07241,4,2
199,P,C,-2.806,0.1662,6,2
199,P,D,-1.23,0.01909,8,2
199,P,E,-1.893,0.2029,2,2
199,P,F,-0.2212,0.01768,9,2
199,P,G,-1.273,0.4953,7,2
199,P,H,-0.3747,1.169,7,2
199,P,I,-0.7603,0.2137,6,2
199,P,K,-6.95,1.127,5,2
199,P,L,0.06143,0.222,11,4
199,P,M,0.448,0.06053,8,2
199,P,N,-1.038,1.239,2,2
199,P,P,0,0,,4
199,P,Q,-1.317,0.1471,3,4
199,P,R,-2.333,0.4356,7,2
199,P,S,-0.968,0.4072,8,4
199,P,T,-0.7046,2.884,4.5,4
199,P,V,0.1701,0.04518,3,2
199,P,W,-5.557,0.3578,2,2
199,P,Y,-1.673,0.0792,8,2
200,V,-,-3.462,0.001414,2,2
200,V,A,-1.907,0.7814,4,2
200,V,C,-1.716,0.06223,8,2
200,V,D,-2.178,0.1047,6,2
200,V,E,-2.406,0.02051,10,2
200,V,F,-1.514,0.09899,9,2
200,V,G,-2.555,0.06223,4,2
200,V,H,-1.155,0.3384,7,2
200,V,I,-0.5932,0.3287,10,2
200,V,K,-3.316,0.4186,11,2
200,V,L,-0.2494,0.1648,8.5,4
200,V,M,-0.5252,0.6274,6,4
200,V,N,-1.862,1.209,8,2
200,V,P,-1.133,0.05798,12,2
200,V,Q,-0.4082,0.279,4,2
200,V,R,-0.7709,2.223,4,2
200,V,S,-1.671,1.052,6,2
200,V,T,-0.3803,0.1218,10,2
200,V,V,0,0,,4
200,V,W,-2.565,1.038,8.5,2
200,V,Y,-0.8839,0.09044,4,2
201,I,-,-0.3579,0.007142,2,2
201,I,A,-9.082,0.04313,10,2
201,I,C,-9.779,0.3132,7.5,2
201,I,D,-9.314,0.1039,5,2
201,I,E,-5.065,0.06364,7,2
201,I,F,-5.841,1.762,4,4
201,I,G,-9.132,0.3083,8,2
201,I,H,-7.957,2.022,5,2
201,I,I,0,0,,4
201,I,K,-9.031,0.2107,8,2
201,I,L,-1.077,0.7584,8,2
201,I,M,-2.522,0.3154,8,2
201,I,N,-7.039,1.386,5.5,4
201,I,P,-7.206,2.868,7,2
201,I,Q,-8.776,0.6399,7,2
201,I,R,-9.784,0.2553,9,2
201,I,S,-9.316,0.1549,5,2
201,I,T,-3.135,4.923,4.5,4
201,I,V,-0.0291,0.5614,5.5,4
201,I,W,-8.977,0.8492,7,2
201,I,Y,-9.436,0.1683,5,2
202,G,-,0.1042,0.01595,1,2
202,G,A,-8.52,1.557,7,2
202,G,C,-2.534,4.367,4.5,4
202,G,D,-8.896,0.6067,24,4
202,G,E,-8.73,1.5,4,2
202,G,F,-8.723,0.3642,5,2
202,G,G,0,0,,4
202,G,H,-9.48,0.4122,4,2
202,G,I,-7.168,0.4603,5,2
202,G,K,-9.376,0.4525,4,2
202,G,L,-9.203,0.2348,10,2
202,G,M,-8.883,0.09263,9,2
202,G,N,-9.866,0.1704,8,2
202,G,P,-7.997,0.1103,6,2
202,G,Q,-8.697,1.247,5,2
202,G,R,-4.25,4.004,5.5,4
202,G,S,-6.953,2.478,7.25,4
202,G,T,-9.538,0.1146,8,2
202,G,V,-6.013,4.368,6,4
202,G,W,-8.786,0.5247,7,2
202,G,Y,-9.595,0.1775,3,2
203,R,*,-0.152,1.72,1,4
203,R,A,-8.333,1.088,11,2
203,R,C,-9.419,0.1414,15,2
203,R,D,-9.789,0.1004,5,2
203,R,E,-8.31,1.474,11,2
203,R,F,-6.675,0.07778,16,2
203,R,G,-5.252,5.233,9.5,4
203,R,H,-7.735,0.8613,7,2
203,R,I,-9.152,0.09192,7,2
203,R,K,-6.26,1.576,8,4
203,R,L,-9.22,0.7594,7,2
203,R,M,-7.809,0.0007071,10,2
203,R,N,-8.744,0.7757,5,2
203,R,P,-9.428,0.0594,9,2
203,R,Q,-8.906,0.3196,9,2
203,R,R,0,0,,4
203,R,S,-9.404,0.2355,6,2
203,R,T,-9.118,0.08839,8.5,2
203,R,V,-9.535,0.03111,12,2
203,R,W,-9.357,0.1202,8,2
203,R,Y,-6.654,1.086,4,2
204,E,*,-9.644,0.2396,7.5,4
204,E,A,-9.328,0.5006,4,2
204,E,C,-8.006,1.618,8,2
204,E,D,-9.614,0.1124,10,2
204,E,E,0,0,,4
204,E,F,-9.279,0.2595,7,2
204,E,G,-7.085,0.8404,4,4
204,E,H,-9.01,0.6463,7,2
204,E,I,-6.04,1.421,7,2
204,E,K,-9.38,0.2598,11.5,4
204,E,L,-9.719,0.03111,9,2
204,E,M,-9.531,0.09899,5,2
204,E,N,-9.495,0.251,8,2
204,E,P,-9.009,0.8252,7,2
204,E,Q,-0.3021,0.6684,4,4
204,E,R,-9.552,0.01697,11,2
204,E,S,-9.521,0.181,11,2
204,E,T,-8.403,0.9214,8,2
204,E,V,-5.713,0.4603,4,2
204,E,W,-8.314,1.329,11,2
204,E,Y,-9.596,0.2114,7.5,2
205,K,*,-8.091,1.821,1.667,3
205,K,A,-0.1212,0.06013,7,2
205,K,C,-3.256,0.3536,15,2
205,K,D,-1.719,0.6725,11,2
205,K,E,-0.6753,0.6951,7.5,4
205,K,F,-2.275,0.1329,14,2
205,K,G,-7.21,1.841,6,2
205,K,H,-1.813,0.5402,5,2
205,K,I,0.9126,0.3697,5,2
205,K,K,0,0,,4
205,K,L,-1.788,0.006364,13,2
205,K,M,0.1147,0.6077,5,4
205,K,N,-1.526,0.9555,7.5,4
205,K,P,-8.653,0.1704,9,2
205,K,Q,-0.5416,0.8276,4.5,4
205,K,R,0.5355,2.083,3,4
205,K,S,-2.346,0.4419,6,2
205,K,T,-5.015,3.943,4,4
205,K,V,-0.1452,0.4676,6,2
205,K,W,-2.345,0.4342,5,2
205,K,Y,-5.327,1.958,6,2
206,F,A,-2.239,0.1732,7,2
206,F,C,-8.079,1.355,7,2
206,F,D,-8.529,1.441,7,2
206,F,E,-9.342,0.4151,6,2
206,F,F,0,0,,4
206,F,G,-3.234,0.693,7,2
206,F,H,-1.307,0.7203,5,2
206,F,I,-4.357,2.543,6,4
206,F,K,-7.644,1.428,3,2
206,F,L,-2.941,1.975,8,4
206,F,M,-2.166,0.06364,6,2
206,F,N,-3.78,0.297,4,2
206,F,P,-7.575,0.4122,8,2
206,F,Q,-4.754,0.5374,7,2
206,F,R,-9.452,0.157,6,2
206,F,S,-1.537,1.252,5.5,4
206,F,T,-2.433,0.0601,3,2
206,F,V,-3.784,0.5749,8,2
206,F,W,-4.797,0.0898,4,2
206,F,Y,-0.4545,2.981,3,4
207,H,-,-3.719,0.4709,2,2
207,H,A,1.072,0.1036,6,2
207,H,C,-3.972,1.327,8,2
207,H,D,-4.47,0.6173,5,2
207,H,E,-2.933,0.4193,7,2
207,H,F,1.057,0.005657,3,2
207,H,G,-2.526,0.3868,7,2
207,H,H,0,0,,4
207,H,I,-1.622,0.1075,5,2
207,H,K,-3.82,0.2242,2,2
207,H,L,-0.982,1.616,5,2
207,H,M,-3.248,0.6244,6,2
207,H,N,-1.505,0.2185,8,2
207,H,P,-0.1684,0.0594,10,2
207,H,Q,-1.411,1.082,6.5,4
207,H,R,-2.099,1.506,7,4
207,H,S,0.1759,0.7992,3,2
207,H,T,-2.357,0.297,13,2
207,H,V,-2.356,0.08132,6,2
207,H,W,0.3437,0.1371,7,2
207,H,Y,0.3857,0.3695,4.5,4
208,S,-,-5.029,3.408,2,4
208,S,A,-0.06559,0.2228,7,2
208,S,C,-5.88,0.5276,3.5,4
208,S,D,-4.25,0.8316,8,2
208,S,E,-6.086,0.1344,9,2
208,S,F,-4.28,0.5918,10,2
208,S,G,0.3837,0.2078,7.5,4
208,S,H,-5.524,0.7877,10,2
208,S,I,-2.282,1.512,5.5,4
208,S,K,-6.345,0.314,11,2
208,S,L,-4.437,0.21,5,2
208,S,M,-7.415,2.092,6,2
208,S,N,-5.67,1.831,19.75,4
208,S,P,-9.464,0.4992,7,2
208,S,Q,-5.656,2.282,7,2
208,S,R,-8.206,0.4872,14,2
208,S,S,0,0,,4
208,S,T,-3.229,1.368,4,2
208,S,V,-1.409,0.09405,7,2
208,S,W,-5.173,1.077,9,2
208,S,Y,-4.284,0.6314,8,2
209,R,*,-0.7388,0.6423,1,2
209,R,A,-1.938,0.008485,4,2
209,R,C,-7.046,2.741,10,2
209,R,D,-7.307,2.991,5,2
209,R,E,-6.619,0.1478,8,2
209,R,F,-4.7,0.8726,6,2
209,R,G,-2.569,0.0601,14.5,2
209,R,H,-3.123,0.6428,6,2
209,R,I,-2.958,1.576,9,4
209,R,K,-3.455,2.026,8.5,4
209,R,L,-2.216,0.0502,7,2
209,R,M,-4.239,0.1973,8.5,2
209,R,N,-0.3365,0.2955,10,2
209,R,P,-1.958,0.09192,7,2
209,R,Q,-6.388,0.1937,5,2
209,R,R,0,0,,4
209,R,S,-2.14,0.6562,6,2
209,R,T,-2.149,0.3006,5.5,4
209,R,V,-2.996,0.1414,5,2
209,R,W,-5.703,0.7764,12,2
209,R,Y,-5.861,3.668,7,2
210,P,-,-1.787,1.398,1,2
210,P,A,-1.673,0.6272,8,2
210,P,C,-9.283,0.3069,4,2
210,P,D,-8.957,0.08415,5,2
210,P,E,-5.091,0.9454,7,2
210,P,F,-3.305,0.03394,6,2
210,P,G,-1.665,0.3182,6,2
210,P,H,-0.08919,0.3942,5,4
210,P,I,-2.648,0.6527,3,2
210,P,K,-5.059,0.1633,3,2
210,P,L,-4.764,1.658,4,4
210,P,M,-4.553,0.9065,7,2
210,P,N,-6.343,2.837,9,2
210,P,P,0,0,,4
210,P,Q,-2.572,0.09758,5,2
210,P,S,-1.008,0.9743,5.5,4
210,P,T,-1.609,1.178,4,4
210,P,V,-1.799,0.3012,6,2
210,P,W,-0.6478,0.1635,2,2
210,P,Y,-1.345,0.1174,11,2
211,Q,*,-8.199,1.27,4,4
211,Q,-,-7.179,1.388,2,2
211,Q,A,0.8854,0.06314,11,2
211,Q,C,-1.545,0.239,6,2
211,Q,D,0.4739,0.5257,12,2
211,Q,E,-1.721,3.05,5,4
211,Q,F,1.055,0.01838,10,2
211,Q,G,-0.1409,0.2421,8.5,2
211,Q,H,-0.05412,0.4965,9.5,4
211,Q,I,1.067,0.0898,12,2
211,Q,K,-2.409,3.009,6,4
211,Q,L,0.241,0.9,4.5,4
211,Q,M,1.138,0.03818,6,2
211,Q,N,-2.936,0.1527,9,2
211,Q,P,0.3537,0.1828,5,4
211,Q,Q,0,0,,4
211,Q,R,-3.332,0.2818,7,4
211,Q,S,0.7974,0.0227,5,2
211,Q,T,0.8803,0.3149,9,2
211,Q,V,0.3565,0.3123,6,2
211,Q,W,0.7573,0.2601,4,2
211,Q,Y,-0.6926,0.07792,7,2
212,H,-,0.115,1.051,1,2
212,H,A,-0.06945,0.1218,7,2
212,H,C,-6.181,1.153,5,2
212,H,D,-2.077,0.4278,5,2
212,H,E,-5.402,0.7241,7,2
212,H,F,0.1325,0.09698,6,2
212,H,G,-0.3823,0.2372,4,2
212,H,H,0,0,,4
212,H,I,-0.2422,0.3121,11,2
212,H,K,-2.378,0.04172,9,2
212,H,L,-0.8698,0.9189,2.5,4
212,H,M,-0.4968,0.01739,5,2
212,H,N,-1.305,0.2803,8.5,4
212,H,P,-8.675,1.142,6,2
212,H,Q,-2.523,1.051,5,4
212,H,R,-1.807,0.5763,7,2
212,H,S,-0.2721,0.3302,8,2
212,H,T,0.0516,0.02061,7,2
212,H,V,0.2576,0.5216,9.5,2
212,H,W,1.085,0.01273,4,2
212,H,Y,0.3639,0.04339,12,4
213,G,*,-8.2,1.837,6,4
213,G,-,-0.5476,0.3739,1,2
213,G,A,-7.222,2.604,7,2
213,G,C,-8.834,0.6746,9,2
213,G,D,-8.678,0.9567,5,2
213,G,E,-7.719,1.739,17.5,4
213,G,F,-3.372,1.8,6,2
213,G,G,0,0,,4
213,G,H,-6.274,0.3111,8,2
213,G,I,-8.622,0.1916,12,2
213,G,K,-9.509,0.0997,3,2
213,G,L,-7.601,2.219,6,2
213,G,M,-7.064,0.8139,5,2
213,G,N,-7.305,1.81,3,2
213,G,P,-9.462,0.1386,5,2
213,G,Q,-8.991,0.652,8,2
213,G,R,-9.573,0.3397,9,4
213,G,S,-8.495,1.238,6,2
213,G,T,-6.127,0.9115,11,2
213,G,V,-4.689,2.397,6,4
213,G,W,-4.248,2.791,2,2
213,G,Y,-3.77,0.3309,5,2
214,R,*,-6.609,2.028,1,2
214,R,-,-0.2381,0.9726,1,2
214,R,A,-0.5171,0.2437,7,2
214,R,C,-1.141,0.09192,4,2
214,R,D,-2.284,0.1704,7,2
214,R,E,-0.9244,0.2582,2,2
214,R,F,-0.2382,0.2725,4,2
214,R,G,-1.414,0.3359,11,2
214,R,H,-2.125,0.5643,5,2
214,R,I,0.6142,0.2169,7,4
214,R,K,0.4087,0.08876,15.5,4
214,R,L,-0.1263,0.1169,11,2
214,R,M,0.6175,0.2334,2,2
214,R,N,-1.686,0.7,7,2
214,R,P,-0.2464,0.1021,4,2
214,R,Q,0.6823,0.02482,7,2
214,R,R,0,0,,4
214,R,S,-0.3673,0.5886,7,4
214,R,T,-0.7521,0.9297,6,4
214,R,V,-1.062,0.5484,7,2
214,R,W,-2.059,0.3161,6,2
214,R,Y,-0.2521,0.3629,2,2
215,E,*,-8.87,1.497,4,4
215,E,-,0.2712,0.9343,1,2
215,E,A,-1.985,0.2475,8,2
215,E,C,-2.295,0.1478,6,2
215,E,D,0.5758,0.08789,7,4
215,E,E,0,0,,4
215,E,F,-2.234,0.1817,10,2
215,E,G,-2.034,0.2391,6,4
215,E,H,-2.173,0.3988,8,2
215,E,I,-2.158,0.3804,7,2
215,E,K,-7.88,1.913,7,4
215,E,L,-1.071,0.08768,10,2
215,E,M,-1.997,0.1471,7,2
215,E,N,-1.581,0.3033,6,2
215,E,P,-3.12,0.1782,11,2
215,E,Q,-2.46,0.2638,6,2
215,E,R,-5.2,1.372,7,2
215,E,S,-1.109,0.08202,6,2
215,E,T,-2.271,0.227,7,2
215,E,V,-2.149,0.6881,3.5,4
215,E,W,-2.146,0.169,10,2
215,E,Y,-1.93,0.06505,9,2
216,L,-,-1.735,3.548,1,2
216,L,A,-4.293,0.7552,6,2
216,L,C,-9.505,0.1223,5,2
216,L,D,-9.646,0.2475,10,2
216,L,E,-1.796,0.2425,5,2
216,L,F,-1.822,0.2878,6,2
216,L,G,-8.399,0.7403,8,2
216,L,H,-5.671,3.928,5,2
216,L,I,-1.178,0.3148,7,2
216,L,K,-6.271,1.843,4,2
216,L,L,0,0,,4
216,L,M,0.1694,0.1346,5.5,4
216,L,N,-9.322,0.164,7,2
216,L,P,-9.341,0.1923,8,2
216,L,Q,-5.333,2.63,7,2
216,L,R,-6.019,0.9157,6,2
216,L,S,-7.668,1.991,3,2
216,L,T,-3.292,0.396,4,2
216,L,V,-0.2031,0.4846,10,4
216,L,W,-1.748,0.3663,7,2
216,L,Y,-0.8944,0.02213,7,2
217,P,A,0.6977,0.12,7,2
217,P,C,-6.305,2.502,3,2
217,P,D,0.3615,0.9214,4,2
217,P,E,-1.656,0.3825,4,2
217,P,F,-2.678,0.6696,6,2
217,P,G,-1.982,0.4589,2,2
217,P,H,-2.273,0.3519,8,4
217,P,I,-1.54,0.4589,5,2
217,P,K,-3.801,0.3967,6,2
217,P,L,-1.134,0.4715,5,4
217,P,M,0.1889,1.175,4,2
217,P,N,-3.384,1.236,11,2
217,P,P,0,0,,4
217,P,Q,0.3895,0.2543,4,2
217,P,R,-3.546,0.6102,4,2
217,P,S,-0.4909,0.3249,14.5,4
217,P,T,-2.75,0.9072,7,2
217,P,V,-1.256,0.2864,11,2
217,P,W,-2.95,0.8125,7,2
217,P,Y,-3.848,0.449,6,2
218,C,*,-8.923,0.1556,1,2
218,C,A,-8.782,0.1167,10,2
218,C,C,0,0,,4
218,C,D,-9.386,0.2715,9,2
218,C,E,-6.385,3.126,4,2
218,C,F,-9.156,0.5586,7.5,4
218,C,G,-9.617,0.06435,5,2
218,C,H,-9.498,0.02899,5,2
218,C,I,-9.591,0.4731,6,2
218,C,K,-9.488,0.1888,4,2
218,C,L,-9.316,0.1683,8,2
218,C,M,-6.835,2.26,4,2
218,C,N,-8.027,0.6689,4,2
218,C,P,-9.473,0.5777,4,2
218,C,Q,-8.127,1.71,6,2
218,C,R,-4.051,5.143,4,4
218,C,S,-9.547,0.1838,8,2
218,C,T,-9.589,0.5742,11,2
218,C,V,-9.361,0.1365,6,2
218,C,W,-7.151,0.4497,4,2
218,C,Y,-9.54,0.3077,11,4
219,S,A,-8.619,0.7573,6,2
219,S,C,-9.265,0.3055,7,2
219,S,D,-8.059,0.4186,3,2
219,S,E,-6.96,0.6159,7,2
219,S,F,-9.543,0.07,5,2
219,S,G,-9.28,1.844,5.5,4
219,S,H,-8.78,0.4646,6,2
219,S,I,-6.859,3.638,4.5,4
219,S,K,-9.099,0.2411,7,2
219,S,L,-8.721,1.239,7,2
219,S,M,-9.376,0.1294,6,2
219,S,N,-9.177,1.038,12,4
219,S,P,-9.504,0.2701,8,2
219,S,Q,-9.412,0.04596,6,2
219,S,R,-8.601,2.494,7.5,4
219,S,S,0,0,,4
219,S,T,-0.4316,0.09426,11,2
219,S,V,-8.271,1.519,8,2
219,S,W,-8.393,1.462,11,2
219,S,Y,-9.657,0.2192,16,2
220,T,-,-0.4706,1.367,1,2
220,T,A,-4.745,1.707,5.5,4
220,T,C,-8.953,0.6109,11,2
220,T,D,-8.246,0.4653,8,2
220,T,E,-8.242,0.3189,9,2
220,T,F,-9.544,0.3323,18,2
220,T,G,-9.303,0.5975,6,2
220,T,H,-7.194,0.123,7,2
220,T,I,-7.175,2.065,7,4
220,T,K,-5.109,4.856,6,4
220,T,L,-8.682,0.396,9,2
220,T,M,-9.134,0.04031,3,2
220,T,N,-8.912,0.2256,12,2
220,T,P,-9.443,0.3946,16,2
220,T,Q,-6.763,2.565,7,2
220,T,R,-9.444,0.2779,6,2
220,T,S,-0.6842,0.4706,8,2
220,T,T,0,0,,4
220,T,V,-8.963,0.3231,10,2
220,T,W,-9.384,0.7163,9,2
220,T,Y,-9.79,0.152,5,2
221,Y,*,-9.402,0.2592,11.5,4
221,Y,A,-5.444,0.4879,2,2
221,Y,C,-9.573,0.9771,14,4
221,Y,D,-9.614,0.239,7,2
221,Y,E,-6.836,1.699,4,2
221,Y,F,-6.107,2.676,5,2
221,Y,G,-9.412,0.2298,5,2
221,Y,H,-9.517,0.3861,10,2
221,Y,I,-8.102,1.669,6,2
221,Y,K,-7.328,0.5268,7,2
221,Y,L,-9.322,0.594,10.5,2
221,Y,M,-8.79,1.259,3,2
221,Y,N,-8.447,1.309,7,2
221,Y,P,-9.549,0.5982,6,2
221,Y,Q,-9.079,0.8068,8,2
221,Y,R,-9.597,0.09334,8,2
221,Y,S,-9.528,0.1068,6,2
221,Y,T,-9.351,0.2305,15,2
221,Y,V,-9.418,0.4561,5,2
221,Y,W,-8.222,0.7651,5,2
221,Y,Y,0,0,,4
222,A,A,0,0,,4
222,A,C,-2.829,0.1393,10,2
222,A,D,-0.5182,0.8465,6.5,4
222,A,E,-2.836,0.6505,4,2
222,A,F,-1.621,0.198,7,2
222,A,G,-0.2529,0.3967,5,2
222,A,H,-1.293,0.4205,6,2
222,A,I,0.3198,0.3173,6,2
222,A,K,0.6018,0.4796,3,2
222,A,L,0.04116,0.1723,2,2
222,A,M,-1.609,0.5657,2,2
222,A,N,-0.2362,0.4492,2,2
222,A,P,-8.362,0.5699,4,2
222,A,Q,0.4367,0.09659,3,2
222,A,R,0.4275,0.6584,4,2
222,A,S,0.6607,0.3597,9.5,4
222,A,T,0.5044,0.4288,15.5,4
222,A,V,0.1117,0.3598,12,4
222,A,W,-3.75,1.373,4.5,2
222,A,Y,-0.1817,0.03677,5,2
223,Q,*,-1.47,0.6878,3,2
223,Q,-,0.3232,0.2816,1,2
223,Q,A,0.2477,0.08803,5,2
223,Q,C,-2.282,0.0198,6,2
223,Q,D,-2.09,0.01273,8,2
223,Q,E,-1.14,0.0495,6,2
223,Q,F,-0.3561,0.1162,8,2
223,Q,G,-0.4149,0.01789,7,2
223,Q,H,-0.3214,0.1876,9.5,4
223,Q,I,-0.9539,0.0314,9,2
223,Q,K,0.3355,0.127,5.25,4
223,Q,L,-0.2397,0.9972,6.5,4
223,Q,M,0.06452,0.111,5,2
223,Q,N,-4.624,0.6265,12,2
223,Q,P,-0.1289,0.8099,2,4
223,Q,Q,0,0,,4
223,Q,R,-0.1899,0.8689,5,4
223,Q,S,-0.1877,0.1778,9,2
223,Q,T,0.3169,0.2134,10,2
223,Q,V,-0.06116,0.1893,7,2
223,Q,W,-1.147,0.5774,10,2
223,Q,Y,-0.3609,0.3799,6.5,2
224,S,A,-0.7432,0.1109,8,2
224,S,C,-4.018,0.06364,8,2
224,S,D,-2.265,0.05091,10,2
224,S,E,-3.083,0.5537,5,2
224,S,F,-0.9349,0.0198,7,2
224,S,G,-0.53,0.2127,6.5,4
224,S,H,-2,0.8422,5,2
224,S,I,-0.6066,0.02376,11,2
224,S,K,0.0358,0.3735,5,2
224,S,L,-2.324,0.1167,4,2
224,S,M,-1.648,0.4066,4,2
224,S,N,-0.5614,0.1699,21.5,4
224,S,P,-5.59,0.8273,5,2
224,S,Q,-2.688,1.076,2,2
224,S,R,-1.211,0.7795,4,4
224,S,S,0,0,,4
224,S,T,-0.6409,0.258,8,2
224,S,V,-1.793,0.4723,6,2
224,S,W,-0.8585,0.1379,8,2
224,S,Y,-0.9636,0.1603,6.5,2
225,T,A,-0.2956,0.5303,3.5,4
225,T,C,-2.271,0.2751,12,2
225,T,D,-1.708,0.9496,2,2
225,T,E,-0.9318,0.1092,7,2
225,T,F,-0.2501,0.3529,11,2
225,T,G,-1.249,0.07495,11,2
225,T,H,-0.5364,0.004808,9,2
225,T,I,0.1883,0.1532,17,4
225,T,K,-0.6678,0.8458,5,4
225,T,L,0.4362,0.2099,6,2
225,T,M,0.09514,0.1418,12,2
225,T,N,-0.3597,0.003394,10,2
225,T,P,-0.7839,0.1012,14,2
225,T,Q,-0.8586,0.3301,4,2
225,T,R,-2.048,0.4377,6,2
225,T,S,-0.6257,0.455,4,2
225,T,T,0,0,,4
225,T,V,-0.2241,0.216,10,2
225,T,W,-0.1103,0.07574,7,2
225,T,Y,-0.05425,0.1812,8,2
226,A,-,-0.625,1.009,1,4
226,A,A,0,0,,4
226,A,C,-1.906,0.4801,4,2
226,A,D,-0.275,0.5725,4.5,4
226,A,E,0.3381,0.02546,1,2
226,A,F,-0.1209,0.2228,6,2
226,A,G,-0.4744,0.4729,11,2
226,A,H,0.2501,0.2988,4,2
226,A,I,0.1511,0.01973,5,2
226,A,K,-0.8305,0.3231,12,2
226,A,L,0.05296,0.02538,7,2
226,A,M,-1.228,0.67,7,2
226,A,N,-1.556,0.1846,7,2
226,A,P,-0.9794,4.32,3,4
226,A,Q,-1.046,0.2318,6,2
226,A,R,-0.8706,0.01754,8,2
226,A,S,0.003885,0.6986,9,4
226,A,T,-0.6726,0.4779,15.25,4
226,A,V,-0.8855,0.6599,18,4
226,A,W,-0.1305,0.291,3,2
226,A,Y,0.8606,0.02341,5,2
227,A,A,0,0,,4
227,A,C,-7.015,0.1598,4,2
227,A,D,-1.494,0.2235,7.5,4
227,A,E,0.4173,0.2862,3,2
227,A,F,-0.7505,0.06901,7.5,2
227,A,G,-0.3426,0.7876,6.5,4
227,A,H,-0.8312,0.4451,4,2
227,A,I,0.06967,0.2234,6,2
227,A,K,0.9795,0.03175,4,2
227,A,L,-0.7233,0.2372,6,2
227,A,M,-0.1651,0.0845,6,2
227,A,N,-0.2317,0.003323,12,2
227,A,P,0.167,0.2239,9,2
227,A,Q,0.5031,0.05565,2,2
227,A,R,0.3347,0.004313,5,2
227,A,S,-0.875,0.4272,5.5,4
227,A,T,-0.1752,0.2106,28.75,4
227,A,V,-0.2772,1.42,7.5,4
227,A,W,-0.3458,0.2246,7,2
227,A,Y,-0.2038,0.2168,8,2
228,T,A,-0.8927,1.584,3.5,4
228,T,C,-3.179,0.1676,9,2
228,T,D,-2.413,0.2503,7,2
228,T,E,-1.496,0.2227,6,2
228,T,F,-1.764,0.2029,11,2
228,T,G,-0.1261,0.09403,6,2
228,T,H,-0.7893,0.6572,1,2
228,T,I,-2.064,1.237,7,4
228,T,K,-0.3654,1.066,7.5,4
228,T,L,-1.662,0.1966,8,2
228,T,M,-1.302,0.4893,11,2
228,T,N,-0.6825,0.1628,7,2
228,T,P,-2.563,0.1471,8,2
228,T,Q,-2.332,0.08273,8,2
228,T,R,-2.282,0.3253,8,2
228,T,S,-0.07645,0.3511,11,2
228,T,T,0,0,,4
228,T,V,-1.119,0.06718,10,2
228,T,W,-1.625,0.01202,7,2
228,T,Y,-0.9843,0.2908,5,2
229,A,A,0,0,,4
229,A,C,-1.641,0.1711,8,2
229,A,D,0.009685,0.1186,6.5,4
229,A,E,-0.8804,0.112,6,2
229,A,F,-1.211,0.00495,8,2
229,A,G,0.6787,0.2934,4.5,4
229,A,H,0.1108,0.03065,7.5,2
229,A,I,-0.3368,1.621,3,2
229,A,K,0.4644,0.6223,3,2
229,A,L,-0.4586,0.2116,5,2
229,A,M,-0.6114,0.2722,7,2
229,A,N,0.7281,0.2933,4,2
229,A,P,-0.2039,0.2485,13,2
229,A,Q,-1.087,0.5619,6,2
229,A,R,-0.03966,0.06208,7,2
229,A,S,-0.656,0.6585,7.5,4
229,A,T,-0.7923,0.6827,16,4
229,A,V,-0.9793,0.814,8.5,4
229,A,W,0.489,0.2255,5,2
229,A,Y,-1.733,0.3055,5,2
230,E,*,-9.271,0.1732,7,2
230,E,A,-5.405,4.234,4.25,4
230,E,C,-9.175,0.1824,6,2
230,E,D,0.3472,0.4504,8,4
230,E,E,0,0,,4
230,E,F,-7.857,1.8,6,2
230,E,G,-0.6404,0.9496,5,4
230,E,H,-9.091,0.08485,13,2
230,E,I,-9.265,0.1039,12,2
230,E,K,-9.36,0.1587,17,4
230,E,L,-9.332,0.309,9,2
230,E,M,-0.9834,0.37,1,2
230,E,N,-8.509,1.673,3,2
230,E,P,-9.54,0.1718,13,2
230,E,Q,-9.032,0,8,2
230,E,R,-9.232,0.3833,11,2
230,E,S,-5.976,0.9737,6,2
230,E,T,-8.076,0.4575,7,2
230,E,V,-8.724,1.302,7,2
230,E,W,-9.076,0.4822,13,2
230,E,Y,-9.304,0.3366,6,2
231,E,*,-8.518,1.548,3.5,4
231,E,A,-0.1694,0.02468,5,2
231,E,C,-2.97,0.7552,8,2
231,E,D,-2.541,0.7955,8,2
231,E,E,0,0,,4
231,E,F,0.295,0.05713,15,2
231,E,G,-4.122,0.5587,7,4
231,E,H,0.229,0.09122,9,2
231,E,I,-0.4058,0.08245,5,2
231,E,K,-5.344,1.149,6.5,4
231,E,L,-3.244,0.6491,10,2
231,E,M,-0.611,0.2394,4,2
231,E,N,-1.219,0.2383,7,2
231,E,P,-9.163,0.2871,9,2
231,E,Q,-0.2654,0.4284,3,4
231,E,R,-7.835,2.17,11,2
231,E,S,0.00024,0.1306,8,2
231,E,T,-0.2467,0.03437,8,2
231,E,V,-0.5526,0.6779,5,2
231,E,W,1.013,0.02864,6,2
231,E,Y,0.6439,0.4458,5,2
232,I,A,-7.064,1.567,4,2
232,I,C,-7.416,1.235,14,2
232,I,D,-9.601,0.04738,10,2
232,I,E,-5.08,1.464,3,2
232,I,F,-0.2928,0.1083,9,2
232,I,G,-9.545,0.2348,7,2
232,I,H,-3.679,0.1266,3,2
232,I,I,0,0,,4
232,I,K,-9.262,0.05445,8,2
232,I,L,0.691,0.06859,7,2
232,I,M,-0.3858,0.1966,13,2
232,I,N,-9.37,0.2609,13,2
232,I,P,-9.587,0.577,17,2
232,I,Q,-4.436,0.6901,11,2
232,I,R,-8.525,1.266,4,2
232,I,S,-9.634,0.1464,7,2
232,I,T,-3.972,4.153,3.5,4
232,I,V,-0.9402,1.221,3,4
232,I,W,-6.446,2.712,7,2
232,I,Y,-2.123,0.5501,8,2
233,E,*,-8.213,3.729,3,4
233,E,A,-2.209,1.198,5.5,4
233,E,C,-8.315,2.266,7,2
233,E,D,-3.408,1.736,8.5,4
233,E,E,0,0,,4
233,E,F,-6.987,2.276,15,2
233,E,G,-6.063,0.8535,15,4
233,E,H,-1.299,0.6981,7,2
233,E,I,-3.628,0.1202,6,2
233,E,K,-6.223,2.639,7,4
233,E,L,-3.63,0.3642,8,2
233,E,M,-3.357,1.087,7,2
233,E,N,-5.496,0.03253,8,2
233,E,P,-4.666,0.4327,10,2
233,E,Q,-3.956,0.1739,7,2
233,E,R,-6.982,0.2595,11,2
233,E,S,-2.089,0.6194,9,2
233,E,T,-2.438,0.06576,7,2
233,E,V,-3.372,2.431,8.5,4
233,E,W,-3.679,2.215,2,2
233,E,Y,-3.239,0.6109,10,2
234,V,A,-8.204,0.9504,4.25,4
234,V,C,-8.309,0.3161,7,2
234,V,D,-9.139,0.181,10,2
234,V,E,-6.372,3.308,6,4
234,V,F,-3.404,0.2022,12,2
234,V,G,-8.897,1.932,4,4
234,V,H,-9.323,0.05657,12,2
234,V,I,-2.051,0.04667,11,2
234,V,K,-9.154,0.2355,8,2
234,V,L,-1.822,1.751,8,4
234,V,M,-1.322,0.2917,9.5,4
234,V,N,-9.236,0.1994,5,2
234,V,P,-9.639,0.04738,10,2
234,V,Q,-9.535,0.3231,9,2
234,V,R,-9.616,0.1994,8,2
234,V,S,-9.148,0.5035,13,2
234,V,T,-4.003,0.5056,8,2
234,V,V,0,0,,4
234,V,W,-9.545,0.3182,4,2
234,V,Y,-6.102,0.2645,8,2
235,H,-,-0.1215,0.6493,2,2
235,H,A,-0.3358,0.2341,6,2
235,H,C,-1.237,0.05515,9,2
235,H,D,-8.653,4.933,3.5,4
235,H,E,-4.848,1.218,5,2
235,H,F,-0.3573,0.171,7,2
235,H,G,-0.1383,0.1629,13,2
235,H,H,0,0,,4
235,H,I,-0.7986,0.07488,10,2
235,H,K,-2.812,0.6696,2,2
235,H,L,-0.7795,0.8241,4.25,4
235,H,M,-0.8379,0.08252,13,2
235,H,N,-1.329,0.8223,5,4
235,H,P,-9.511,0.2793,7,2
235,H,Q,-0.3911,2.836,5.5,4
235,H,R,-7.973,0.9093,5.5,4
235,H,S,-0.332,0.1499,12,2
235,H,T,-0.5205,0.08535,12,2
235,H,V,-1.878,0.005657,8,2
235,H,W,-0.6684,0.369,10,2
235,H,Y,-1.518,0.611,12,4
236,M,-,0.1089,0.7043,2,2
236,M,A,-9.284,0.09899,8.5,2
236,M,C,-7.849,1.551,10,2
236,M,D,-3.564,0.6314,11,2
236,M,E,-0.7482,0.1691,11,2
236,M,F,-4.723,0.4547,8,2
236,M,G,-8.268,1.348,8,2
236,M,H,-3.454,0.6845,7,2
236,M,I,-4.003,0.8695,18.5,4
236,M,K,-3.75,0.4038,9,2
236,M,L,-1.018,1.024,6,4
236,M,M,0,0,,4
236,M,N,-2.752,0.2531,7,2
236,M,P,-9.115,0.2857,10,2
236,M,Q,-0.7029,7.071e-05,8,2
236,M,R,-5.426,2.038,5.5,4
236,M,S,-9.803,0.07566,9,2
236,M,T,-2.271,2.376,4,4
236,M,V,-6.526,1.976,7.5,4
236,M,W,-6.203,1.17,5,2
236,M,Y,-3.781,0.2482,8,2
237,P,-,-0.7071,1.92,2,2
237,P,A,-1.273,0.08061,4,2
237,P,C,-9.674,0.1966,4,2
237,P,D,-9.27,0.08768,5,2
237,P,E,-8.041,0.1273,3,2
237,P,F,-7.886,1.774,7,2
237,P,G,-2.805,0.5339,9,2
237,P,H,-9.297,0.4294,6,4
237,P,I,-8.934,0.2616,6,2
237,P,K,-8.255,1.595,3,2
237,P,L,-9.115,1.773,10,4
237,P,M,-7.1,2.84,3,2
237,P,N,-7.053,2.522,6,2
237,P,P,0,0,,4
237,P,Q,-8.648,0.944,13,2
237,P,R,-7.521,2.029,4,2
237,P,S,-4.368,0.9582,13,4
237,P,T,-4.079,4.412,6.5,4
237,P,V,-4.557,0.1351,3,2
237,P,W,-9.462,0.4448,8,2
237,P,Y,-8.884,0.00495,11,2
238,P,-,-1.633,2.061,2,2
238,P,A,-3.421,1.777,3.5,4
238,P,C,-8.666,0.3444,9,2
238,P,D,-9.311,0.03041,5,2
238,P,E,-9.216,0.4596,4,2
238,P,F,-4.614,0.705,4,2
238,P,G,-6.832,1.692,6,2
238,P,H,-9.158,0.005657,7,2
238,P,I,-9.398,0.292,14,2
238,P,K,-9.148,0.2729,6,2
238,P,L,-9.367,0.406,7.5,4
238,P,M,-8.198,0.3281,9,2
238,P,N,-9.272,0.06505,6,2
238,P,P,0,0,,4
238,P,Q,-9.398,0.2539,8,2
238,P,R,-7.207,1.823,7,2
238,P,S,-5.679,2.407,4,4
238,P,T,-8.91,1.031,6.5,4
238,P,V,-8.855,1.258,6,2
238,P,W,-8.934,1.068,6,2
238,P,Y,-9.569,0.2086,5,2
239,D,-,-0.916,1.086,2,2
239,D,A,-4.335,0.6831,6,2
239,D,C,-9.426,0.6463,6,2
239,D,D,0,0,,4
239,D,E,-2.054,0.7755,4,4
239,D,F,-7.983,0.5218,8,2
239,D,G,-5.666,4.884,4.75,4
239,D,H,-9.179,0.3253,5,2
239,D,I,-8.618,1.376,8,2
239,D,K,-9.285,0.09122,9,2
239,D,L,-6.473,0.8902,13,2
239,D,M,-7.127,0.8676,4,2
239,D,N,-1.301,2.49,8.5,4
239,D,P,-4.022,1.016,5,2
239,D,Q,-8.413,1.396,5,2
239,D,R,-8.403,2.009,9,2
239,D,S,-6.679,0.6265,7,2
239,D,T,-9.457,0.2934,8,2
239,D,V,-6.817,2.948,3,2
239,D,W,-5.754,0.3281,5,2
239,D,Y,-5.488,1.424,7,4
240,T,-,-0.8754,1.782,1.5,4
240,T,A,-6.515,0.2821,9,2
240,T,C,-6.768,0.507,7,2
240,T,D,-1.395,0.35,6,2
240,T,E,-3.695,0.1174,7.5,2
240,T,F,-2.583,0.3451,4,2
240,T,G,-9.337,0.3995,5,2
240,T,H,-1.673,0.367,8,2
240,T,I,-1.413,0.1814,8.5,4
240,T,K,-9.054,0.04101,6,2
240,T,L,-0.5406,2.041,1,2
240,T,M,-3.005,0.3168,6,2
240,T,N,-5.332,1.504,4,2
240,T,P,-9.125,0.49,10,2
240,T,Q,-2.304,0.6541,10,2
240,T,R,-8.107,1.452,7,4
240,T,S,-1.811,0.2489,5,2
240,T,T,0,0,,4
240,T,V,-1.332,0.05233,7,2
240,T,W,-2.204,0.0396,8,2
240,T,Y,-1.189,0.2263,11,2
241,P,-,0.1064,0.6648,1.5,4
241,P,A,-2.282,3.946,2,2
241,P,C,-8.932,0.8825,5,2
241,P,D,-9.267,0.1478,9,2
241,P,E,-7.452,1.854,4,2
241,P,F,-7.794,0.536,5,2
241,P,G,-4.689,7.027,7,2
241,P,H,-8.377,1.195,3.5,4
241,P,I,-8.658,1.023,10,2
241,P,K,-8.248,2.028,6,2
241,P,L,-7.098,4.16,7,4
241,P,M,-9.597,0.1301,5,2
241,P,N,-9.441,0.1527,9,2
241,P,P,0,0,,4
241,P,Q,-7.923,0.8231,5.5,2
241,P,R,-8.909,1.042,4,2
241,P,S,-8.849,0.5174,15,4
241,P,T,-8.482,1.085,6.5,4
241,P,V,-6.848,2.732,5,2
241,P,W,-8.84,0.06293,4,2
241,P,Y,-7.877,0.333,8,2
242,D,-,-0.1365,1.58,1.5,4
242,D,A,-8.25,1.949,3,2
242,D,C,-4.359,0.2305,4,2
242,D,D,0,0,,4
242,D,E,-8.418,0.3691,1,2
242,D,F,-9.035,0.7389,6,2
242,D,G,-8.512,2.294,4,4
242,D,H,-6.564,2.363,2,4
242,D,I,-9.445,0.1485,4,2
242,D,K,-6.225,2.431,2,2
242,D,L,-7.939,0.4936,4,2
242,D,M,-4.174,0.2475,4,2
242,D,N,-9.387,0.9622,11.5,4
242,D,P,-8.575,1.085,5,2
242,D,Q,-9.195,0.4151,7,2
242,D,R,-8.98,0.3239,6,2
242,D,S,-9.45,0.1796,4,2
242,D,T,-9.3,0.3132,3,2
242,D,V,-8.183,1.896,8,2
242,D,W,-9.079,0.5197,5,2
242,D,Y,-3.777,3.734,5,4
243,R,*,0.5877,0.7599,1,2
243,R,-,-0.6489,1.925,2,4
243,R,A,-2.319,0.02546,6,2
243,R,C,-2.929,0.05303,7,2
243,R,D,-1.441,0.7204,7,2
243,R,E,-1.281,0.03818,6,2
243,R,F,0.2144,0.6372,8,2
243,R,G,-2.082,1.816,4.5,4
243,R,H,-0.6179,0.1773,6,2
243,R,I,-0.4347,1.088,8.5,4
243,R,K,-1.012,0.4099,13,4
243,R,L,-1.26,0.1541,4,2
243,R,M,0.1115,0.1008,11,2
243,R,N,-0.278,0.3968,2,2
243,R,P,-1.873,0.007778,5,2
243,R,Q,-1.134,0.09758,5,2
243,R,R,0,0,,4
243,R,S,0.0016,1.059,6,2
243,R,T,-0.3589,0.4234,2.5,4
243,R,V,-1.315,0.02687,4,2
243,R,Y,0.9909,0.02411,3,2
244,T,-,-3.21,1.225,1.5,4
244,T,A,-0.8313,0.2123,6,2
244,T,C,-5.161,0.8118,4,2
244,T,D,-0.9023,0.1989,7,2
244,T,E,-3.787,1.766,4,2
244,T,F,-1.498,0.0198,9,2
244,T,G,-0.987,0.1598,5,2
244,T,H,-1.167,0.5692,6.5,2
244,T,I,-8.906,1.409,6,4
244,T,K,-3.69,0.2744,5,2
244,T,L,-2.078,0.1584,6,2
244,T,N,-0.9752,0.4584,3,4
244,T,P,-3.767,0.6357,3,2
244,T,Q,-0.1279,0.1978,3,2
244,T,R,-1.616,0.5317,3,2
244,T,S,0.02856,0.09556,9,2
244,T,T,0,0,,4
244,T,V,-6.134,1.621,5,2
244,T,W,-0.7848,0.4839,4,2
244,T,Y,-2.016,0.6767,1,2
245,L,-,-0.1629,1.599,1.5,4
245,L,A,-5.541,1.196,3,2
245,L,C,-8.021,0.04596,5,2
245,L,D,-8.048,0.8811,4,2
245,L,E,-9.078,0.454,3,2
245,L,F,-3.273,1.041,2,2
245,L,G,-8.389,0.9581,4,2
245,L,H,-8.841,0.4929,4,2
245,L,I,-0.9265,0.3769,4,2
245,L,K,-8.986,0.3401,11,2
245,L,L,0,0,,4
245,L,M,-0.6291,0.9101,9,4
245,L,N,-9.384,0.1747,3,2
245,L,P,-8.381,0.5594,19,4
245,L,Q,-8.844,1.213,5.5,4
245,L,R,-8.634,0.2376,5,2
245,L,S,-0.2715,2.03,1,2
245,L,T,-7.811,1.833,7,2
245,L,V,-2.837,0.2121,11,2
245,L,W,-6.346,0.7022,2,2
245,L,Y,-8.231,0.5148,5,2
246,M,-,-0.6772,1.688,1.5,4
246,M,A,-3.687,2.893,3,2
246,M,C,-6.93,2.051,7,2
246,M,D,-8.524,1.609,3,2
246,M,E,-9.439,0.169,7,2
246,M,F,-1.143,1.417,2,2
246,M,G,-8.772,1.252,9,2
246,M,H,-4.575,5.224,1,2
246,M,I,-1.012,0.4797,6.5,4
246,M,K,-3.997,3.103,3.5,4
246,M,L,0.5878,0.1692,4,4
246,M,M,0,0,,4
246,M,N,-9.093,0.4122,7,2
246,M,P,-9.178,0.3309,5,2
246,M,Q,-6.872,0.5289,3,2
246,M,R,0.9381,0.1823,2,2
246,M,S,-9.077,0.4327,6,2
246,M,T,-5.436,2.608,3,2
246,M,V,-1.1,1.245,5.5,4
246,M,W,-6.562,1.378,3,2
246,M,Y,-8.462,1.327,4,2
247,S,-,-1.357,1.549,1.5,4
247,S,A,0.121,0.09489,3,2
247,S,C,-6.258,1.244,2,4
247,S,D,-4.518,0.1662,6,2
247,S,E,-1.501,0.1245,4,2
247,S,F,-0.4846,1.735,3,4
247,S,G,-2.659,0.5706,9,2
247,S,H,0.3174,0.04511,4,2
247,S,I,0.061,0.6355,6,2
247,S,K,-0.4732,0.8313,1,2
247,S,L,-2.45,1.678,2,2
247,S,M,-0.2393,0.2635,5.5,2
247,S,N,-1.163,0.4948,4,2
247,S,P,-8.9,0.871,3.5,4
247,S,Q,-0.584,0.537,2,2
247,S,R,-0.6351,0.5726,2,2
247,S,S,0,0,,4
247,S,T,0.2104,0.9575,4.5,4
247,S,V,-0.8337,0.4177,6,2
247,S,W,-3.248,0.722,3,2
247,S,Y,-2.905,2.611,2.5,4
248,Q,*,-3.798,2.239,4,4
248,Q,A,-2.058,0.5636,3,2
248,Q,C,-7.45,2.649,8,2
248,Q,D,-0.8018,0.4557,5,2
248,Q,E,-0.7732,0.4099,5,2
248,Q,F,-6.274,2.524,4,2
248,Q,G,-5.115,2.389,5,2
248,Q,H,-3.548,2.787,9,4
248,Q,I,-7.822,0.741,4,2
248,Q,K,-7.848,2.347,5.5,4
248,Q,L,-8.277,0.9242,8,2
248,Q,M,-3.013,0.7128,4,2
248,Q,N,-2.727,0.2814,8,2
248,Q,P,-2.285,0.09899,9,2
248,Q,Q,0,0,,4
248,Q,R,-6.95,1.063,7.5,4
248,Q,S,-2.283,0.2687,5,2
248,Q,T,-1.726,0.7057,4,2
248,Q,V,-4.798,0.9221,5,2
248,Q,W,-4.213,0.09829,8,2
248,Q,Y,-3.84,1.315,5,2
249,Q,*,-9.451,0.3381,11.5,4
249,Q,A,-0.4609,0.3139,4,2
249,Q,C,-1.53,0.4561,5,2
249,Q,D,0.8222,0.1546,2,2
249,Q,E,-0.01597,0.1357,6,2
249,Q,F,-0.7609,0.09044,8,2
249,Q,G,-1.713,0.3493,2,2
249,Q,H,-0.08699,0.4578,8,4
249,Q,I,0.2802,0.3603,5,2
249,Q,K,-2.585,0.5824,5.5,4
249,Q,L,-0.761,0.8711,4.5,4
249,Q,M,-1.159,0.7997,5,2
249,Q,N,-0.6305,0.2769,4,2
249,Q,P,-6.891,2.326,1,2
249,Q,Q,0,0,,4
249,Q,R,-2.329,0.5454,5,4
249,Q,S,-0.3684,0.236,5,2
249,Q,T,-0.1989,0.07163,4,2
249,Q,V,-0.2945,0.1015,4,2
249,Q,W,-0.01929,0.07978,3,2
249,Q,Y,-1.494,0.3557,7,2
250,S,*,-3.693,6.555,1,2
250,S,A,-0.9208,0.06788,4,2
250,S,C,-7.65,0.1117,7,2
250,S,D,-1.075,0.04172,10,2
250,S,E,-0.2135,0.1856,4,2
250,S,F,-1.688,0.4801,7,2
250,S,G,-0.5987,1.444,2,4
250,S,H,-1.262,0.145,4,2
250,S,I,-1.826,0.537,6.5,4
250,S,K,-0.1975,0.1268,6,2
250,S,L,0.9204,0.1169,5,2
250,S,M,-0.8451,0.01676,8,2
250,S,N,0.5246,0.5056,11,4
250,S,P,-3.451,0.3507,6,2
250,S,Q,0.2962,0.03479,7,2
250,S,R,-1.679,3.098,5.5,4
250,S,S,0,0,,4
250,S,T,-1.549,0.7861,6,2
250,S,V,-2.058,0.3854,4,2
250,S,W,-1.359,0.1846,5,2
250,S,Y,-0.9568,1.318,4,2
251,G,A,0.1898,0.5193,6,2
251,G,C,-9,1.205,8,4
251,G,D,-0.00911,0.1415,23.5,4
251,G,E,-0.5504,0.3085,1,2
251,G,F,-0.6689,0.07785,9,2
251,G,G,0,0,,4
251,G,H,0.6155,0.03451,8,2
251,G,I,-1.551,0.07283,7,2
251,G,K,-0.233,0.148,6,2
251,G,L,0.09028,0.05434,4,2
251,G,M,-0.6643,0.1808,8,2
251,G,N,0.8777,0.01916,4,2
251,G,P,-4.007,0.6916,4,2
251,G,Q,-0.0124,0.4333,8,2
251,G,R,-1.343,0.8242,6,2
251,G,S,-0.7289,1.671,7,4
251,G,T,0.9123,0.0292,2,2
251,G,V,-0.7511,0.7945,4,4
251,G,W,-2.582,0.1252,3,2
251,G,Y,-0.8541,0.101,3,2
252,N,A,-0.2611,0.137,4,2
252,N,C,-9.07,0.2694,5,2
252,N,D,-0.05777,0.4172,4.5,4
252,N,E,-1.8,0.9185,4,2
252,N,F,-1.701,0.9914,4,2
252,N,G,0.04935,0.2525,3,2
252,N,H,-0.1733,0.04115,7,2
252,N,I,-5.643,0.2977,4,2
252,N,K,-1.494,0.348,6,4
252,N,L,-4.923,0.2857,4,2
252,N,M,-1.979,0.0891,8,2
252,N,N,0,0,,4
252,N,P,-9.377,0.3239,6,2
252,N,Q,-1.365,0.03889,5,2
252,N,R,-2.612,0.4165,5,2
252,N,S,-0.5446,0.5627,3,4
252,N,T,-0.8941,0.475,3,2
252,N,V,-3.912,0.14,6,2
252,N,W,-4.135,0.3995,5,2
252,N,Y,-1.088,0.4842,2,2
253,V,-,-1.587,1.46,2,2
253,V,A,-9.186,1.15,6,4
253,V,C,-8.866,0.8683,5,2
253,V,D,-8.189,2.211,5,2
253,V,E,-9.462,0.2418,3,2
253,V,F,-8.992,0.8252,4,2
253,V,G,-9.028,0.07637,2,2
253,V,H,-8.927,1.344,6,2
253,V,I,-3.6,0.7538,6,2
253,V,K,-8.377,1.558,6,2
253,V,L,-5.881,1.911,11,4
253,V,M,-7.602,2.212,16.5,4
253,V,N,-9.168,0.2835,6,2
253,V,P,-3.137,5.198,1,2
253,V,Q,-9.57,0.08627,5,2
253,V,R,-9.277,0.1725,3,2
253,V,S,-9.003,0.4363,4,2
253,V,T,-8.03,2.252,4,2
253,V,V,0,0,,4
253,V,W,-6.795,2.452,2,2
253,V,Y,-9.637,0.1803,5,2
254,K,-,-7.793,0.5028,3,2
254,K,A,-0.1753,0.06986,4,2
254,K,C,-4.22,0.4794,5,2
254,K,D,-9.476,0.007778,6,2
254,K,E,-4.184,1.742,5,2
254,K,F,-1.055,0.4233,5,2
254,K,G,-5.416,0.7297,4,2
254,K,H,-0.2345,0.06421,8,2
254,K,I,0.2588,0.8121,1,2
254,K,K,0,0,,4
254,K,L,0.9983,0.0816,2,2
254,K,M,-0.01977,0.2694,4.5,4
254,K,N,-5.428,1.592,5,4
254,K,P,-9.366,0.2086,6,2
254,K,Q,-0.2058,0.2449,3,2
254,K,R,0.5086,0.3249,4.5,4
254,K,S,-5.569,0.1888,7,2
254,K,T,-3.921,0.5374,7,2
254,K,V,-0.2017,0.4581,5,2
254,K,W,-1.582,0.1633,4,2
254,K,Y,0.1966,0.009263,8,2
255,I,-,-1.972,0.7057,2,2
255,I,A,-7.074,1.831,4,2
255,I,C,-4.091,5.957,1,2
255,I,E,-8.884,0.98,6,2
255,I,F,-2.3,1.713,4,2
255,I,G,-8.829,0.05586,2,2
255,I,H,-9.602,0.2171,4,2
255,I,I,0,0,,4
255,I,K,-8.773,0.84,5,2
255,I,L,-1.086,0.3362,1,2
255,I,M,-2.924,3.223,3,4
255,I,N,-8.775,1.066,3.5,4
255,I,P,-9.553,0.128,8,2
255,I,Q,-9.523,0.1428,8,2
255,I,R,-9.21,0.3408,6,2
255,I,S,-7.931,0.7488,3,2
255,I,T,-5.67,4.544,3,4
255,I,V,-1.336,0.9359,5.5,4
255,I,W,-8.701,0.6901,4,2
255,I,Y,-8.736,0.2673,9,2
256,T,*,-5.966,3.42,1,2
256,T,-,-1.411,0.9552,2,2
256,T,A,-1.56,0.6505,11.5,4
256,T,C,-2.375,0.2963,5,2
256,T,D,-2.807,1.194,2.5,2
256,T,E,-1.746,0.3295,5,2
256,T,F,-2.308,0.2786,8,2
256,T,G,-6.264,1.565,2,2
256,T,H,-0.2326,0.03882,7,2
256,T,I,-0.8923,0.5152,16,4
256,T,K,-0.2457,0.7203,5,2
256,T,L,-1.407,0.05728,9,2
256,T,M,-0.5472,0.3051,4,2
256,T,N,-0.9992,0.2988,6,4
256,T,P,-9.259,0.05303,7,2
256,T,Q,0.2263,0.7615,6,2
256,T,S,0.2681,0.2549,4,2
256,T,T,0,0,,4
256,T,V,-0.9103,0.281,7,2
256,T,W,-1.677,0.6908,4,2
256,T,Y,-1.014,0.2062,8,2
257,V,-,0.086,1.417,1,2
257,V,A,-0.05808,0.8415,6.5,4
257,V,C,-2.865,0.3557,5,2
257,V,D,-9.434,0.2404,4,2
257,V,E,-5.649,3.34,5.5,4
257,V,F,-9.417,0.03253,9,2
257,V,H,-9.101,0.8803,5,2
257,V,I,-7.322,1.803,4,2
257,V,K,-8.799,1.604,6,2
257,V,L,-0.398,3.432,2.5,4
257,V,M,-8.693,0.3059,26,4
257,V,N,-8.873,1.084,11,2
257,V,P,-1.242,0.6708,6,2
257,V,Q,-9.454,0.734,8,2
257,V,R,-7.736,2.271,5,2
257,V,S,-0.9004,0.1635,4,2
257,V,T,0.1008,0.08765,5,2
257,V,V,0,0,,4
257,V,W,-9.038,0.5473,7,2
257,V,Y,-9.287,0.1146,4.5,2
258,N,-,-1.592,2.176,2,2
258,N,A,-2.06,0.594,2,2
258,N,C,-8.69,1.136,7,2
258,N,D,-0.1971,0.1687,3,2
258,N,E,-0.9491,1.79,1,2
258,N,F,-3.361,0.2072,7,2
258,N,G,0.9455,0.3287,1,2
258,N,H,-1.26,0.35,5,2
258,N,I,-3.562,0.006364,4,2
258,N,K,-3.242,2.458,3,4
258,N,L,-0.7918,0.1114,4,2
258,N,M,-1.027,1.079,6,2
258,N,N,0,0,,4
258,N,P,-2.809,0.04031,10,2
258,N,Q,-0.6355,0.3131,4,2
258,N,R,-0.3088,0.1515,5,2
258,N,S,-1.099,0.09122,6,2
258,N,T,-3.711,0.03182,3,2
258,N,V,-1.59,0.09334,6,2
258,N,W,-2.967,1.587,1,2
258,N,Y,0.9928,0.03429,3,2
259,S,-,0.6249,0.2263,2,2
259,S,C,-1.169,0.8371,2,4
259,S,D,0.004195,0.1318,4,2
259,S,E,-0.4876,0.03161,5,2
259,S,F,-0.1947,0.2618,7,2
259,S,G,0.7263,0.1102,4,4
259,S,H,-0.4137,0.04907,4,2
259,S,I,-8.396,0.6493,3.5,4
259,S,K,-0.0597,0.2652,3,2
259,S,L,0.3012,0.1865,3,2
259,S,M,-0.1303,0.215,6,2
259,S,N,-0.1351,0.4201,23.25,4
259,S,P,-5.59,5.448,5,2
259,S,Q,-0.4693,0.03783,5,2
259,S,R,-0.2222,0.629,5.5,4
259,S,S,0,0,,4
259,S,T,-0.2773,0.1844,3.5,4
259,S,V,-4.2,0.3974,7,2
259,S,W,-1.699,0.1973,6,2
259,S,Y,-1.096,1.413,8,2
260,Q,*,-4.914,5.662,3,4
260,Q,-,-0.4585,0.3442,2,2
260,Q,A,0.7665,0.107,1,2
260,Q,C,-3.659,0.2885,6,2
260,Q,D,-3.654,0.7163,5,2
260,Q,E,-2.585,0.2807,8,2
260,Q,F,-0.1727,0.167,4,2
260,Q,G,-2.03,0.7743,2,2
260,Q,H,0.2621,0.175,5.25,4
260,Q,I,-6.397,0.927,5,2
260,Q,K,-0.4662,0.4292,3.5,4
260,Q,L,0.1469,0.3437,8,2
260,Q,M,0.6564,0.5368,7,2
260,Q,N,1.087,0.04879,4,2
260,Q,P,-4.873,5.437,2,2
260,Q,Q,0,0,,4
260,Q,R,-0.2879,0.5458,5.5,4
260,Q,S,-3.642,0.7227,4,2
260,Q,T,-3.784,0.5289,6,2
260,Q,V,-2.429,2.428,1,2
260,Q,W,-0.0112,0.1584,5,2
260,Q,Y,-0.9115,1.098,3,2
261,T,*,-4.893,3.818,1,2
261,T,-,-3.161,5.438,2,2
261,T,A,-0.3989,0.413,9.75,4
261,T,C,-4.561,0.2602,9,2
261,T,D,-3.123,0.8132,7,2
261,T,E,-2.228,0.1457,4,2
261,T,F,-2.28,0.01202,8,2
261,T,G,-6.594,2.087,8,2
261,T,H,-0.6513,0.3789,6.5,2
261,T,I,-1.893,0.8678,8,4
261,T,K,-3.824,0.9652,4,2
261,T,L,-4.502,0.0792,7,2
261,T,M,-1.109,0.1656,3,2
261,T,N,-2.091,1.358,4,4
261,T,P,-4.392,0.4448,11,2
261,T,Q,-1.765,0.4087,5,2
261,T,R,-1.711,2.358,2,2
261,T,S,-0.1485,0.4835,2.5,4
261,T,T,0,0,,4
261,T,V,-0.8968,0.3637,5,2
261,T,W,-0.462,0.3438,6,2
261,T,Y,-1.168,0.4848,4,2
262,V,-,-0.4952,1.046,2,2
262,V,A,-7.854,1.569,5,2
262,V,C,-9.582,0.181,2,2
262,V,D,-9.224,0.2673,5,2
262,V,E,-8.025,2.298,3,2
262,V,F,-9.441,0.0495,7,2
262,V,G,-9.284,0.705,4,2
262,V,H,-9.22,0.4193,4,2
262,V,I,0.07781,0.005176,2,2
262,V,K,-9.376,0.3875,5,2
262,V,L,-9.023,0.4665,9,4
262,V,M,-9.62,0.3925,15.5,4
262,V,N,-8.787,0.4936,10,2
262,V,P,-8.677,0.5169,4,2
262,V,Q,-9.672,0.04667,4,2
262,V,R,-8.936,0.2362,8,2
262,V,S,-7.321,2.539,4,2
262,V,T,-9.212,0.07283,5,2
262,V,V,0,0,,4
262,V,W,-9.414,0.3465,8,2
262,V,Y,-9.556,0.01697,6,2
263,R,-,-3.095,0.5028,3,2
263,R,A,-1.647,0.5636,5,2
263,R,C,-9.319,0.198,3,2
263,R,D,-8.505,1.03,3,2
263,R,E,-4.194,7.417,2,2
263,R,F,-1.726,3.788,3,2
263,R,G,-8.81,1.105,3,2
263,R,H,-3.665,0.3564,5,2
263,R,I,-2.221,0.3168,6,2
263,R,K,0.6566,0.2065,2,2
263,R,L,-1.994,2.1,6.75,4
263,R,M,-2.81,0.1259,2,2
263,R,N,-4.49,0.9115,4,2
263,R,P,-9.317,0.03606,4,2
263,R,Q,-5.109,1.84,9.25,4
263,R,R,0,0,,4
263,R,S,-4.315,0.07354,2.5,2
263,R,T,-2.519,0.3302,1,2
263,R,V,-2.182,0.06223,4,2
263,R,W,-4.03,0.6378,42.5,4
263,R,Y,-2.545,0.009192,5,2
264,Y,*,-0.7443,0.2391,1,2
264,Y,-,-1.453,2.755,2,2
264,Y,A,-7.157,0.9723,3,2
264,Y,C,-8.508,4.735,3.5,4
264,Y,D,-5.815,0.5904,3,2
264,Y,E,-9.37,0.2348,5,2
264,Y,F,-0.2934,0.4833,4,2
264,Y,G,-6.967,2.734,2,2
264,Y,H,-8.393,1.716,10,4
264,Y,I,-8.893,0.2864,10,2
264,Y,K,-8.811,0.3302,5,2
264,Y,L,-8.142,2.106,3,2
264,Y,M,-9.329,0.4137,8,2
264,Y,N,-5.881,3.957,4.5,4
264,Y,P,-8.107,0.8033,3,2
264,Y,Q,-9.248,0.4179,7,2
264,Y,R,-8.98,0.1082,4,2
264,Y,S,-9.492,0.1789,4,2
264,Y,T,-9.031,0.09263,4,2
264,Y,V,-8.558,1.208,8,2
264,Y,W,0.6315,0.3514,4,2
264,Y,Y,0,0,,4
265,K,-,-1.028,1.105,2,2
265,K,A,-1.428,0.1584,2,2
265,K,C,-9.088,0.3606,5,2
265,K,D,-7.798,2.289,8,2
265,K,E,-5.459,1.558,3.5,4
265,K,F,-0.6654,0.2158,6,2
265,K,G,-4.895,3.277,5,4
265,K,H,-0.7031,0.01421,4,2
265,K,I,-0.4161,0.02376,5,2
265,K,K,0,0,,4
265,K,L,-2.175,0.2355,6,2
265,K,M,-1.224,0.1577,8,2
265,K,N,-2.107,0.3464,5,4
265,K,P,-8.738,0.688,7,2
265,K,Q,0.07795,0.5997,3,4
265,K,R,-0.205,0.2739,5,4
265,K,S,-2.628,0.3811,8,2
265,K,T,0.516,0.3169,5.5,2
265,K,V,-0.5335,0.7049,3,2
265,K,W,-1.454,0.2058,5,2
265,K,Y,-1.653,0.2425,2,2
266,C,*,-6.675,3.258,2,4
266,C,-,-2.151,0.1648,2,2
266,C,A,-7.691,2.472,3,2
266,C,C,0,0,,4
266,C,D,-9.659,0.2192,6,2
266,C,E,-6.069,0.7128,5,2
266,C,F,-9.514,0.2511,5.5,4
266,C,G,-9.296,0.4137,6,2
266,C,H,-9.564,0.1096,4,2
266,C,I,-1.741,0.8294,5,2
266,C,K,-3.498,5.871,1,2
266,C,L,-9.335,0.01838,7,2
266,C,M,-8.244,0.1676,1,2
266,C,N,-7.87,0.111,8,2
266,C,P,-8.63,0.5657,2,2
266,C,Q,-9.549,0.07707,3,2
266,C,R,-9.009,0.79,8.5,4
266,C,S,-8.902,4.206,3.5,4
266,C,T,-9.62,0.1945,4,2
266,C,V,-9.022,0.3932,6,2
266,C,W,-9.511,0.6696,8,2
266,C,Y,-8.916,0.5132,20.5,4
267,N,-,-0.7014,1.723,1,2
267,N,A,-0.0575,0.2998,4,2
267,N,C,-3.002,0.4264,7,2
267,N,D,-0.8702,0.6016,4,4
267,N,E,-2.136,0.1025,4,2
267,N,F,-1.362,0.04667,6,2
267,N,G,-0.331,0.2275,2,2
267,N,H,-0.0426,0.6144,3.5,4
267,N,I,0.5129,0.2299,9,2
267,N,K,-0.08784,0.4851,5,4
267,N,L,-0.4546,0.08683,2,2
267,N,M,0.1627,1.31,7,2
267,N,N,0,0,,4
267,N,P,-9.524,0.1379,4,2
267,N,Q,-0.9517,0.6382,5,2
267,N,R,0.1385,0.2761,9,2
267,N,S,0.4888,0.175,6.5,4
267,N,T,-0.3774,0.1551,6,2
267,N,V,0.7451,0.03316,6,2
267,N,W,0.08822,0.2492,3,2
267,N,Y,0.1216,0.0306,7,2
268,C,*,-9.154,1.379,5.5,4
268,C,A,-9.184,0.2411,7,2
268,C,C,0,0,,4
268,C,D,0.5079,0.2552,1,2
268,C,E,-6.698,0.2638,2,2
268,C,F,-8.944,0.7572,6.5,4
268,C,G,-8.781,0.6421,6,2
268,C,H,-9.694,0.1068,7,2
268,C,I,-9.318,0.08344,4,2
268,C,K,-8.16,1.432,5,2
268,C,L,-9.201,0.1683,7.5,2
268,C,M,-8.627,0.2157,8,2
268,C,N,-7.155,3.389,3,2
268,C,P,-9.558,0.08415,4,2
268,C,Q,-9.545,0.2517,6,2
268,C,R,-8.995,1.26,5.5,4
268,C,S,-8.945,0.8795,4,4
268,C,T,-8.734,0.9108,6,2
268,C,V,-9.401,0.07707,6,2
268,C,W,-9.139,0.05162,10,2
268,C,Y,-9.219,1.449,8.5,4
269,G,A,-0.8362,0.1481,6.5,2
269,G,C,-5.389,1.266,7.5,4
269,G,D,-1.811,0.9802,15,4
269,G,E,-0.7508,0.1493,3,2
269,G,F,-1.32,3.175,1,2
269,G,G,0,0,,4
269,G,H,-0.4675,1.759,2,2
269,G,I,-1.9,0.3083,7,2
269,G,K,-0.4902,0.3246,6,2
269,G,L,-1.835,0.2899,5,2
269,G,M,-2.744,2.714,2,2
269,G,N,-0.6344,0.5054,7,2
269,G,P,-0.8773,0.2216,5,2
269,G,Q,-0.5761,0.3961,5,2
269,G,R,-2.415,0.5989,5,2
269,G,S,-0.4614,1.008,6.5,4
269,G,T,-1.435,0.2786,7,2
269,G,V,-1.582,0.2914,7.5,4
269,G,W,-4.63,0.251,3,2
269,G,Y,-3.768,0.2164,7,2
270,D,A,0.03351,0.1854,5,2
270,D,C,-6.024,0.6732,6,2
270,D,D,0,0,,4
270,D,E,0.3777,0.3194,4,4
270,D,F,-0.1036,1.061,5,2
270,D,G,-1.249,0.08415,8,2
270,D,H,-0.9889,0.8398,2.5,4
270,D,I,0.4608,0.06251,6,2
270,D,L,-0.1406,0.4103,11,2
270,D,M,0.2076,0.2231,3,2
270,D,N,0.1209,0.2762,14.25,4
270,D,P,0.3096,0.1097,2,2
270,D,Q,0.6702,0.04575,3,2
270,D,R,-0.3731,0.1924,6,2
270,D,S,-1.094,0.5697,3,2
270,D,T,-0.2455,0.1757,5,2
270,D,V,-0.1316,0.5591,3,4
270,D,W,-3.109,0.309,2,2
270,D,Y,-0.6107,0.454,6.75,4
271,S,-,0.4727,0.3199,3,4
271,S,A,-0.8401,0.1784,4,2
271,S,C,-2.447,0.2206,6,2
271,S,D,-1.005,0.6087,5,2
271,S,E,0.2025,0.03231,4,2
271,S,F,0.56,0.3519,9,2
271,S,G,-0.4262,0.2524,9.5,4
271,S,H,-0.7999,0.1095,4,2
271,S,I,0.3372,0.2229,7.5,4
271,S,K,0.2908,0.01344,6,2
271,S,L,-0.269,0.4383,3,2
271,S,M,-0.06439,0.1314,5,2
271,S,N,-1.103,1.564,14.5,4
271,S,P,-0.2385,0.206,5,2
271,S,Q,0.1092,0.434,2,2
271,S,R,-0.4141,1.446,3,4
271,S,S,0,0,,4
271,S,T,-1.008,0.5358,5,2
271,S,V,-0.1626,0.03224,6,2
271,S,W,-0.9779,0.867,5,2
271,S,Y,0.5563,0.2674,4,2
272,N,-,-1.05,1.029,2,4
272,N,A,-0.3381,0.4765,1,2
272,N,C,-0.4568,0.9436,9,2
272,N,D,-1.682,1.632,2,4
272,N,E,-0.07852,0.07012,5,2
272,N,F,0.7132,0.08485,6,2
272,N,G,0.5799,0.1481,3,2
272,N,H,0.6106,0.3225,6,2
272,N,I,0.4528,0.06569,8,2
272,N,K,0.454,0.2191,5,4
272,N,L,0.03375,0.3378,5,2
272,N,M,-0.5513,0.3297,6,2
272,N,N,0,0,,4
272,N,P,0.4557,0.07149,4,2
272,N,Q,0.3322,0.2014,6,2
272,N,R,0.9556,0.05699,1,2
272,N,S,0.6291,0.0263,3,2
272,N,T,-0.7429,1.578,2.5,4
272,N,V,0.2626,0.1328,7,2
272,N,W,0.09783,0.05653,10,2
272,N,Y,-0.5458,0.3948,7,2
273,E,*,-8.018,3.423,5,4
273,E,-,0.5185,0.3717,1,2
273,E,A,-0.9904,0.1069,11,2
273,E,C,-3.885,0.4023,4,2
273,E,D,-0.9404,0.5568,10,4
273,E,E,0,0,,4
273,E,F,-1.171,0.1336,5,2
273,E,G,-1.72,0.3152,13,4
273,E,H,-0.4323,0.01153,10,2
273,E,I,0.2832,0.4314,2,2
273,E,K,-3.159,0.3802,9,4
273,E,L,-0.9895,0.2581,8,2
273,E,M,-1.098,0.1315,6,2
273,E,N,-1.501,0.14,2,2
273,E,P,-4.389,0.0502,7,2
273,E,Q,-0.6963,0.2782,9,2
273,E,R,-1.349,0.3797,5,2
273,E,S,-0.2015,0.1183,10,2
273,E,T,-0.4668,0.1625,5,2
273,E,V,-1.202,0.03182,11,2
273,E,W,0.2718,0.3935,12,2
273,E,Y,-0.3766,0.13,7,2
274,G,-,-0.03407,0.03561,1,2
274,G,A,-1.27,0.6058,3,2
274,G,C,-8.236,0.7268,12.5,4
274,G,D,-3.353,2.559,15.75,4
274,G,E,-1.068,0.08202,3,2
274,G,F,-0.673,0.05487,7,2
274,G,G,0,0,,4
274,G,H,-1.288,0.9156,4,2
274,G,I,-2.154,0.1025,11,2
274,G,K,-0.1525,0.1408,5,2
274,G,L,-2.925,1.145,3,2
274,G,M,-0.6052,0.1892,7,2
274,G,N,-2.558,0.845,5,2
274,G,P,-9.242,0.3352,9,2
274,G,Q,-0.581,0.21,6,2
274,G,R,-0.7585,0.1957,6,2
274,G,S,-0.624,0.2365,7.5,4
274,G,T,-2.638,1.001,3,2
274,G,V,-0.1972,0.7494,6,4
274,G,W,-2.607,0.2086,3,2
274,G,Y,-0.07118,0.07215,10,2
275,L,-,-1.258,0.3274,1,2
275,L,A,-2.623,0.3026,8,2
275,L,C,-1.398,0.1089,3,2
275,L,D,-3.04,0.292,5,2
275,L,E,-0.6381,0.3105,3,2
275,L,F,-0.7052,0.0956,5,2
275,L,G,-9.188,0.1747,5,2
275,L,H,-1.423,0.03253,7,2
275,L,I,0.8209,0.1382,6,2
275,L,K,-1.341,0.04525,8,2
275,L,L,0,0,,4
275,L,M,-0.6715,0.4584,9,4
275,L,N,-3.073,0.6392,9,2
275,L,P,-9,0.7948,9.5,4
275,L,Q,-0.2052,0.4384,3,4
275,L,R,-1.871,0.006364,4,2
275,L,S,-0.7983,0.2144,6,2
275,L,T,-0.3445,1.334,3,2
275,L,V,0.8144,0.177,5,2
275,L,W,-1.521,1.202,8,2
275,L,Y,-0.7066,0.1949,8,2
276,T,-,-0.8799,2.305,1,2
276,T,A,-0.3317,0.1248,6.5,4
276,T,C,-9.238,0.268,6,2
276,T,D,-8.808,0.3536,6,2
276,T,E,-9.474,0.06859,5,2
276,T,F,-9.468,0.05798,8,2
276,T,G,-9.657,0.3606,10,2
276,T,H,-8.033,1.57,7,2
276,T,I,-0.4329,0.4258,12,4
276,T,K,-8.826,0.1817,5,2
276,T,L,0.2542,0.3105,3,2
276,T,M,-9.521,0.1308,3,2
276,T,N,-9.433,1.073,6.5,4
276,T,P,-9.28,0.1789,6,2
276,T,Q,-9.561,0.507,5,2
276,T,R,-4.38,7.398,2,2
276,T,S,-5.623,1.263,3.5,4
276,T,T,0,0,,4
276,T,V,-1.185,0.06435,3,2
276,T,W,-8.092,0.3104,8,2
276,T,Y,-7.316,0.6449,6,2
277,T,-,0.8072,0.09475,1,2
277,T,A,-0.4157,0.2764,11,2
277,T,C,-3.082,1.777,2,2
277,T,D,0.7327,0.4516,4,2
277,T,E,0.07615,0.2706,7,2
277,T,F,-0.8919,0.2151,11,2
277,T,G,-1.8,0.6767,7,2
277,T,H,-0.7038,0.03012,3,2
277,T,I,-0.6173,0.3414,11.5,4
277,T,K,-1.32,0.1973,6,2
277,T,L,-0.1955,0.3704,7,2
277,T,M,-0.328,0.1103,6,2
277,T,N,-0.5622,1.07,2.5,4
277,T,P,-4.259,1.833,4,2
277,T,Q,0.01975,0.2395,6,2
277,T,R,-0.5948,0.06378,4,2
277,T,S,0.134,0.02079,11,2
277,T,T,0,0,,4
277,T,V,0.1398,0.563,5,2
277,T,W,-2.582,0.2857,5,2
277,T,Y,-0.6013,0.636,6,2
278,T,-,-1.759,1.558,1,2
278,T,A,0.1503,0.1815,4,2
278,T,C,-4.534,0.1747,7,2
278,T,D,-1.272,0.338,3,2
278,T,E,0.06541,0.02058,2,2
278,T,F,-0.1255,0.3286,6,2
278,T,G,-1.262,0.3953,6,2
278,T,H,-0.8455,0.3388,2,2
278,T,I,-0.03865,0.5521,9,4
278,T,K,-0.572,0.1237,4,2
278,T,L,-0.4125,0.2415,5,2
278,T,M,-0.3574,0.2179,7,2
278,T,N,-0.799,0.6282,6.25,4
278,T,P,-9.423,0.1471,5,2
278,T,Q,0.3556,0.01704,11,2
278,T,R,-0.9501,0.3124,4,2
278,T,S,-0.3378,0.2543,7,2
278,T,T,0,0,,4
278,T,V,0.8078,0.474,3,2
278,T,W,-1.094,0.02828,3,2
278,T,Y,-1.484,0.02687,3,2
279,D,-,0.02915,0.7301,2,2
279,D,A,-6.772,0.09192,10,2
279,D,C,-9.637,0.5084,10,2
279,D,D,0,0,,4
279,D,E,-1.618,1.888,2.5,4
279,D,F,-6.179,3.595,2,2
279,D,G,-8.633,0.513,5,4
279,D,H,-8.822,0.5508,5,2
279,D,K,-8.87,0.5381,5,2
279,D,L,-9.549,0.3345,8,2
279,D,M,-7.732,1.313,6,2
279,D,N,-3.966,1.896,17.5,4
279,D,P,-3.058,0.7262,7,2
279,D,Q,-9.122,0.572,3.5,2
279,D,R,-9.798,0.1372,6,2
279,D,S,-3.176,0.2178,6,2
279,D,T,-2.709,0.1344,6,2
279,D,V,-5.639,1.143,5,2
279,D,W,-9.111,0.4137,3,2
279,D,Y,-6.526,3.913,8.5,4
280,K,*,-6.143,0.1648,1,2
280,K,-,-0.9103,2.111,4.5,4
280,K,A,-0.4869,0.2929,10,2
280,K,C,-7.85,0.8825,11,2
280,K,D,-9.46,0.4434,6,2
280,K,E,-2.301,0.5063,5,2
280,K,F,-0.8374,0.03606,10,2
280,K,G,-9.331,0.3302,5,2
280,K,H,-0.8047,0.1498,11,2
280,K,I,-0.364,2.128,3,4
280,K,K,0,0,,4
280,K,L,0.1653,0.2577,9,2
280,K,M,0.03695,0.4253,8,2
280,K,N,-4.098,2.911,4,4
280,K,P,-9.449,0.05657,10,2
280,K,Q,-0.3284,0.3458,7,2
280,K,R,0.2075,0.03394,8.5,2
280,K,S,-3.503,1.306,5,2
280,K,T,-0.3495,0.08146,5,2
280,K,V,0.3196,0.1403,7,2
280,K,W,-0.6499,0.1115,9,2
280,K,Y,0.1434,0.2818,7,2
281,V,-,-1.206,1.528,4.5,4
281,V,A,-8.274,0.6045,6,4
281,V,C,-5.109,2.157,6,2
281,V,D,-0.465,1.11,3,2
281,V,E,-0.4308,0.8842,2,4
281,V,F,-0.9881,0.7818,7,2
281,V,G,-8.912,0.3656,4,2
281,V,H,-3.378,0.5325,5,2
281,V,I,0.5358,0.05834,9,2
281,V,K,-4.031,1.638,4,2
281,V,L,-0.2087,0.7985,7,4
281,V,M,0.078,2.021,6.5,4
281,V,N,-6.327,0.2164,7,2
281,V,P,-8.04,2.241,4,2
281,V,Q,-1.36,0.08415,7,2
281,V,R,-6.724,0.02333,5,2
281,V,S,-4.812,0.8641,6,2
281,V,T,-0.6085,0.0734,4,2
281,V,V,0,0,,4
281,V,W,-0.9741,0.1426,8,2
281,V,Y,-0.7837,0.08704,6,2
282,I,-,0.00155,2.044,4.5,4
282,I,A,-8.277,1.247,7,2
282,I,C,-8.813,0.9348,6,2
282,I,D,-8.922,0.06788,6,2
282,I,E,-8.55,1.018,4,2
282,I,F,-5.429,1.015,8,2
282,I,G,-8.996,0.5077,8,2
282,I,H,-9.696,0.2206,5,2
282,I,I,0,0,,4
282,I,K,-6.436,2.552,3,2
282,I,L,-1.906,0.3458,8,2
282,I,M,-5.319,1.097,4,2
282,I,N,-6.486,3.7,6,4
282,I,P,-9.389,0.222,3,2
282,I,Q,-7.259,2.203,6,2
282,I,R,-9.116,0.181,5,2
282,I,S,-9.404,0.2079,4,2
282,I,T,-7.997,4.109,4,4
282,I,V,0.4147,1.297,1,4
282,I,W,-8.33,1.399,5,2
282,I,Y,-7.981,1.817,4.5,2
283,N,-,-8.534,0.982,7.5,4
283,N,A,0.01706,0.008379,7,2
283,N,C,-6.378,0.8768,6,2
283,N,D,0.7119,0.1009,1.5,4
283,N,E,0.5629,0.08888,7.5,2
283,N,F,0.1103,0.07403,9,2
283,N,G,0.04881,0.1162,2,2
283,N,H,-0.7173,0.2578,7,2
283,N,I,0.1205,0.07756,7.5,2
283,N,K,0.1314,0.3057,4.5,4
283,N,L,0.0918,0.1368,14,2
283,N,M,0.3746,0.1337,4,2
283,N,N,0,0,,4
283,N,P,0.8529,0.03366,6,2
283,N,Q,-0.196,0.07608,8,2
283,N,R,-1.313,0.1747,3,2
283,N,S,-0.2017,0.2829,6,4
283,N,T,0.487,0.07446,7,2
283,N,V,0.3935,0.1997,5,2
283,N,W,0.2426,0.0128,6,2
283,N,Y,0.4702,0.07212,12,2
284,N,-,-3.835,0.5799,6,4
284,N,A,-8.216,0.2673,5,2
284,N,C,-6.056,2.978,3,2
284,N,D,0.4558,0.4593,3,4
284,N,E,-0.8753,0.03571,3,2
284,N,F,-2.233,0.1202,12.5,2
284,N,G,-1.006,0.04575,3,2
284,N,H,-0.4844,0.4588,3,4
284,N,I,-6.024,0.6074,3,2
284,N,K,-3.128,1.901,3,4
284,N,L,-3.997,1.075,5,2
284,N,M,-1.392,0.09899,10,2
284,N,N,0,0,,4
284,N,P,-9.271,0.008485,11,2
284,N,Q,-0.6149,0.03111,10,2
284,N,R,-2.263,0.3762,8,2
284,N,S,-2.353,2.914,3,4
284,N,T,-3.995,1.293,3,2
284,N,V,-6.8,0.6498,10,2
284,N,W,-4.302,0.4186,7,2
284,N,Y,0.7251,0.204,3,2
285,C,-,-2.114,0.6545,6,4
285,C,A,-8.857,0.05869,1,2
285,C,C,0,0,,4
285,C,D,-7.767,1.932,4,2
285,C,E,-7.347,2.234,4,2
285,C,F,-9.407,0.2799,12,4
285,C,G,-8.924,0.8573,3.5,4
285,C,H,-9.599,0.2277,13,2
285,C,I,-9.509,0.152,11,2
285,C,K,-9.599,0.2093,4,2
285,C,L,-9.198,0.2291,5,2
285,C,M,-7.937,1.206,3,2
285,C,N,-7.399,2.511,3,2
285,C,P,-9.31,0.601,6,2
285,C,Q,-9.74,0.1245,5,2
285,C,R,-8.887,0.9348,2.5,4
285,C,S,-7.334,3.168,2,4
285,C,T,-9.259,0.3012,8,2
285,C,V,-9.087,0.2977,4,2
285,C,W,-9.1,0.3125,6,2
285,C,Y,-9.579,0.383,17,4
286,K,*,-7.184,1.599,1,2
286,K,A,-0.2798,0.4715,12,2
286,K,C,-6.707,3.442,5,2
286,K,D,-0.6454,0.1616,6,2
286,K,E,-0.06725,0.7141,5.75,4
286,K,F,-0.0325,0.2232,5,2
286,K,G,-2.623,1.076,2,2
286,K,H,0.8465,0.01047,13,2
286,K,I,-0.6064,0.04271,8,2
286,K,K,0,0,,4
286,K,L,0.1231,0.156,6,2
286,K,M,-0.01655,0.4999,2,4
286,K,N,0.3602,0.7913,9,4
286,K,P,-5.569,0.2913,11,2
286,K,Q,-0.02982,0.01501,13,2
286,K,R,0.5544,0.2525,8,4
286,K,S,0.05189,0.02114,9,2
286,K,T,-0.00605,0.5625,6.5,4
286,K,V,0.295,0.3035,8,2
286,K,W,-0.2378,0.04992,9,2
286,K,Y,-0.07118,0.2344,5,2
287,V,*,-6.631,0.9914,1,2
287,V,A,-3.37,0.7545,4,4
287,V,C,-9.598,0.128,8,2
287,V,D,-9.71,0.03536,10,2
287,V,E,-2.325,2.295,2.5,4
287,V,F,-7.7,1.876,11,2
287,V,G,-8.273,0.9892,9,2
287,V,H,-9.607,0.1789,6,2
287,V,I,-0.573,0.5392,3,2
287,V,K,-3.705,0.2531,8,2
287,V,L,-0.2736,0.2268,6,4
287,V,M,-1.554,2.363,7,4
287,V,N,-8.322,0.2638,7.5,2
287,V,P,-3.145,0.6746,7,2
287,V,Q,-5.583,0.6795,6,2
287,V,R,-5.003,0.6237,5,2
287,V,S,-6.682,3.279,6,2
287,V,T,-0.1975,0.4241,8.5,2
287,V,V,0,0,,4
287,V,W,-3.051,5.423,3,2
287,V,Y,-7.63,2.457,6,2
288,D,A,0.2277,0.1947,5,2
288,D,C,-8.645,0.4391,6,2
288,D,D,0,0,,4
288,D,E,-0.7788,1.237,9.5,4
288,D,F,-3.925,0.2362,9,2
288,D,G,-0.3049,1.126,8.5,4
288,D,H,0.5995,0.4844,6,2
288,D,I,-7.366,2.586,5,2
288,D,K,-4.093,0.3359,7,2
288,D,L,-7.945,0.2319,5,2
288,D,M,-4.815,1.608,4,2
288,D,N,-0.2411,0.2599,11,4
288,D,P,-4.362,1.146,6,2
288,D,Q,0.02463,0.09062,8.5,2
288,D,R,-5.864,4.038,1,2
288,D,S,-0.3553,1.412,4,2
288,D,T,-0.2715,0.0164,8,2
288,D,V,-3.22,0.1153,8,2
288,D,W,-5.736,0.5607,4,2
288,D,Y,-1.819,0.6502,7,4
289,Q,*,-8.872,1.848,4.5,4
289,Q,A,-1.05,0.4684,7,2
289,Q,C,-8.757,0.198,5,2
289,Q,D,-0.3386,0.2327,4,2
289,Q,E,-1.504,0.945,5.5,4
289,Q,F,-0.7179,0.03762,11,2
289,Q,G,-1.898,3.081,2,2
289,Q,H,-0.7694,0.3439,5,4
289,Q,I,-6.476,0.6569,5,2
289,Q,K,-0.191,0.9171,6,4
289,Q,L,-0.3174,1.244,2,4
289,Q,M,-0.4151,0.2086,9,2
289,Q,N,-0.0339,0.7146,4,2
289,Q,P,-9.017,0.116,5,2
289,Q,Q,0,0,,4
289,Q,R,-0.3456,1.32,6.5,4
289,Q,S,-0.4288,0.01146,7,2
289,Q,T,-4.129,0.7806,5,2
289,Q,V,-2.292,0.1775,3,2
289,Q,W,-2.378,0.792,9,2
289,Q,Y,-0.1933,0.7577,4,2
290,C,*,-3.634,4.68,2.5,4
290,C,A,-7.652,1.634,4,2
290,C,C,0,0,,4
290,C,D,-8.499,1.018,7,2
290,C,E,-9.666,0.3635,7,2
290,C,F,-9.668,0.11,4,4
290,C,G,-7.213,4.32,5.5,4
290,C,H,-9.056,0.5042,6,2
290,C,I,-9.165,0.2517,7,2
290,C,K,-5.231,3.147,3.5,2
290,C,L,-9.159,0.6215,6,2
290,C,M,-8.811,0.4547,8,2
290,C,N,-9.578,0.466,5,2
290,C,P,-7.96,1.492,10,2
290,C,Q,-8.978,1.082,7,2
290,C,R,-6.589,1.826,3,4
290,C,S,-6.084,5.156,5.5,4
290,C,T,-9.494,0.2765,5,2
290,C,V,-8.438,1.459,5,2
290,C,W,-8.988,0.6116,7,2
290,C,Y,-9.418,0.05127,15.5,4
291,H,A,-5.733,0.355,9,2
291,H,C,-7.346,1.247,8,2
291,H,D,-9.447,0.2432,8,2
291,H,E,-9.146,0.3253,12,2
291,H,F,-0.3316,0.1076,11,2
291,H,G,-8.389,0.003536,5,2
291,H,H,0,0,,4
291,H,I,-2.498,0.1619,6,2
291,H,K,-5.936,3.323,1,2
291,H,L,-2.055,0.5382,1,4
291,H,M,-2.46,0.5855,4,2
291,H,N,-5.24,0.4985,11,2
291,H,P,-9.201,0.2234,8,2
291,H,Q,-2.311,1.336,4.5,4
291,H,R,-6.04,2.106,4,4
291,H,S,-3.573,0.3606,3,2
291,H,T,-4.001,1.313,6,2
291,H,V,-4.266,1.715,3,2
291,H,W,0.624,0.02524,1,2
291,H,Y,-0.3609,0.47,10,4
292,A,-,-7.28,0.3924,1,2
292,A,A,0,0,,4
292,A,C,-4.538,0.4483,7,2
292,A,D,-7.531,1.466,4.5,4
292,A,E,-8.58,0.9263,6,2
292,A,F,-9.173,0.3564,8,2
292,A,G,-7.358,0.9687,3,2
292,A,H,-9.458,0.1598,3,2
292,A,I,-3.176,0.973,4,2
292,A,K,-9.189,0.1047,4,2
292,A,L,-5.354,1.47,6,2
292,A,M,-4.758,1.917,4,2
292,A,N,-8.713,1.305,7,2
292,A,P,-8.685,0.8712,6,2
292,A,R,-8.649,1.189,7,2
292,A,S,-1.176,1.344,4.5,4
292,A,T,0.2531,0.3385,15.5,4
292,A,V,-0.5036,0.4818,16.5,4
292,A,W,-8.978,0.1442,5,2
292,A,Y,-9.66,0.215,3,2
293,A,A,0,0,,4
293,A,C,-8.712,0.186,4,2
293,A,D,-5.716,5.005,4.5,4
293,A,E,-9.379,0.7913,4,2
293,A,F,-0.8337,0.06102,3,2
293,A,G,-5.96,1.804,3,4
293,A,H,-6.181,3.586,7,2
293,A,I,-9.495,0.4448,8,2
293,A,K,-1.818,0.1994,4,2
293,A,L,-0.4102,0.01252,6,2
293,A,N,-9.399,0.006364,3,2
293,A,P,-7.492,2.341,6.5,4
293,A,Q,-4.622,1.143,4,2
293,A,R,-3.167,0.4547,5,2
293,A,S,-0.2189,1.292,5,4
293,A,T,-3.202,0.518,20.75,4
293,A,V,-0.7398,0.2241,11.5,4
293,A,W,0.868,0.1735,2,2
293,A,Y,0.1076,0.1217,2.5,2
294,V,-,-4.33,1.716,1,2
294,V,A,-4.333,0.7694,7.5,4
294,V,C,-8.455,1.225,4,2
294,V,D,-7.996,0.4808,3,2
294,V,E,-9.106,1.917,4.5,4
294,V,F,-5.589,0.0594,3,2
294,V,G,-7.927,2.178,6.5,4
294,V,H,-8.125,0.8415,4,2
294,V,I,-0.8677,0.6368,5,2
294,V,K,-9.078,0.1153,3,2
294,V,L,-4.327,2.146,5.5,4
294,V,M,-8.136,0.8518,20.5,4
294,V,N,-8.58,0.454,5,2
294,V,P,-8.742,1.453,14,2
294,V,Q,-7.752,1.52,5,2
294,V,R,-7.205,2.456,6,2
294,V,S,-6.533,1.921,4,2
294,V,T,-3.224,0.6272,6,2
294,V,V,0,0,,4
294,V,W,-9.151,0.5466,5,2
294,V,Y,-1.602,0.8499,6,2
295,T,-,-2.17,2.941,1,2
295,T,A,-4.047,2.167,6.5,4
295,T,C,-7.347,2.053,9,2
295,T,D,-9.627,0.4731,5,2
295,T,E,-6.299,1.138,5,2
295,T,F,-6.247,2.618,2,2
295,T,G,-9.398,0.1619,8,2
295,T,H,-6.315,1.745,12,2
295,T,I,-5.871,1.342,6,4
295,T,K,-5.941,3.04,3,2
295,T,L,-5.338,0.2708,13,2
295,T,M,-4.1,0.7425,8,2
295,T,N,-7.433,1.683,4.5,4
295,T,P,-9.399,0.3203,6,2
295,T,Q,-6.522,1.527,2,2
295,T,R,-7.489,2.099,7,2
295,T,S,-1.1,1.122,4.5,4
295,T,T,0,0,,4
295,T,V,-5.85,0.5077,8,2
295,T,W,-5.931,0.8973,5,2
295,T,Y,-3.115,3.577,2,2
296,N,-,-0.1696,1.792,1,4
296,N,A,0.1963,0.921,3,2
296,N,C,-1.711,0.1556,9,2
296,N,D,0.4348,0.3952,3.5,4
296,N,E,-0.7246,0.49,2,2
296,N,F,-2.456,0.1796,3,2
296,N,G,0.06214,0.139,6,2
296,N,H,-0.6771,0.37,9,2
296,N,I,-4.364,0.9744,9,2
296,N,K,-2.641,0.3189,5,2
296,N,L,-2.76,0.2595,7,2
296,N,M,-0.9153,0.004172,4,2
296,N,N,0,0,,4
296,N,P,-9.692,0.215,5,2
296,N,Q,-0.79,0.3678,7,2
296,N,R,-1.221,2.322,4,2
296,N,S,-3.058,0.2567,9,2
296,N,T,-4.473,0.3316,7,2
296,N,V,-5.328,1.578,7,2
296,N,W,-2.134,0.6986,9,2
296,N,Y,-1.405,0.8139,3,4
297,H,-,-1.066,0.4053,1,4
297,H,A,-2.416,2.632,2,2
297,H,C,-9.137,0.8754,6,2
297,H,D,-4.37,3.514,4,4
297,H,E,-6.725,2.02,6,2
297,H,F,-2.542,0.3274,7.5,2
297,H,G,-3.551,0.8012,2,2
297,H,H,0,0,,4
297,H,I,-2.935,0.297,9,2
297,H,K,-5.553,0.6244,5,2
297,H,L,-2.881,1.092,5,2
297,H,M,-2.852,0.4469,6,2
297,H,N,-5.258,0.7067,7.75,4
297,H,P,-3.969,0.321,4,2
297,H,Q,-6.198,3.213,6,4
297,H,R,-3.471,2.868,6.5,4
297,H,S,-3.966,0.193,2,2
297,H,T,-4.313,0.3359,5,2
297,H,V,-3.96,1.172,5,2
297,H,W,-4.561,0.004243,5,2
297,H,Y,-5.012,2.606,7,4
298,K,*,-1.321,0.08697,1,2
298,K,A,-1.14,0.2874,6,2
298,K,C,-3.704,0.5438,7,2
298,K,D,-1.28,0.1039,2,2
298,K,E,-0.9255,0.8388,9.5,4
298,K,F,-2.486,0.06435,7,2
298,K,H,-1.374,1.051,9,2
298,K,I,-1.167,0.01061,3,2
298,K,K,0,0,,4
298,K,L,-0.6726,0.269,8,2
298,K,M,-0.5297,0.4489,6.5,4
298,K,N,-0.1025,0.53,10.5,4
298,K,P,-4.9,0.1188,5,2
298,K,Q,0.6946,0.5228,3.5,4
298,K,R,0.2724,1.032,4.75,4
298,K,S,-0.4655,0.04646,5,2
298,K,T,0.5533,0.3524,4.25,4
298,K,V,-0.0735,1.607,4,2
298,K,W,-4.549,0.792,5,2
298,K,Y,-3.812,1.725,7,2
299,K,*,-0.8982,1.94,1,2
299,K,A,-1.361,0.005657,8,2
299,K,C,-5.607,0.8867,10,2
299,K,D,-2.888,0.1598,5,2
299,K,E,-1.183,1.141,4,4
299,K,F,-3.575,1.811,9,2
299,K,G,-1.028,0.2483,6,2
299,K,H,0.1528,0.3453,5,2
299,K,I,-5.05,1.107,6,2
299,K,K,0,0,,4
299,K,L,-1.506,0.1266,11,2
299,K,M,-0.9022,0.3391,10,2
299,K,N,-1.058,0.03182,7,2
299,K,P,-9.133,0.9207,3,2
299,K,Q,0.624,0.03818,5,2
299,K,R,-0.8624,0.2526,5,2
299,K,S,-0.5616,0.2776,4,2
299,K,T,-0.555,0.347,3,2
299,K,V,-3.034,0.6894,5,2
299,K,W,-2.901,0.2666,5,2
299,K,Y,-1.002,2.955,1.5,2
300,W,*,-9.491,0.2555,18.5,4
300,W,A,-7.908,0.5303,7,2
300,W,C,-9.235,0.5275,8,4
300,W,D,-9.439,0.1867,4,2
300,W,E,-8.681,0.804,7,2
300,W,F,-4.019,0.9716,3,2
300,W,G,-9.398,0.4221,5,2
300,W,H,-9.037,0.01485,3,2
300,W,I,-9.497,0.1838,7,2
300,W,K,-9.514,0.3521,10,2
300,W,L,-6.907,1.84,4.5,4
300,W,M,-5.171,0.3776,3,2
300,W,N,-9.317,0.6074,3,2
300,W,P,-8.497,0.05869,13,2
300,W,Q,-9.34,0.1591,4,2
300,W,R,-8.411,0.7513,5.5,4
300,W,S,-8.534,0.6944,5,2
300,W,T,-9.403,0.001414,9,2
300,W,V,-7.515,1.882,5,2
300,W,W,0,0,,4
300,W,Y,-7.713,2.319,9,2
301,Q,*,-9.311,0.3903,39.5,4
301,Q,-,-1.837,0.6265,1,2
301,Q,A,-4.38,1.112,5,2
301,Q,C,-8.963,0.8485,9,2
301,Q,D,-7.156,0.4002,6,2
301,Q,E,-3.002,0.2227,7,2
301,Q,F,-8.524,0.6194,5,2
301,Q,G,-6.116,0.2135,2,2
301,Q,H,-1.26,2.083,6.75,4
301,Q,I,-3.992,0.2666,6,2
301,Q,K,-8.614,1.061,3.5,4
301,Q,L,-8.476,1.251,5,2
301,Q,M,-2.68,0.1259,8,2
301,Q,N,-9.003,0.9178,6,2
301,Q,P,-6.663,0.4469,3,2
301,Q,Q,0,0,,4
301,Q,R,-8.066,4.449,7,4
301,Q,S,-6.112,1.566,4.5,4
301,Q,T,-0.8511,0.1788,13,2
301,Q,V,-2.756,0.3316,11,2
301,Q,W,-6.441,0.321,6,2
301,Q,Y,-9.197,0.5749,10,2
302,Y,*,-8.031,1.666,3,4
302,Y,A,-7.008,1.468,4,2
302,Y,C,-6.623,1.774,5,4
302,Y,D,-9.213,0.0007071,9,2
302,Y,E,-9.491,0.1146,6,2
302,Y,F,-0.4819,0.09115,5,2
302,Y,G,-9.389,0.009192,3,2
302,Y,H,-6.569,2.649,6,4
302,Y,I,0.2757,0.348,13,2
302,Y,K,-9.108,0.01556,7,2
302,Y,L,-1.436,0.05091,8,2
302,Y,M,-2.075,0.08556,9,2
302,Y,N,-9.495,0.3062,12,2
302,Y,P,-9.107,0.5819,3,2
302,Y,Q,-9.371,0.007071,3,2
302,Y,R,-9.175,0.2977,6,2
302,Y,S,-7.578,1.436,5,2
302,Y,T,-7.922,1.392,5,2
302,Y,V,1.072,0.1503,3,2
302,Y,W,-7.976,1.801,5,2
302,Y,Y,0,0,,4
303,N,-,-0.562,2.318,1,2
303,N,A,-0.7932,0.01414,9,2
303,N,C,-7.527,1.803,3,2
303,N,D,-3.015,0.3437,5,2
303,N,E,-3.201,0.3366,6,2
303,N,F,-1.226,0.08273,10,2
303,N,G,-2.893,0.3302,6,2
303,N,H,-2.524,0.5056,5,2
303,N,I,-4.822,0.5629,5.5,2
303,N,K,-4.612,5.248,8.5,4
303,N,L,-2.542,0.09829,6,2
303,N,M,-2.077,0.3507,8,2
303,N,N,0,0,,4
303,N,P,-8.91,0.3097,4,2
303,N,Q,-2.567,0.8153,8,2
303,N,R,-2.773,0.1541,11,2
303,N,S,-0.7907,1.291,8,4
303,N,T,-2.145,1.346,3,4
303,N,V,-3.084,0.9093,9,2
303,N,W,-6.091,0.7722,5,2
303,N,Y,-0.2092,0.6116,3,4
304,S,A,-8.729,1.005,6,2
304,S,C,-9.074,5.637,5,3
304,S,D,-9.726,0.1322,6,2
304,S,E,-9.205,0.8655,7,2
304,S,F,-9.433,0.1605,10,2
304,S,G,-9.294,0.1782,19.5,2
304,S,H,-9.077,0.1838,11,2
304,S,I,-8.519,1.215,8.25,4
304,S,K,-8.818,0.8952,4,2
304,S,L,-9.433,0.1796,11,2
304,S,M,-9.079,0.05728,13,2
304,S,N,-6.736,3.053,10,4
304,S,P,-9.605,0.07495,7,2
304,S,Q,-8.648,0.04808,8,2
304,S,R,-8.706,1.905,6.25,4
304,S,S,0,0,,4
304,S,T,-6.788,3.119,4,2
304,S,V,-7.748,1.934,3,2
304,S,W,-8.285,0.9306,7,2
304,S,Y,-9.766,0.2899,9,2
305,P,A,-2.47,0.4766,12,2
305,P,C,-9.476,0.07566,5,2
305,P,D,-8.761,0.2447,9,2
305,P,E,-8.226,1.502,2,2
305,P,F,-9.118,0.256,6,2
305,P,G,-8.866,0.01202,5,2
305,P,H,-4.246,3.122,7.5,4
305,P,I,-9.434,0.05657,6,2
305,P,K,-8.808,0.8917,6,2
305,P,L,-6.769,2.394,8,4
305,P,M,-4.843,3.326,2,2
305,P,N,-8.898,0.02758,7,2
305,P,P,0,0,,4
305,P,Q,-4.287,0.5777,6,2
305,P,R,-7.051,2.314,10,2
305,P,S,-9.654,0.4547,9,2
305,P,T,-8.026,1.899,15,2
305,P,V,-7.63,1.585,8,2
305,P,W,-8.697,1.014,7.5,2
305,P,Y,-7.864,0.2369,7,2
306,L,A,-7.106,1.935,8,2
306,L,C,-5.148,0.1556,4,2
306,L,D,-9.178,0.1478,8,2
306,L,E,-9.508,0.06505,12,2
306,L,F,-0.1454,0.3345,8,2
306,L,G,-4.594,1.073,4,2
306,L,H,-2.724,0.04455,3,2
306,L,I,-7.649,2.164,7,2
306,L,K,-6.254,1.843,11,2
306,L,L,0,0,,4
306,L,M,-0.7916,3.142,7,4
306,L,N,-8.3,0.3557,6,2
306,L,P,-8.655,1.977,8,4
306,L,Q,-5.171,1.507,3.5,4
306,L,R,-3.027,0.4568,9,2
306,L,S,-3.35,0.2878,8,2
306,L,T,-5.59,0.5056,9,2
306,L,V,-4.082,4.548,6,4
306,L,W,-3.442,0.2821,15,2
306,L,Y,-0.4045,0.1665,6,2
307,V,A,-6.963,0.8992,7,4
307,V,C,-9.538,0.5579,5,2
307,V,D,-0.6786,2.236,1,2
307,V,E,-5.275,5.255,4,4
307,V,F,-7.735,1.367,8,2
307,V,G,-9.393,0.2567,9,2
307,V,H,-9.546,0.3415,4,2
307,V,I,-1.422,0.1457,7,2
307,V,K,-8.052,0.6244,2,2
307,V,L,-0.0218,0.4035,10,4
307,V,M,-1.913,0.8667,9.5,4
307,V,N,-4.111,0.3458,8,2
307,V,P,-8.601,0.3924,9,2
307,V,Q,-2.099,0.1846,5.5,2
307,V,R,-8.925,0.2157,7,2
307,V,S,-3.506,0.004243,8,2
307,V,T,-1.718,0.6173,1,2
307,V,V,0,0,,4
307,V,W,-4.192,0.1676,6,2
307,V,Y,-7.733,2.444,4,2
308,P,A,-4.196,0.4525,7,2
308,P,C,-9.407,0.1923,7,2
308,P,D,-9.191,0.9129,12,2
308,P,E,-0.7927,0.965,2,2
308,P,F,-8.317,0.4207,1,2
308,P,G,-6.37,0.7347,4,2
308,P,H,-9.093,0.1492,7,2
308,P,I,-2.787,0.1138,4,2
308,P,K,-9.194,0.2305,3,2
308,P,L,-4.191,0.8542,8,2
308,P,M,-7.28,0.2835,7,2
308,P,N,-8.826,1.089,4,2
308,P,P,0,0,,4
308,P,Q,-8.706,0.1902,9,2
308,P,R,-9.079,0.449,12,2
308,P,S,-8.602,0.7955,18.5,4
308,P,T,-6.888,2.538,6,2
308,P,V,-2.96,0.4045,7,2
308,P,W,-9.517,0.03677,6,2
308,P,Y,-9.019,0.01697,6,2
309,R,*,-6.451,2.998,1.5,4
309,R,A,-4.818,0.3253,5,2
309,R,C,-9.374,0.4851,7,2
309,R,D,-8.219,1.745,10,2
309,R,E,-9.529,0.003536,3,2
309,R,F,-8.883,0.6866,7,2
309,R,G,-8.486,1.264,7,4
309,R,H,-8.391,1.696,6,2
309,R,I,-5.155,4.4,8,4
309,R,K,-6.133,0.813,9,4
309,R,L,-7.202,1.478,5,2
309,R,M,-5.463,0.4271,9,2
309,R,N,-6.409,4.039,4.5,4
309,R,P,-9.334,0.2758,18,2
309,R,Q,-8.524,0.4476,3,2
309,R,R,0,0,,4
309,R,S,-7.627,1.058,4,4
309,R,T,-8.785,0.1881,7,2
309,R,V,-8.694,0.2546,10,2
309,R,W,-8.6,1.336,3,2
309,R,Y,-8.575,0.14,9,2
310,N,A,0.5824,0.1341,5,2
310,N,C,-1.589,0.6534,5,2
310,N,D,-1.905,1.436,3.25,4
310,N,E,-1.771,1.061,2,2
310,N,F,-0.5592,0.453,7,2
310,N,G,0.08685,0.077,3,2
310,N,H,0.2865,0.3362,7,2
310,N,I,-0.6568,0.498,10,2
310,N,K,-2.43,3.445,5,4
310,N,L,-1.159,0.2256,11,2
310,N,M,-1.13,0.4216,7,2
310,N,N,0,0,,4
310,N,P,0.5262,0.007637,6,2
310,N,Q,-1.012,0.279,8,2
310,N,R,-1.994,0.5282,4,2
310,N,S,0.13,0.1677,3,2
310,N,T,-0.5625,0.5436,1.5,4
310,N,V,0.7782,0.0589,9,2
310,N,W,-2.165,0.1478,4.5,2
310,N,Y,-0.7444,0.01358,11,2
311,A,-,-2.027,0.1195,1,2
311,A,A,0,0,,4
311,A,C,-0.3719,0.263,8,2
311,A,D,-0.629,0.8542,6,4
311,A,E,-0.5436,0.9382,4,2
311,A,F,-2.2,0.2234,6,2
311,A,G,0.4096,0.2374,6,2
311,A,H,0.3371,0.07354,8,2
311,A,I,-1.381,0.1442,7,2
311,A,K,0.8698,0.01245,9,2
311,A,L,-2.076,0.8146,6,2
311,A,M,-1.427,0.5551,3,2
311,A,N,0.7377,0.1775,10,2
311,A,P,-1.16,0.5619,5,2
311,A,Q,-0.203,0.09058,4,2
311,A,R,0.2233,0.2165,3,2
311,A,S,0.5094,0.3014,8.5,4
311,A,T,0.5012,0.1637,14.5,4
311,A,V,-0.2559,0.1344,26,4
311,A,W,-1.145,0.01414,5,2
311,A,Y,-0.3639,0.3297,5,2
312,E,*,-8.697,0.4383,3.5,4
312,E,A,-1.415,0.2044,9,2
312,E,C,-2.862,0.4561,2,2
312,E,D,-2.654,1.207,4,4
312,E,E,0,0,,4
312,E,F,-1.247,0.1131,7,2
312,E,G,-2.857,0.5575,3,4
312,E,H,-1.467,1.495,1,2
312,E,I,-1.401,0.384,2,2
312,E,K,-1.466,0.5848,12.5,4
312,E,L,0.04068,0.1613,6,2
312,E,M,-1.328,0.2581,3,2
312,E,N,-2.324,0.0891,11,2
312,E,P,0.355,0.3475,7,2
312,E,Q,-0.4135,0.1413,10,2
312,E,R,-0.426,0.02242,11,2
312,E,S,-4.488,1.178,3,2
312,E,T,-8.286,0.05657,9,2
312,E,V,-0.7478,0.4811,6,2
312,E,W,-1.253,1.662,2,2
312,E,Y,-0.2475,0.009758,8,2
313,L,A,-0.6255,0.1752,7,2
313,L,C,-1.137,0.2346,6,2
313,L,D,-0.06255,0.05368,6,2
313,L,E,0.7067,0.2168,5,2
313,L,F,-0.8138,0.3905,4,2
313,L,G,0.2964,0.1875,5,2
313,L,H,0.5962,0.01902,2,2
313,L,I,-0.01805,0.2017,13,2
313,L,K,-0.5477,0.9338,5,2
313,L,L,0,0,,4
313,L,M,-1.422,0.5542,8,4
313,L,N,0.1064,0.1061,8,2
313,L,P,-1.85,1.483,5,4
313,L,Q,-1.418,0.611,3,4
313,L,R,0.4648,0.2193,8,2
313,L,S,-0.1659,0.5286,5,2
313,L,T,0.6734,0.1907,7,2
313,L,V,-0.08465,0.6291,9,2
313,L,W,-0.7969,0.002192,5,2
313,L,Y,-1.056,0.495,5,2
314,G,A,-0.09168,0.01006,4,2
314,G,C,-4.992,2.332,5.5,4
314,G,D,-2.035,0.5122,10,4
314,G,E,0.1327,0.6778,3,2
314,G,F,-1.435,0.4009,10,2
314,G,G,0,0,,4
314,G,H,-1.037,0.1912,5,2
314,G,I,-0.7048,0.02567,6,2
314,G,K,-4.494,1.819,5,2
314,G,L,-1.12,1,3,2
314,G,M,-0.5383,0.4485,6,2
314,G,N,-1.156,0.07354,11,2
314,G,P,-0.6168,0.2797,7,2
314,G,Q,-1.625,0.1457,3,2
314,G,R,-2.298,0.1492,4,2
314,G,S,-0.4603,0.9483,4.5,4
314,G,T,-1.305,0.5524,7,2
314,G,V,-1.621,0.9101,4.5,4
314,G,W,-0.1259,0.9051,4,2
314,G,Y,-0.2284,1.691,4,2
315,D,A,0.0974,0.4762,11,2
315,D,C,-1.377,0.1916,8,2
315,D,D,0,0,,4
315,D,E,-0.197,0.9215,3.5,4
315,D,F,-1.171,0.2653,4,2
315,D,G,0.1809,0.8057,3,2
315,D,H,0.1832,0.4882,6,2
315,D,I,-0.6881,0.0746,5,2
315,D,K,-1.476,0.03323,5,2
315,D,L,-1.184,0.06293,7,2
315,D,N,0.291,0.3012,6.75,4
315,D,P,-1.437,0.2121,8,2
315,D,Q,0.4821,0.2021,3,2
315,D,R,-1.245,0.157,11,2
315,D,S,0.5751,0.0116,3.5,2
315,D,T,0.4051,0.05996,1,2
315,D,V,-0.7461,1.127,3.5,4
315,D,W,-0.7659,1.69,2,2
315,D,Y,-0.8387,0.5847,5.5,4
316,R,-,-1.183,2.81,1,2
316,R,A,-0.515,0.0519,6,2
316,R,C,-2.25,0.3267,15,2
316,R,D,-7.389,0.7715,8,2
316,R,E,-5.941,2.152,8,2
316,R,F,-1.224,0.1421,13,2
316,R,G,-4.691,2.753,5,4
316,R,H,-1.456,0.3316,8,2
316,R,I,-0.7411,0.4792,9.75,4
316,R,K,0.1657,0.3274,8,4
316,R,L,0.5228,0.4221,7,2
316,R,M,-0.6082,1.093,3,2
316,R,N,-5.836,2.785,6,2
316,R,P,-0.03785,0.2286,10,2
316,R,Q,-1.437,0.1103,10,2
316,R,R,0,0,,4
316,R,S,-1.404,0.1428,12,2
316,R,T,-1.626,0.8972,6,2
316,R,V,-0.656,0.007637,10,2
316,R,W,-3.8,0.005657,8,2
316,R,Y,-1.224,0.2058,11,2
317,K,*,-4.673,3.979,2,4
317,K,-,-2.68,4.678,1,2
317,K,A,-2.838,0.1782,12,2
317,K,C,-7.919,0.03111,8,2
317,K,D,-9.477,0.2447,4,2
317,K,E,-9.011,1.846,5.5,4
317,K,F,-2.111,0.2213,4,2
317,K,G,-3.056,0.2397,9,2
317,K,H,-3.562,0.3437,6,2
317,K,I,-1.005,0.2056,11,2
317,K,K,0,0,,4
317,K,L,-1.474,0.3613,7,2
317,K,M,-1.512,0.5157,4.5,4
317,K,N,-5.998,2.887,4,4
317,K,P,-6.048,0.4759,3,2
317,K,Q,-2.486,0.5607,10,2
317,K,R,-0.1515,0.1901,10,4
317,K,S,-3.666,0.4525,9,2
317,K,T,-1.99,2.715,5.5,4
317,K,V,-2.016,1.225,4,2
317,K,W,-2.929,0.05869,6,2
317,K,Y,-2.425,1.734,4,2
318,G,-,-2.159,1.541,1,2
318,G,A,-1.594,0.04243,10,2
318,G,C,-2.915,1.379,7,2
318,G,D,-8.796,1.429,28.5,4
318,G,E,-9.532,0.004243,8,2
318,G,F,-6.032,3.432,5,2
318,G,G,0,0,,4
318,G,H,-9.561,0.2623,8,2
318,G,I,-5.08,1.199,6,2
318,G,K,-8.806,1.312,6,2
318,G,L,-5.221,0.5169,5,2
318,G,M,-4.13,0.4589,3.5,2
318,G,N,-6.825,0.9949,7,2
318,G,P,-9.403,0.3168,7,2
318,G,Q,-8.335,0.2638,4,2
318,G,R,-9.601,0.1054,11.5,2
318,G,S,-4.447,1.385,8,4
318,G,T,-6.308,1.921,2,2
318,G,V,-5.791,1.832,5.5,4
318,G,W,-5.626,0.1457,5,2
318,G,Y,-9.038,0.8485,3,2
319,K,-,-3.171,0.9885,1,2
319,K,A,-0.6,0.3867,6,2
319,K,C,-7.191,1.271,5,2
319,K,D,-8.348,1.5,9,2
319,K,E,-6.838,0.04031,2,2
319,K,F,-2.312,1.191,4,2
319,K,G,-4.756,0.1549,9,2
319,K,H,-1.243,0.9815,7,2
319,K,I,-1.248,0.6933,4.5,4
319,K,K,0,0,,4
319,K,L,-1.062,0.2119,6,2
319,K,M,-0.3309,1.004,2,2
319,K,N,-4.869,2.515,4.5,4
319,K,P,-9.567,0.3712,7,2
319,K,Q,-3.399,1.326,2,2
319,K,R,-0.7115,0.4844,12,2
319,K,S,-2.486,0.3408,6,2
319,K,T,-0.7076,0.01202,8,2
319,K,V,-0.07195,0.2764,9,2
319,K,W,-1.539,0.3684,7,2
319,K,Y,-0.3044,0.2169,7,2
320,V,-,-3.268,1.121,1,2
320,V,A,-4.18,0.7538,9,2
320,V,C,-9.342,0.215,7,2
320,V,D,-8.544,0.1032,10,2
320,V,E,-7.799,1.984,4,4
320,V,F,-2.263,0.1025,7,2
320,V,G,-9.477,0.1747,7,2
320,V,H,-7.393,0.6413,4,2
320,V,I,0.1658,0.1343,7,2
320,V,K,-9.13,0.3288,6,2
320,V,L,0.1024,0.4061,7.5,4
320,V,M,-0.5356,0.3142,11.5,4
320,V,N,-7.652,0.5798,4,2
320,V,P,-9.558,0.3224,11,2
320,V,Q,-8.994,0.6442,9,2
320,V,R,-9.672,0.4342,5,2
320,V,S,-9.726,0.0898,5,2
320,V,T,-5.228,0.4497,9,2
320,V,V,0,0,,4
320,V,W,-6.826,0.5926,9.5,2
320,V,Y,-3.237,0.06859,7.5,2
321,H,-,-2.071,2.861,1,2
321,H,A,0.2211,0.2176,7,2
321,H,C,-4.928,0.1633,6,2
321,H,D,-3.756,0.2482,4,2
321,H,E,-1.441,0.6651,5,2
321,H,F,-0.1666,0.362,4,2
321,H,G,0.2995,0.1999,5,2
321,H,H,0,0,,4
321,H,K,0.02535,0.0593,8,2
321,H,L,-0.3247,0.3198,2.5,4
321,H,M,0.2272,0.241,4,2
321,H,N,-0.3735,0.9372,7.5,4
321,H,P,0.5962,0.5562,8,2
321,H,Q,0.06856,0.8033,6.5,4
321,H,R,-0.3212,2.065,4.5,4
321,H,S,0.361,0.125,6,2
321,H,T,0.03807,0.06914,6,2
321,H,V,-0.286,0.143,3,2
321,H,W,1.054,0.07672,7,2
321,H,Y,0.3406,0.3801,23.5,4
322,I,-,-1.889,2.019,1,2
322,I,A,-1.14,0.1796,10,2
322,I,C,-7.138,1.98,6,2
322,I,D,-8.573,0.06223,3,2
322,I,E,-7.228,1.555,2,2
322,I,F,-3.861,4.877,4,4
322,I,G,-2.814,0.432,3,2
322,I,H,-9.444,0.01697,5,2
322,I,I,0,0,,4
322,I,K,-8.905,0.3967,8,2
322,I,L,-4.442,0.3755,9,2
322,I,M,-6.39,0.003536,5,2
322,I,N,-6.553,2.283,3,2
322,I,P,-3.542,0.07637,6,2
322,I,Q,-3.09,0.7637,3,2
322,I,R,-9.073,0.6378,6,2
322,I,S,-0.2908,0.2314,4,2
322,I,T,-1.764,0.4299,8.5,4
322,I,V,1.023,0.1152,5,2
322,I,W,-9.521,0.08415,6,2
322,I,Y,-7.196,1.178,5,2
323,P,-,-2.502,1.539,2,2
323,P,A,-3.646,0.4391,10,2
323,P,C,-8.857,1.044,8,2
323,P,D,-9.44,0.02475,7,2
323,P,E,-7.214,2.045,6,2
323,P,F,-8.105,2.261,3,2
323,P,G,-7.664,1.413,4,2
323,P,H,-7.258,1.325,4.25,4
323,P,I,-9.745,0.3741,8,2
323,P,K,-9.3,0.3196,6,2
323,P,L,-7.383,4.184,5.5,4
323,P,M,-9.324,0.2687,12,2
323,P,N,-8.089,0.9907,2,2
323,P,P,0,0,,4
323,P,Q,-9.517,0.6979,9,2
323,P,R,-9.322,0.3776,5,2
323,P,S,-7.73,1.689,10,4
323,P,T,-7.16,1.226,4.5,4
323,P,V,-9.566,0.0799,7,2
323,P,W,-8.732,1.21,8,2
323,P,Y,-8.061,1.16,7,2
324,F,-,-0.09285,0.3369,2,2
324,F,A,-9.753,0.3076,6,2
324,F,C,-9.681,0.007778,7,2
324,F,D,-9.393,0.2609,5,2
324,F,E,-9.139,0.2298,3,2
324,F,F,0,0,,4
324,F,G,-9.271,0.1499,9,2
324,F,H,-9.462,0.2277,4,2
324,F,I,-9.332,1.08,7.5,4
324,F,K,-9.612,0.008485,6,2
324,F,L,-9.311,0.196,7,4
324,F,M,-9.309,0.3217,10,2
324,F,N,-9.153,0.1153,7,2
324,F,P,-9.346,0.4511,3,2
324,F,Q,-9.666,0.2623,4,2
324,F,R,-9.595,0.5586,7,2
324,F,S,-8.144,0.3581,4.5,4
324,F,T,-7.906,0.4596,3,2
324,F,V,-9.421,0.2143,4,2
324,F,W,-1.035,0.4721,5,2
324,F,Y,-1.691,2.863,1.5,4
325,P,-,-2.561,2.556,2,2
325,P,A,-2.147,0.1351,5,2
325,P,C,-9.426,0.6307,3,2
325,P,D,-4.527,0.1973,8,2
325,P,E,-2.157,0.5035,2,2
325,P,F,-4.572,0.2072,9,2
325,P,G,-1.018,0.05296,6,2
325,P,H,-5.715,0.3012,6,2
325,P,I,-3.036,0.6703,7,2
325,P,K,-3.385,0.1032,7,2
325,P,L,-4.184,3.56,5,4
325,P,M,-2.04,0.8202,11,2
325,P,N,-2.768,0.244,3,2
325,P,P,0,0,,4
325,P,Q,-2.53,1.167,6,4
325,P,R,-1.985,0.01485,13,2
325,P,S,-1.293,1.273,7,4
325,P,T,-1.28,0.0799,6,2
325,P,V,-1.34,0.1704,5,2
325,P,W,-7.555,2.174,8,2
325,P,Y,-3.333,0.1096,7,2
326,L,-,-0.3714,1.938,1,2
326,L,A,-9.537,0.1054,4,2
326,L,C,-9.491,0.05728,10,2
326,L,D,-9.151,0.4342,6,2
326,L,E,-8.674,1.817,7,2
326,L,F,-7.774,1.776,5,2
326,L,G,-6.72,2.622,5,2
326,L,H,-7.878,1.596,7.5,2
326,L,I,-2.125,0.5805,3,2
326,L,K,-9.108,0.4582,4.5,2
326,L,L,0,0,,4
326,L,M,-0.2604,0.4179,10,4
326,L,N,-7.794,0.1174,9,2
326,L,P,-6.127,3.859,6.5,4
326,L,Q,-6.968,4.825,3.5,4
326,L,R,-9.449,0.4667,12,2
326,L,S,-8.281,0.9871,4,2
326,L,T,-3.901,0.77,5,2
326,L,V,-0.1051,0.1684,7,2
326,L,W,-8.989,0.1124,8,2
326,L,Y,-9.369,0.7389,7,2
327,A,-,-0.523,1.608,1,2
327,A,A,0,0,,4
327,A,C,-1.671,0.2666,10,2
327,A,D,-1.982,1.507,4,4
327,A,E,0.0056,0.3612,4,2
327,A,F,-0.9591,0.4594,6,2
327,A,G,-1.665,0.3281,4,2
327,A,H,0.2041,0.1251,7,2
327,A,I,0.8909,0.00891,8,2
327,A,K,0.6775,0.04624,4,2
327,A,L,0.2332,0.1878,6,2
327,A,M,0.033,0.0611,5,2
327,A,N,-0.4474,0.1729,6,2
327,A,P,-5.08,5.255,4.5,4
327,A,Q,-0.3191,0.2054,4,2
327,A,R,1.07,0.0198,6,2
327,A,S,-0.313,1.117,3,4
327,A,T,0.08608,0.0752,53.5,4
327,A,V,0.164,0.6377,15.5,4
327,A,W,-0.4735,0.08613,14,2
327,A,Y,-4.971,1.692,2,2
328,N,A,-0.07824,0.09285,7,2
328,N,C,-9.32,0.1633,4,2
328,N,D,-0.2728,0.5271,6,2
328,N,E,-0.4034,0.2641,2,2
328,N,F,-5.162,1.071,5,2
328,N,G,-0.4198,0.1175,6,2
328,N,H,0.7176,0.145,11,2
328,N,I,-0.5315,0.1505,3.75,4
328,N,K,-1.167,0.1675,7,4
328,N,L,-1.016,0.2489,9,2
328,N,M,0.9071,0.01973,5,2
328,N,N,0,0,,4
328,N,P,0.3578,0.5386,3,2
328,N,Q,0.0013,0.8364,3,2
328,N,R,-2.418,0.7142,5,2
328,N,S,-0.1012,0.3897,9,4
328,N,T,0.5135,0.2101,3.5,4
328,N,V,-0.6424,0.3243,5,2
328,N,W,-4.686,0.5926,5,2
328,N,Y,-0.2457,0.4907,8,2
329,V,-,-2.487,1.749,1,2
329,V,A,-1.002,0.2878,3.5,4
329,V,C,-3.558,0.4872,9,2
329,V,D,-3.339,0.09051,11,2
329,V,E,-3.546,0.2362,8,2
329,V,F,0.00485,0.613,2,2
329,V,G,-1.888,0.03041,2,2
329,V,H,-1.587,0.009192,4,2
329,V,I,-1.099,0.08061,8,2
329,V,K,0.162,1.353,2.5,2
329,V,L,-2.263,1.881,6,4
329,V,M,-1.156,0.8585,19,4
329,V,N,-2.683,0.1287,2,2
329,V,P,-9.614,0.2779,5,2
329,V,Q,-0.3116,0.157,8,2
329,V,R,0.4078,0.8248,6,2
329,V,S,-0.4132,0.05296,6,2
329,V,T,0.7985,0.004596,4,2
329,V,V,0,0,,4
329,V,W,-0.9875,0.1167,5,2
329,V,Y,-0.8336,0.2877,4,2
330,T,-,0.03295,0.3235,2,2
330,T,A,-0.4131,0.2808,5.5,4
330,T,C,-0.5717,0.09277,3,2
330,T,D,-2.63,0.01202,7,2
330,T,E,-1.316,0.198,7,2
330,T,F,-0.2333,0.0362,7,2
330,T,G,-2.311,0.09263,4,2
330,T,H,-0.9728,0.0355,5,2
330,T,I,-0.9227,0.6537,9,4
330,T,K,0.2167,0.04497,10,2
330,T,L,0.8729,0.04688,4,2
330,T,M,0.8565,0.302,9,2
330,T,N,-0.1927,0.005515,10,2
330,T,P,-2.423,3.899,4,2
330,T,Q,0.6696,0.08931,7,2
330,T,R,-0.4164,0.0693,5,2
330,T,S,-0.2265,0.2611,4,2
330,T,T,0,0,,4
330,T,V,-0.2508,0.1338,9,2
330,T,W,0.2353,0.0828,10,2
330,T,Y,0.1865,0.5589,7,2
331,C,*,-8.764,0.2867,2.5,4
331,C,-,-7.505,0.3196,2,2
331,C,A,-9.569,0.21,8,2
331,C,C,0,0,,4
331,C,D,-9.393,0.6131,5,2
331,C,E,-7.714,2.459,4,2
331,C,F,-8.39,1.491,7.5,4
331,C,G,-9.618,0.1216,10,2
331,C,H,-8.816,0.1789,7,2
331,C,I,-9.576,0.4525,7,2
331,C,K,-9.672,0.1117,7,2
331,C,L,-9.445,0.09687,7,2
331,C,M,-9.394,0.2348,6,2
331,C,N,-9.618,0.08061,8,2
331,C,P,-9.005,0.1874,4,2
331,C,Q,-9.255,0.3048,4,2
331,C,R,-9.499,0.4503,8.5,4
331,C,S,-9.424,0.8026,5,4
331,C,T,-9.19,0.08839,5,2
331,C,V,-9.158,0.3019,7,2
331,C,W,-9.041,0.3776,12,2
331,C,Y,-9.54,0.1816,84,4
332,R,*,-1.944,0.1513,1,2
332,R,-,-0.03185,0.7288,2,2
332,R,A,-2.734,0.06293,5,2
332,R,C,-2.515,0.7715,8,2
332,R,D,-9.434,0.008485,3,2
332,R,E,-6.359,2.968,2,2
332,R,F,0.6555,0.5338,5,2
332,R,G,-6.986,1.315,10,4
332,R,H,-2.353,0.5176,2,2
332,R,I,-2.585,1.444,7.5,4
332,R,K,-0.2321,0.5772,5.5,4
332,R,L,0.6946,0.3947,5,2
332,R,M,0.1961,0.07658,9,2
332,R,N,-3.901,0.3104,7,2
332,R,P,-6.985,0.56,4,2
332,R,Q,-4.653,3.787,1.5,2
332,R,R,0,0,,4
332,R,S,-3.093,0.04455,9,2
332,R,T,-0.3847,2.157,2,4
332,R,V,-0.1558,1.369,3,2
332,R,W,-0.9687,0.5011,9,2
332,R,Y,-0.531,0.09468,9,2
333,V,-,-2.714,1.56,1,2
333,V,A,-2.128,1.64,3.5,4
333,V,C,-8.283,1.336,5,2
333,V,D,-9.105,0.0891,4,2
333,V,E,-8.63,0.8701,4.5,4
333,V,F,-9.576,0.2638,4,2
333,V,G,-7.43,1.779,1,2
333,V,H,-2.833,1.033,2,2
333,V,I,-1.767,0.07566,7,2
333,V,K,-9.153,0.28,9,2
333,V,L,-2.35,3.026,4.5,4
333,V,M,-8.575,0.422,13.5,4
333,V,N,-9.247,0.1407,6,2
333,V,P,-8.95,0.1301,6,2
333,V,Q,-8.784,0.2114,3,2
333,V,R,-9.179,0.4752,6,2
333,V,S,-9.024,0.9892,7,2
333,V,T,-9.534,0.2574,8,2
333,V,V,0,0,,4
333,V,W,-9.491,0.1577,4,2
333,V,Y,-6.918,3.094,4,2
334,P,-,0.1061,0.05222,1,2
334,P,A,-4.754,0.8195,4,2
334,P,C,-7.926,0.3239,4,2
334,P,D,-8.478,1.594,4,2
334,P,E,-9.238,0.1732,7,2
334,P,F,-8.881,0.09263,3,2
334,P,G,-5.549,4.386,2,2
334,P,H,-8.671,0.82,6,4
334,P,I,-8.918,0.1577,4,2
334,P,K,-9.229,0.5183,4,2
334,P,L,-7.259,2.755,5,4
334,P,M,-8.8,0.2114,10,2
334,P,N,-7.978,1.923,7,2
334,P,P,0,0,,4
334,P,Q,-9.598,0.123,4,2
334,P,R,-7.652,1.887,2,2
334,P,S,-1.378,0.9748,17.5,4
334,P,T,-1.781,1.083,4,4
334,P,V,-8.805,1.354,4,2
334,P,W,-8.607,0.7212,4,2
334,P,Y,-9.705,0.2079,3,2
335,K,-,0.4683,0.469,1,2
335,K,A,-0.1806,1.488,5.5,2
335,K,C,-0.1236,0.2327,7,2
335,K,D,-8.069,1.679,8,2
335,K,E,-0.1957,0.2728,4.5,4
335,K,F,1.034,0.1063,6,2
335,K,G,-8.089,2.536,6,2
335,K,H,-1.179,0.01909,8,2
335,K,I,0.4915,0.09751,10,2
335,K,K,0,0,,4
335,K,L,0.7771,0.1051,4,2
335,K,M,-0.8608,1.294,3.5,4
335,K,N,-0.3524,0.4024,7,4
335,K,P,-8.645,1.359,7,2
335,K,Q,-0.7038,0.07439,6,2
335,K,R,-0.2814,0.1517,9,2
335,K,S,-1.537,0.08202,6,2
335,K,T,-0.3288,0.6556,4,4
335,K,W,-0.8,0.2468,6,2
335,K,Y,0.6609,0.09546,11,2
336,A,-,-0.3794,1.467,1,2
336,A,A,0,0,,4
336,A,C,-7.726,1.99,4,2
336,A,D,-7.325,3.262,5,4
336,A,E,-9.537,0.07142,3,2
336,A,F,-8.729,1.254,8,2
336,A,G,-5.38,0.6576,1,2
336,A,H,-8.963,0.3189,4,2
336,A,I,-7.311,2.71,3,2
336,A,K,-8.741,1.051,7,2
336,A,L,-9.167,0.7524,7,2
336,A,M,-2.637,4.401,1,2
336,A,N,-7.995,1.684,8,2
336,A,P,-9.712,0.0693,12,2
336,A,Q,-9.021,0.8917,8,2
336,A,R,-9.337,0.292,5,2
336,A,S,-3.653,0.9862,4.5,4
336,A,T,-5.569,2.453,12.25,4
336,A,V,-3.848,0.7222,8.5,4
336,A,W,-8.957,0.1945,7,2
336,A,Y,-8.676,0.1725,8,2
337,R,*,-4.144,3.502,3,4
337,R,-,-0.04695,0.1305,1,2
337,R,A,-3.986,0.4441,7,2
337,R,C,-8.755,0.1393,6,2
337,R,D,-7.934,0.2008,8,2
337,R,E,-6.077,0.7389,10,2
337,R,F,-7.281,2.923,6,2
337,R,G,-4.659,0.7704,9,4
337,R,H,-3.058,1.271,4,2
337,R,I,-1.891,1.896,4,4
337,R,K,-2.978,2.156,11,4
337,R,L,-2.537,0.3281,7,2
337,R,M,-2.019,0.3387,5,2
337,R,N,-2.899,0.1881,10,2
337,R,P,-4.143,0.3719,10,2
337,R,Q,-3.197,0.1153,6,2
337,R,R,0,0,,4
337,R,S,-2.878,0.1407,9,2
337,R,T,-3.216,0.004243,6,2
337,R,V,-2.818,0.02546,14,2
337,R,W,-8.603,1.223,5,2
337,R,Y,-5.634,1.863,5,2
338,N,*,0.5526,0.6978,1,2
338,N,-,0.4452,0.5928,1,2
338,N,A,-0.3379,0.09079,8,2
338,N,C,-0.2697,0.5858,7,2
338,N,D,0.05615,0.3431,4,4
338,N,E,0.4352,0.174,4,2
338,N,F,-1.044,0.05445,6,2
338,N,G,-0.2202,1.547,2,2
338,N,H,0.0096,1.252,3,2
338,N,I,0.4173,0.2794,6,2
338,N,K,-1.717,1.389,4.5,4
338,N,L,0.9259,0.2633,7,2
338,N,M,-0.1392,0.5749,4,2
338,N,N,0,0,,4
338,N,P,-0.7156,0.3073,13,2
338,N,Q,-0.2514,0.03536,4,2
338,N,R,-6.63,0.5954,4,2
338,N,S,-1.165,0.3992,9,2
338,N,T,-1.328,0.2878,5,2
338,N,V,0.1019,0.03541,4,2
338,N,W,-1.329,0.2114,3,2
338,N,Y,-0.05045,0.2225,5,2
339,P,-,-0.3807,1.115,1,2
339,P,A,-6.309,0.8167,3,2
339,P,C,-9.655,0.5155,10,2
339,P,D,-9.668,0.1138,8,2
339,P,E,-8.837,0.02899,9,2
339,P,F,-3.897,2.207,2.5,4
339,P,G,-8.179,1.316,5,2
339,P,H,-8.492,0.6973,6.5,4
339,P,I,-7.755,1.629,6,2
339,P,K,-9.095,1.055,3,2
339,P,L,-8.646,1.366,3,4
339,P,M,-7.214,0.4851,7,2
339,P,N,-8.343,1.469,5,2
339,P,P,0,0,,4
339,P,Q,-9.415,0.5134,3,2
339,P,R,-8.268,0.8421,3.5,4
339,P,S,-8.948,0.8713,12.5,4
339,P,T,-6.065,4.799,6.5,4
339,P,V,-9.218,0.2892,5,2
339,P,W,-8.099,1.819,6,2
339,P,Y,-4.291,1.563,3,2
340,T,-,-6.118,3.053,2,2
340,T,A,-4.035,0.8429,9,2
340,T,C,-5.447,0.9228,3,2
340,T,D,-5.519,0.7877,12,2
340,T,E,-8.334,1.428,4,2
340,T,F,-0.02534,0.02265,3,2
340,T,G,-2.563,0.4137,7,2
340,T,H,-1.899,0.6569,4,2
340,T,I,-0.4586,1.54,5,4
340,T,K,-4.072,0.07142,2,2
340,T,L,-2.431,0.01061,4,2
340,T,M,-3.684,0.454,6,2
340,T,N,-4.495,1.851,6,4
340,T,P,-8.293,0.1442,5,2
340,T,Q,-3.886,0.2546,5,2
340,T,R,-4.32,0.898,6,2
340,T,S,-0.7098,0.3135,9,2
340,T,T,0,0,,4
340,T,V,-1.11,0.2917,8,2
340,T,W,-0.0593,0.463,10,2
340,T,Y,0.7627,0.07884,6,2
341,V,-,-1.534,0.1131,1,2
341,V,A,-7.164,0.5247,4,2
341,V,C,-7.421,2.642,5,2
341,V,D,-3.862,4.61,2,2
341,V,E,-6.112,2.802,6,2
341,V,F,-0.4914,0.09044,5,2
341,V,G,-9.433,0.14,10,2
341,V,H,-7.938,2.077,4,2
341,V,I,0.6271,0.2616,3,2
341,V,K,-6.345,0.5933,4,2
341,V,L,-0.04795,1.036,7,4
341,V,M,-1.974,0.256,10,4
341,V,N,-9.06,0.3253,6,2
341,V,P,-9.595,0.09263,7,2
341,V,Q,-4.42,0.1817,7,2
341,V,R,-9.639,0.3564,4,2
341,V,S,-2.998,5.632,2,2
341,V,T,-0.5196,0.07453,4,2
341,V,V,0,0,,4
341,V,W,-7.138,2.356,9,2
341,V,Y,-6.26,2.968,5,2
342,T,-,-2.068,2.985,1,2
342,T,A,-1.132,0.5285,5.5,4
342,T,C,-4.721,0.4985,7,2
342,T,D,-1.838,0.7,8,2
342,T,E,-0.1553,0.4069,4,2
342,T,F,-8.274,0.2892,3,2
342,T,G,-1.708,0.7368,5,2
342,T,H,-2.328,0.09475,7,2
342,T,I,-1.837,1.334,7.5,4
342,T,K,-1.823,0.06364,8,2
342,T,L,-3.457,0.7198,7,2
342,T,M,-1.442,0.2086,3,2
342,T,N,-0.3823,0.8295,6.5,4
342,T,P,-9.36,0.2418,9,2
342,T,Q,-0.9882,0.09871,3,2
342,T,R,-0.2863,0.8321,7,2
342,T,S,-0.1145,0.108,5,2
342,T,T,0,0,,4
342,T,V,-1.215,0.02192,10,2
342,T,W,-2.989,0.7241,4,2
342,T,Y,-0.7472,0.09291,9,2
343,Y,*,-9.647,0.2373,3.5,4
343,Y,-,0.0501,0.4897,1,2
343,Y,A,-6.566,2.904,5,2
343,Y,C,-5.087,0.9286,4,4
343,Y,D,-9.402,0.02616,4,2
343,Y,E,-5.202,0.3833,3,2
343,Y,F,-0.4798,0.03125,8,2
343,Y,G,-0.4031,0.3545,3,2
343,Y,H,-3.851,0.6289,11.5,4
343,Y,I,-6.938,1.438,7,2
343,Y,K,-8.819,0.1973,5,2
343,Y,L,-2.947,0.0495,4,2
343,Y,M,-3.182,0.1556,5,2
343,Y,N,-3.923,2.241,5,4
343,Y,P,-5.783,2.411,10,2
343,Y,Q,-0.5133,1.381,1,2
343,Y,R,-9.119,0.09122,5,2
343,Y,S,-3.577,0.9185,7.5,2
343,Y,V,-7.665,1.696,6,2
343,Y,W,-5.325,0.6979,8,2
343,Y,Y,0,0,,4
344,G,A,-0.5278,0.6004,3,4
344,G,C,-3.971,0.8928,6,4
344,G,D,0.2242,0.5872,15.5,4
344,G,E,-1.448,1.686,5,2
344,G,F,-2.261,0.2694,9,2
344,G,G,0,0,,4
344,G,H,-1.781,0.0198,7,2
344,G,I,-2.755,0.5162,10,2
344,G,K,-0.1336,0.07538,8,2
344,G,L,-1.559,0.05869,5,2
344,G,M,-0.7242,0.7196,7,2
344,G,N,-0.8533,0.2556,4,2
344,G,P,-9.611,0.4731,8,2
344,G,Q,-0.5507,0.006293,8,2
344,G,R,-0.6989,0.3987,3,2
344,G,S,-0.429,0.2918,5.5,4
344,G,T,-0.1615,0.433,9,2
344,G,V,-1.591,0.4424,9,4
344,G,W,-2.015,0.7071,6,2
344,G,Y,-1.672,0.1181,3,2
345,K,A,-0.2511,0.2557,6,2
345,K,C,-7.712,0.8075,5,2
345,K,D,-1.89,0.6109,4,2
345,K,E,-0.2672,0.6501,6.5,4
345,K,F,-1.858,0.1174,7,2
345,K,G,-2.907,0.5459,5,2
345,K,H,-0.5916,0.3347,9,2
345,K,I,-0.5119,0.1537,6,2
345,K,K,0,0,,4
345,K,L,-0.9842,0.5484,5,2
345,K,M,-0.8731,0.07573,5,2
345,K,N,-1.48,0.2613,7.5,4
345,K,P,0.4818,0.4366,12,2
345,K,Q,0.261,0.07821,6,2
345,K,R,0.1633,1.466,4,4
345,K,S,-1.166,0.2079,7,2
345,K,T,-0.6593,0.1582,9,2
345,K,V,-0.4144,0.007425,9,2
345,K,W,-0.6804,0.493,6,2
345,K,Y,-0.4234,0.2473,5,2
346,N,A,-0.4942,0.1702,9,2
346,N,C,-2.298,0.2461,5,2
346,N,D,-0.8454,1.007,3,4
346,N,E,-1.781,0.6095,6,2
346,N,F,-0.4831,0.1598,10,2
346,N,G,0.1831,0.2321,6,2
346,N,H,-0.7342,0.3079,3,2
346,N,I,-6.764,2.61,5,2
346,N,K,0.3859,0.6357,3,4
346,N,L,-3.626,0.5148,3,2
346,N,M,-0.307,0.304,6,2
346,N,N,0,0,,4
346,N,P,-8.698,0.1294,9,2
346,N,Q,-0.3891,0.1763,5,2
346,N,R,-0.8569,0.6112,6,2
346,N,S,0.019,0.4621,4,4
346,N,T,-2.387,0.08627,4,2
346,N,V,-7.213,0.2772,8,2
346,N,W,-2.824,0.2284,6,2
346,N,Y,-0.4832,0.1691,10,2
347,Q,*,-8.582,0.4315,5,4
347,Q,A,0.3641,0.1918,3,2
347,Q,C,-1.115,0.1237,6,2
347,Q,D,-1.505,0.1867,6,2
347,Q,E,-0.4013,1.142,5.5,4
347,Q,F,-1.368,0.08697,11,2
347,Q,G,-7.028,2.083,9,2
347,Q,H,-0.7219,0.9379,5.5,4
347,Q,I,-0.6021,0.2442,9,2
347,Q,K,0.01731,0.371,7.5,4
347,Q,L,0.6048,0.4358,5,4
347,Q,M,-0.1532,0.2368,8,2
347,Q,N,-2.038,0.1648,10,2
347,Q,P,-4.731,5.5,3.5,4
347,Q,Q,0,0,,4
347,Q,R,-0.3193,0.1197,11.5,4
347,Q,S,-0.2266,0.2603,7,2
347,Q,T,0.877,0.02878,5,2
347,Q,V,-0.1876,0.2725,4,2
347,Q,W,-3.248,0.5176,8,2
347,Q,Y,-1.207,0.5451,6,2
348,V,A,-8.918,5.007,4.25,4
348,V,C,-8.661,1.196,7,2
348,V,D,-9.3,0.2199,12,2
348,V,E,-8.175,2.096,4,2
348,V,F,-8.962,0.06859,6,2
348,V,G,-9.105,1.193,7,2
348,V,H,-6.688,2.423,7,2
348,V,I,-0.8134,0.3289,9,2
348,V,K,-4.77,0.7559,2,2
348,V,L,-1.506,0.09899,10,2
348,V,M,-4.125,1.993,6,4
348,V,N,-9.416,0.1068,7,2
348,V,P,-9.597,0.2242,14,2
348,V,Q,-8.495,0.9284,7,2
348,V,R,-6.545,2.246,3,2
348,V,S,-9.051,0.4653,5,2
348,V,T,-9.206,0.2298,6,2
348,V,V,0,0,,4
348,V,W,-9.019,0.4356,7,2
348,V,Y,-9.35,0.3224,10,2
349,I,A,0.4679,0.04179,2,2
349,I,C,-1.339,0.5032,6,2
349,I,D,-3.462,0.2256,4,2
349,I,E,-2.449,0.06505,5,2
349,I,F,-1.022,1.544,2,4
349,I,G,-3.899,0.7014,5,2
349,I,H,-1.761,0.07566,3,2
349,I,I,0,0,,4
349,I,K,-0.8517,0.9762,4,2
349,I,L,-1.308,0.04879,10,2
349,I,M,-0.7619,0.1347,8,2
349,I,N,0.04115,0.2312,9.5,2
349,I,P,-7.01,4.874,4.5,4
349,I,Q,-1.292,0.1435,7,2
349,I,R,-0.894,0.01379,10,2
349,I,S,-0.7437,0.1521,6,2
349,I,T,-0.4545,0.06527,9,2
349,I,V,-0.8373,0.4494,4.5,4
349,I,W,-1.513,0.02192,8,2
349,I,Y,-0.8918,0.1628,8,2
350,M,A,-9.564,0.2213,8,2
350,M,C,-9.143,0.5784,7,2
350,M,D,-9.486,0.4271,7,2
350,M,E,-8.157,2.345,6,2
350,M,F,0.3256,0.6404,7,2
350,M,G,-9.652,0.03111,8,2
350,M,H,-9.25,1.027,8,2
350,M,I,-4.591,2.131,19.5,4
350,M,K,-8.151,1.298,3,2
350,M,L,-0.3625,1.505,3,2
350,M,M,0,0,,4
350,M,N,-9.465,0.6152,6,2
350,M,P,-7.388,1.767,4,2
350,M,Q,-7.848,1.665,5,2
350,M,R,-8.767,0.4474,3,4
350,M,S,-9.644,0.3677,6,2
350,M,T,-7.309,2.329,2,4
350,M,V,-7.992,1.762,4,4
350,M,W,-1.817,0.07778,8,2
350,M,Y,-1.57,0.05728,5,2
351,L,A,-1.289,0.3111,5,2
351,L,C,-1.826,0.3917,8,2
351,L,D,-1.438,0.2206,7,2
351,L,E,-1.142,0.03536,3,2
351,L,F,-1.11,0.377,4,2
351,L,G,-1.609,0.1421,4,2
351,L,H,-1.1,0.1301,7.5,2
351,L,I,0.0414,0.2052,9,2
351,L,K,-1.502,0.0495,5,2
351,L,L,0,0,,4
351,L,M,0.04227,0.2034,6.5,4
351,L,N,-0.7024,0.2332,4,2
351,L,P,-7.187,3.293,5,4
351,L,Q,0.1233,0.1573,7.5,2
351,L,R,0.8085,0.6594,5.5,4
351,L,S,-0.8966,0.1356,4,2
351,L,T,-0.3897,0.02058,4,2
351,L,V,-0.2897,0.008202,5,2
351,L,W,0.9776,0.02312,6,2
351,L,Y,-0.9751,0.4552,5,2
352,L,A,-8.809,1.211,7,2
352,L,C,-6.597,3.237,5,2
352,L,D,-8.976,0.08415,6,2
352,L,E,-9.543,0.002828,5,2
352,L,F,-1.89,0.91,4,2
352,L,G,-8.971,0.5204,9,2
352,L,H,-9.5,0.1393,5,2
352,L,I,-5.302,0.7439,8,2
352,L,K,-7.964,1.353,5,2
352,L,L,0,0,,4
352,L,M,-1.335,0.3552,5.5,4
352,L,N,-7.312,0.3875,4,2
352,L,P,-7.799,3.73,2,4
352,L,Q,-9.517,0.1778,2.5,4
352,L,R,-8.169,1.105,6.5,4
352,L,S,-9.546,0.21,6,2
352,L,T,-7.335,2.024,5,2
352,L,V,-1.914,0.4193,5,2
352,L,W,-7.033,1.893,6,2
352,L,Y,-8.348,0.2079,7,2
353,Y,*,-9.331,0.5397,5,4
353,Y,A,-4.809,0.3627,7,2
353,Y,C,-4.576,2.239,2.5,4
353,Y,D,-2.591,3.893,4,4
353,Y,E,-6.443,3.393,2,2
353,Y,F,0.3998,0.1607,7,2
353,Y,G,-6.916,1.928,8,2
353,Y,H,-4.803,1.41,8,2
353,Y,I,-3.997,0.8358,7,2
353,Y,K,-5.353,0.6074,6,2
353,Y,L,-2.798,0.4405,12,2
353,Y,M,0.3963,0.6367,5,2
353,Y,N,-4.032,0.193,3,2
353,Y,P,-9.419,0.2722,4,2
353,Y,Q,-6.093,1.247,2,2
353,Y,R,-6.417,3.717,5,2
353,Y,S,-4.091,0.8535,5,2
353,Y,T,-8.402,0.4971,6,2
353,Y,V,-5.615,0.7587,8,2
353,Y,W,-2.3,0.1124,8,2
353,Y,Y,0,0,,4
354,P,A,-3.414,0.5006,6,2
354,P,C,-8.35,0.07495,7,2
354,P,D,-9.462,0.1916,3,2
354,P,E,-9.373,0.3684,5,2
354,P,F,-8.23,1.482,8,2
354,P,G,-8.547,1.261,5,2
354,P,H,-9.787,0.3296,9.5,4
354,P,I,-9.448,0.0502,4,2
354,P,K,-8.67,0.2857,5,2
354,P,L,-9.093,1.675,6.5,4
354,P,M,-8.928,0.9489,4,2
354,P,N,-9.676,0.06081,6,2
354,P,P,0,0,,4
354,P,Q,-6.098,0.1513,7,2
354,P,R,-8.844,0.3394,9,2
354,P,S,-8.343,1.83,8.25,4
354,P,T,-5.945,1.789,4.5,4
354,P,V,-4.78,0.1817,2,2
354,P,W,-4.855,5.628,5.5,4
354,P,Y,-7.748,1.423,5,2
355,D,-,-4.345,2.685,1,2
355,D,A,-1.256,0.3988,7,2
355,D,C,-7.236,0.4193,10,2
355,D,D,0,0,,4
355,D,E,-1.416,0.9292,6.5,4
355,D,F,-7.449,2.312,10,2
355,D,G,-4.372,4.238,4.5,4
355,D,H,-7.728,1.544,13,2
355,D,I,-6.23,1.421,4,2
355,D,L,-4.067,1.29,5,2
355,D,M,-2.753,1.358,3,2
355,D,N,-3.508,0.8877,21.5,4
355,D,P,-7.314,2.447,7,2
355,D,Q,-2.843,0.1485,6,2
355,D,R,-9.445,0.1138,9,2
355,D,S,-2.414,0.0997,4,2
355,D,T,-5.417,1.027,1,2
355,D,V,-2.883,1.89,4.5,4
355,D,W,-9.358,0.07637,9,2
355,D,Y,-6.484,1.585,7.5,4
356,H,A,-1.001,0.4069,4,2
356,H,C,-4.486,0.6661,6,2
356,H,D,-9.255,0.1994,6,2
356,H,E,-2.623,4.517,4,2
356,H,F,0.3573,0.3253,3,2
356,H,G,-1.502,0.8157,3,2
356,H,H,0,0,,4
356,H,I,-3.768,0.5473,5,2
356,H,K,-9.279,0.3338,6,2
356,H,L,-5.446,0.7248,3,2
356,H,M,-1.149,0.03182,7,2
356,H,N,-0.4336,1.248,7,4
356,H,P,-8.34,0.7184,8,2
356,H,Q,-1.045,0.327,5,4
356,H,R,-2.357,0.6689,8,2
356,H,S,-2.035,0.3012,14,2
356,H,T,-1.228,0.8253,6,2
356,H,V,-1.82,0.8118,1,2
356,H,W,-2.014,0.2991,5,2
356,H,Y,-2.568,1.086,7.5,4
357,P,-,0.2576,0.215,1,2
357,P,A,-2.577,0.09546,10,2
357,P,C,-9.354,0.5134,10,2
357,P,D,-0.226,0.3434,4,2
357,P,E,-0.4992,0.8058,4,2
357,P,F,-9.206,0.1329,6,2
357,P,G,-7.982,1.374,7,2
357,P,H,-5.646,1.232,9.5,4
357,P,I,-6.501,0.1174,1,2
357,P,K,-6.41,2.626,5,2
357,P,L,-8.008,0.9055,7,4
357,P,M,-9.107,0.5544,8,2
357,P,N,-8.776,0.1117,2,2
357,P,P,0,0,,4
357,P,Q,-7.831,1.202,8,2
357,P,R,-9.402,0.3338,8,2
357,P,S,-4.933,0.3746,11.75,4
357,P,T,-8.014,0.8466,3,4
357,P,V,-8.892,0.985,8,2
357,P,W,-9.544,0.2567,7,2
357,P,Y,-9.514,0.4815,4,2
358,T,-,-3.24,2.135,2,2
358,T,A,-4.583,3.628,4,4
358,T,C,-8.753,0.9037,10,2
358,T,D,-8.901,0.3161,5,2
358,T,E,-9.556,0.1909,10,2
358,T,F,-9.668,0.384,4,2
358,T,G,-9.431,0.3415,2,2
358,T,H,-8.409,0.9857,3,2
358,T,I,-6.188,1.625,8.5,4
358,T,K,-9.405,0.2179,6.5,4
358,T,L,-9.316,0.09263,9,2
358,T,M,-6.742,0.3599,5,2
358,T,N,-9.654,0.1004,5,2
358,T,P,-9.494,0.1075,7,2
358,T,Q,-9.137,0.1266,7,2
358,T,R,-9.452,0.4299,12.5,2
358,T,S,-3.381,0.3677,6.5,2
358,T,T,0,0,,4
358,T,V,-1.922,0.09051,3,2
358,T,W,-8.513,0.1188,12,2
358,T,Y,-8.029,1.181,3,2
359,L,-,-0.389,1.155,2,2
359,L,A,-9.104,0.3571,2,2
359,L,C,-8.159,1.544,4,2
359,L,D,-9.662,0.01556,4,2
359,L,E,-9.514,0.2284,6,2
359,L,F,-5.428,0.1153,6,2
359,L,G,-8.518,0.7502,2,2
359,L,H,-7.442,2.407,4,2
359,L,I,-4.454,1.295,6,2
359,L,K,-1.804,0.006364,4,2
359,L,L,0,0,,4
359,L,M,-1.05,1.454,2.5,4
359,L,N,-9.48,0.08627,7,2
359,L,P,-9.277,0.6944,4,4
359,L,Q,-8.483,1.455,2,4
359,L,R,-5.593,1.188,3,2
359,L,S,-8.799,0.5091,5,2
359,L,T,-5.901,1.826,3,4
359,L,V,-5.458,3.078,3.5,4
359,L,W,-7.242,3.307,3,2
359,L,Y,-1.322,0.7596,2,2
360,L,-,-0.722,1.038,1,2
360,L,A,-9.265,0.263,7.5,2
360,L,C,-9.269,0.5728,10,2
360,L,D,-8.493,0.4596,8,2
360,L,E,-2.517,0.05445,2,2
360,L,F,-0.04854,0.1136,3,2
360,L,G,-9.434,0.4045,7,2
360,L,H,-9.625,0.3069,6,2
360,L,I,0.5816,0.02355,3,2
360,L,K,-9.035,0.4914,8,2
360,L,L,0,0,,4
360,L,M,-4.567,1.709,5,4
360,L,N,-8.8,0.8309,9,2
360,L,P,-8.976,1.736,8,4
360,L,Q,-8.307,1.108,4.5,4
360,L,R,-9.359,0.005657,11,2
360,L,S,-9.166,0.3939,5,2
360,L,T,-3.237,5.175,1,2
360,L,V,-1.139,1.886,2,2
360,L,W,-9.507,0.1881,2,2
360,L,Y,-7.974,1.493,7,2
361,S,-,-2.216,0.1492,1,2
361,S,A,-9.156,0.8627,6,2
361,S,C,-8.092,0.4108,4,2
361,S,D,-9.004,0.7693,8,2
361,S,E,-8.34,1.66,8,2
361,S,F,-9.62,0.1923,5,2
361,S,G,-5.029,1.664,5.5,4
361,S,H,-9.013,0.7439,5,2
361,S,I,-8.785,1.035,8.5,4
361,S,K,-6.335,2.162,2,2
361,S,L,-8.739,0.04667,8,2
361,S,M,-8.648,0.4073,9,2
361,S,N,-8.488,2.333,14,4
361,S,P,-8.976,0.601,4,2
361,S,Q,-7.536,2.411,7,2
361,S,R,-9.267,4.14,6.5,4
361,S,S,0,0,,4
361,S,T,-6.8,2.8,4,4
361,S,V,-8.238,1.72,8,2
361,S,W,-5.639,1.978,5,2
361,S,Y,-9.356,0.1259,6,2
362,Y,*,-9.44,0.3196,6,2
362,Y,-,0.48,0.1824,1,2
362,Y,A,-0.6877,0.02581,10,2
362,Y,C,-3.223,1.174,6.5,4
362,Y,D,-9.138,0.4766,6,2
362,Y,E,-7.628,1.5,7,2
362,Y,F,-0.2865,0.08605,9,2
362,Y,G,-4.608,7.238,7,2
362,Y,H,-4.595,5.154,5,4
362,Y,I,-2.38,0.01768,11,2
362,Y,K,-1.859,0.4038,8,2
362,Y,L,-1.647,0.227,13,2
362,Y,M,-1.354,0.2715,7,2
362,Y,N,-8.244,0.6645,3.5,4
362,Y,P,-9.5,0.285,7,2
362,Y,Q,-2.341,0.1351,8,2
362,Y,R,-1.314,0.1089,10,2
362,Y,S,1.059,0.03889,3,2
362,Y,T,0.459,0.3357,3,2
362,Y,V,-2.845,0.2899,1,2
362,Y,W,0.2276,0.1225,5,2
362,Y,Y,0,0,,4
363,R,-,-0.5449,1.612,1,2
363,R,A,-9.655,0.0997,5,2
363,R,C,-9.019,0.379,10,2
363,R,D,-9.744,0.123,6,2
363,R,E,-9.085,0.4624,6,2
363,R,F,-9.476,0.1874,3,2
363,R,G,-9.17,0.01131,9,2
363,R,H,-9.024,0.2341,3,2
363,R,I,-9.54,0.05728,8,2
363,R,K,-8.258,1.303,5,2
363,R,L,-6.751,4.359,7.5,4
363,R,M,-9.015,0.6378,6,2
363,R,N,-8.796,0.5706,7,2
363,R,P,-9.582,0.3302,8,2
363,R,Q,-8.12,0.591,11,4
363,R,R,0,0,,4
363,R,S,-9.422,0.3981,10,2
363,R,T,-8.278,0.804,9,2
363,R,V,-9.404,0.2192,7,2
363,R,W,-8.974,0.649,18,4
363,R,Y,-9.595,0.04243,5,2
364,N,-,-2.027,0.5678,1,2
364,N,A,-0.0215,0.9341,6,2
364,N,C,0.08325,0.2156,8,2
364,N,D,-2.325,0.8889,6.5,4
364,N,E,-0.8004,0.0297,10,2
364,N,F,-0.4987,0.1313,10,2
364,N,G,-0.3608,0.003253,8,2
364,N,H,0.3515,0.0816,7,2
364,N,I,-0.3731,0.3808,10,2
364,N,K,0.06088,0.3885,2.5,4
364,N,L,-0.6946,0.5564,13,2
364,N,M,0.01644,0.03026,4,2
364,N,N,0,0,,4
364,N,P,-9.02,0.2496,10,2
364,N,Q,-0.4632,0.1918,7,2
364,N,R,-1.187,0.1457,5,2
364,N,S,-1.03,2.558,3.5,4
364,N,T,0.2949,0.02673,8,2
364,N,V,-0.3452,0.4379,5,2
364,N,W,-0.4726,0.1012,7,2
364,N,Y,0.6288,0.2504,3.5,4
365,M,-,-2.312,1.076,2,2
365,M,A,-9.389,0.4108,5,2
365,M,C,-5.741,0.4455,6,2
365,M,D,-7.972,0.915,5,2
365,M,E,-9.438,0.5664,5,2
365,M,F,-1.254,0.4154,16,2
365,M,G,-9.251,0.2093,4,2
365,M,H,-9.511,0.4667,7,2
365,M,I,-8.056,1.586,19.75,4
365,M,K,-6.592,3.754,4,4
365,M,L,0.1819,1.157,4.5,4
365,M,M,0,0,,4
365,M,N,-9.149,0.02333,7,2
365,M,P,-8.821,1.223,7,2
365,M,Q,-7.608,2.65,10,2
365,M,R,-8.281,0.5501,6,2
365,M,S,-9.617,0.3479,5,2
365,M,T,-3.976,5.179,4.5,4
365,M,V,-9.487,0.2008,5,4
365,M,W,-7.785,1.76,6,2
365,M,Y,-1.389,0.1124,10,2
366,G,-,-6.997,0.2539,3,2
366,G,A,-1.247,0.2616,11,2
366,G,C,-8.816,0.3363,12.75,4
366,G,D,-8.813,0.4949,11,4
366,G,E,-9.398,0.2072,7,2
366,G,F,-9.364,0.1697,8,2
366,G,G,0,0,,4
366,G,H,-4.193,0.3281,8,2
366,G,I,-6.679,0.0997,7,2
366,G,K,-2.373,2.663,5,2
366,G,L,-9.658,0.002121,6,2
366,G,M,-8.208,1.444,7,2
366,G,N,-2.442,0.572,4,2
366,G,P,-9.468,0.1124,7,2
366,G,Q,-8.501,1.493,3,2
366,G,R,-8.64,0.005657,9,2
366,G,S,-7.938,1.072,8,4
366,G,T,-1.7,2.86,2,2
366,G,V,-8.268,1.629,6,4
366,G,W,-9.428,0.00495,11,2
366,G,Y,-9.546,0.08415,5,2
367,E,*,-4.675,2.775,3.25,4
367,E,-,0.1749,1.321,2,2
367,E,A,0.7196,0.1889,9,2
367,E,C,-0.3208,0.05678,5,2
367,E,D,-0.5688,0.2566,8.5,4
367,E,E,0,0,,4
367,E,F,0.9885,0.121,5,2
367,E,G,-0.1254,0.09673,8,2
367,E,H,0.08112,0.2538,6,2
367,E,I,-0.7213,0.4903,5,2
367,E,K,-0.0003195,0.1876,33.25,4
367,E,L,0.376,0.01591,5,2
367,E,M,0.3329,0.08309,7,2
367,E,N,-0.6179,1.297,5,2
367,E,P,0.07934,0.06486,13,2
367,E,Q,0.984,0.2135,6,2
367,E,R,0.794,0.2669,8,2
367,E,S,0.2798,0.144,7,2
367,E,T,-2.459,0.1739,8,2
367,E,V,-0.7645,0.2659,8,2
367,E,W,-0.3293,0.2841,8,2
367,E,Y,0.3037,0.348,6,2
368,E,*,-9.135,0.632,4.5,4
368,E,-,-1.327,2.792,2,2
368,E,A,-1.334,0.3239,7,2
368,E,C,-1.11,0.3596,5,2
368,E,D,0.03747,0.04966,8,2
368,E,E,0,0,,4
368,E,F,1.129,0.03465,11,2
368,E,G,-3.262,0.1004,12,2
368,E,H,0.1256,0.7396,9,2
368,E,I,-0.1748,0.1665,6,2
368,E,K,0.4002,0.0808,26.5,4
368,E,L,-0.326,0.3699,12,2
368,E,M,0.5514,0.65,6,2
368,E,N,0.8457,0.03253,5,2
368,E,P,-7.223,2.016,9,2
368,E,Q,0.5751,0.2244,6,4
368,E,R,0.1393,0.3368,7,2
368,E,S,-0.3947,0.1752,5,2
368,E,T,0.8014,0.1515,5,2
368,E,V,0.1238,0.03019,8,2
368,E,W,0.3774,0.1469,16,2
368,E,Y,0.3589,0.1525,9,2
369,P,-,0.1236,0.8048,2,2
369,P,A,-0.6188,0.2701,6,2
369,P,C,-9.302,0.002121,7,2
369,P,D,-9.194,0.0594,3,2
369,P,E,-7.299,0.6788,7,2
369,P,F,-9.658,0,8,2
369,P,G,-6.582,1.214,10,2
369,P,H,-8.677,0.8974,7.5,4
369,P,I,-9.479,0.384,6,2
369,P,K,-9.066,1.236,5,2
369,P,L,-7.785,4.273,5.75,4
369,P,M,-8.7,0.2531,7,2
369,P,N,-9.605,0.06647,7,2
369,P,P,0,0,,4
369,P,Q,-5.88,0.09122,2,2
369,P,R,-8.028,0.7036,9,2
369,P,S,-0.1621,0.3447,6,4
369,P,T,-2.723,0.4094,4,4
369,P,V,-1.714,0.4278,8,2
369,P,W,-9.227,0.1676,6,2
369,P,Y,-7.86,1.126,4,2
370,N,-,-1.468,0.9911,1,2
370,N,A,0.658,0.5133,3,2
370,N,C,-1.256,0.3281,11,2
370,N,D,-0.2975,0.108,10,2
370,N,E,-1.705,0.5671,6,2
370,N,F,-3.861,2.601,8,2
370,N,G,-1.486,0.2333,7,2
370,N,H,-0.3474,0.5874,10,2
370,N,I,-5.963,0.1945,9,2
370,N,K,-0.4309,0.7344,10,4
370,N,L,-0.4945,0.3212,5,2
370,N,M,-1.012,0.3328,8,2
370,N,N,0,0,,4
370,N,P,-9.552,0.2348,8,2
370,N,Q,-0.5406,0.3492,5,2
370,N,R,-0.8073,0.1439,9,2
370,N,S,-1.173,0.05798,10,2
370,N,T,-3.482,0.1216,7,2
370,N,V,-2.247,0.7828,4,2
370,N,W,-7.16,0.635,6,2
370,N,Y,-2.122,0.6993,10,2
371,Y,*,-8.969,0.6206,3,4
371,Y,-,-1.115,0.8901,1,2
371,Y,A,-1.73,0.7552,6,2
371,Y,C,-6.952,0.98,3,2
371,Y,D,-8.485,3.759,2.5,4
371,Y,E,-8.377,1.479,2,2
371,Y,F,-0.0871,0.3475,4,2
371,Y,G,-9.809,0.1344,8,2
371,Y,H,-2.187,0.5049,10,2
371,Y,I,-8.73,0.2984,6,2
371,Y,K,-9.486,0.2355,5,2
371,Y,L,-8.611,0.8634,7,2
371,Y,M,-8.725,0.02051,7,2
371,Y,N,-5.606,4.343,6,4
371,Y,P,-0.5204,0.08103,4,2
371,Y,Q,-9.198,0.2652,9,2
371,Y,R,-8.436,1.626,8,2
371,Y,S,-5.553,0.8577,13,2
371,Y,T,-9.345,0.06788,5,2
371,Y,V,-7.928,0.746,8,2
371,Y,W,-5.699,1.322,7,2
371,Y,Y,0,0,,4
372,Q,*,-8.619,2.16,3,4
372,Q,-,-0.3218,1.236,1,2
372,Q,A,-0.2382,0.1717,10,2
372,Q,C,-0.8422,1.841,5,2
372,Q,D,-2.724,1.024,5,2
372,Q,E,-0.02062,0.1612,7,2
372,Q,F,0.0367,0.2704,4,2
372,Q,G,0.1776,0.262,8,2
372,Q,H,0.2817,0.5271,6,4
372,Q,I,-1.635,0.3995,6,2
372,Q,K,-0.1265,0.1053,6,2
372,Q,L,-2.861,0.9963,9,2
372,Q,M,0.1401,0.1108,4,2
372,Q,N,-1.078,0.2236,8,2
372,Q,P,-9.091,0.111,8,2
372,Q,Q,0,0,,4
372,Q,R,-0.3984,0.5692,4.5,4
372,Q,S,-0.4119,0.3157,9,2
372,Q,T,-0.2188,0.1418,3,2
372,Q,V,-1.074,0.06647,8,2
372,Q,W,-0.1918,0.07255,9,2
372,Q,Y,0.05769,0.1298,8,2
373,E,*,-3.864,4.44,4.5,4
373,E,-,0.2013,0.9631,1,2
373,E,A,-2.153,1.042,3.5,4
373,E,C,-3.111,0.169,4,2
373,E,D,-1.108,1.179,8,4
373,E,E,0,0,,4
373,E,F,-4.874,1.105,4,2
373,E,G,-5.61,0.7191,11,2
373,E,H,-5.049,0.3536,2,2
373,E,I,-8.74,0.09192,5,2
373,E,K,-8.341,1.434,15.5,4
373,E,L,-9.611,0.531,10,2
373,E,M,-5.266,0.3338,5,2
373,E,N,-8.657,1.592,11,2
373,E,P,-9.723,0.07283,16,2
373,E,Q,0.3679,0.08287,3,2
373,E,R,-9.085,0.2333,7,2
373,E,S,-1.667,0.05515,5,2
373,E,T,-9.689,0.2227,8,2
373,E,V,-8.607,1.254,9,2
373,E,W,-4.55,0.5749,5,2
373,E,Y,-2.858,0.04667,9,2
374,E,*,-9.261,0.8412,4.5,4
374,E,-,0.1339,0.6223,1,2
374,E,A,-2.59,0.2949,15,2
374,E,C,-1.371,0.1838,11,2
374,E,D,-2.283,0.2349,4.5,4
374,E,E,0,0,,4
374,E,F,-1.782,0.1457,9,2
374,E,G,-8.104,1.838,13,2
374,E,H,-1.245,0.2828,6,2
374,E,I,-0.08906,0.06766,10,2
374,E,K,-3.175,1.13,24,4
374,E,L,-0.9754,0.8579,6,2
374,E,M,0.3396,0.009687,8,2
374,E,N,-3.51,0.2807,4,2
374,E,P,-9.009,0.3104,10,2
374,E,Q,-0.1331,0.4998,4,2
374,E,R,-3.316,0.1527,8,2
374,E,S,-1.156,0.1994,7,2
374,E,T,-1.884,0.3543,5,2
374,E,V,-0.7678,0.05551,14,2
374,E,W,-2.562,0.2234,11,2
374,E,Y,-1.6,0.2192,10,2
375,W,*,-9.433,0.1033,13.5,4
375,W,-,-3.404,4.546,1,2
375,W,A,-8.99,0.07071,6,2
375,W,C,-9.717,0.1937,14.75,4
375,W,D,-8.728,0.02828,9,2
375,W,E,-8.383,0.1506,4,2
375,W,F,-7.659,1.068,10,2
375,W,G,-9.564,0.0502,8,2
375,W,H,-9.336,0.2376,7,2
375,W,I,-7.999,1.479,9,2
375,W,K,-9.567,0.3437,4,2
375,W,L,-9.596,0.08347,10,4
375,W,M,-9.139,0.5148,7,2
375,W,N,-8.332,0.3097,9,2
375,W,P,-9.325,0.3521,9,2
375,W,Q,-8.925,0.3677,6,2
375,W,R,-5.617,2.495,7,4
375,W,S,-9.632,0.1626,12,2
375,W,T,-9.073,0.4667,14,2
375,W,V,-8.342,1.072,5,2
375,W,W,0,0,,4
375,W,Y,-9.47,0.03323,7,2
376,V,-,-4.143,0.944,2,2
376,V,A,-9.332,0.33,6,4
376,V,C,-9.48,0.1421,7,2
376,V,D,-9.439,0.2073,4,4
376,V,E,-8.727,0.2454,11,2
376,V,F,-5.55,0.5596,3.5,4
376,V,G,-8.675,0.5838,4,4
376,V,H,-9.55,0.3422,9,2
376,V,I,0.2834,0.2431,13.5,4
376,V,K,-9.073,0.985,7,2
376,V,L,-2.607,0.2468,10,2
376,V,M,-8.309,0.7361,7,2
376,V,N,-9.204,0.09475,12,2
376,V,P,-7.498,0.4929,8,2
376,V,Q,-9.141,0.4469,6,2
376,V,R,-9.46,0.003536,10,2
376,V,S,-8.81,0.1259,8,2
376,V,T,-9.144,0.1259,10,2
376,V,V,0,0,,4
376,V,W,-8.935,0.3507,9,2
376,V,Y,-8.883,0.8224,8,2
377,T,-,-0.3755,0.03239,1,2
377,T,A,-0.4755,0.2217,4,2
377,T,C,-4.596,0.2093,6,2
377,T,D,-0.596,0.3222,8,2
377,T,E,-0.1427,0.04554,7,2
377,T,F,-0.5095,0.02758,11,2
377,T,G,-1.872,0.01273,7,2
377,T,H,-0.5629,0.1061,6,2
377,T,I,-0.8325,0.438,6,4
377,T,K,-0.7651,0.1189,3,2
377,T,L,-0.7464,0.07722,8,2
377,T,M,-0.8575,0.244,5,2
377,T,N,0.1344,0.5883,4.5,4
377,T,P,-4.139,1.144,10,2
377,T,Q,-0.3772,0.1091,2,2
377,T,R,-0.4622,0.0009192,5,2
377,T,S,-0.8806,1.222,3,4
377,T,T,0,0,,4
377,T,V,-0.4588,0.4028,7,2
377,T,W,-0.3796,0.5015,6,2
377,T,Y,-1.153,0.2679,5,2
378,H,-,-0.9424,2.586,1,2
378,H,A,-0.1082,0.1356,8,2
378,H,C,-1.082,0.05728,10,2
378,H,D,-0.0124,0.3495,3,2
378,H,E,0.7875,0.05006,1,2
378,H,F,-0.7817,0.09645,5,2
378,H,G,-1.323,0.2143,6,2
378,H,H,0,0,,4
378,H,I,-0.2684,0.1874,8,2
378,H,K,0.8016,0.06223,5,2
378,H,L,-0.842,0.3464,5,2
378,H,M,-0.03015,0.2487,6,2
378,H,N,-0.2608,0.4713,5,4
378,H,P,-7.716,1.504,6,2
378,H,Q,0.3539,0.258,7,4
378,H,R,-1.405,4.596,3.5,4
378,H,S,-0.1304,0.2669,5,2
378,H,T,0.1816,0.3412,5,2
378,H,V,0.141,0.2266,2,2
378,H,W,0.4507,0.03627,9,2
378,H,Y,0.2002,0.4118,8.5,4
379,K,*,-3.521,6.029,1,2
379,K,-,0.6985,0.4575,1,2
379,K,A,-5.191,0.9355,8,2
379,K,C,-5.567,1.254,9,2
379,K,D,-5.668,0.08697,9,2
379,K,E,-5.228,1.483,5.5,4
379,K,F,-6.295,3.251,5,2
379,K,G,-6.766,1.296,9,2
379,K,H,-3.8,0.9899,5,2
379,K,I,-2.996,0.215,7,2
379,K,K,0,0,,4
379,K,L,-2.982,0.08273,6,2
379,K,M,-3.519,2.301,5.5,4
379,K,N,-4.73,2.26,6.5,4
379,K,P,-4.988,0.08273,6,2
379,K,Q,-3.016,0.3253,11,2
379,K,R,0.5631,0.09328,4.5,4
379,K,S,-7.905,0.6908,4,2
379,K,T,-1.856,0.1117,6,2
379,K,V,-1.155,0.1464,7,2
379,K,W,-4.716,0.7241,7,2
379,K,Y,-3.296,0.2949,7,2
380,K,-,-0.5264,1.725,1,2
380,K,A,-3.171,0.1393,2,2
380,K,C,-3.372,0.4723,10,2
380,K,D,-8.207,1.199,6,2
380,K,E,-4.615,1.649,9,2
380,K,F,-8.945,1.099,10,2
380,K,G,-9.531,0.5692,10,2
380,K,H,-1.986,0.4624,6,2
380,K,I,-3.466,0.63,4,2
380,K,K,0,0,,4
380,K,L,-7.123,3.096,6,2
380,K,M,-3.959,3.269,3,2
380,K,N,-9.023,0.02263,5,2
380,K,P,-9.603,0.5275,7,2
380,K,Q,-3.026,0.2404,6,2
380,K,R,-1.389,0.8189,1,2
380,K,S,-1.826,0.524,4,2
380,K,T,-2.524,0.02899,11,2
380,K,V,-4.339,0.007778,8,2
380,K,W,-3.4,6.265,8,2
380,K,Y,-3.28,0.2835,5,2
381,E,*,-7.457,3.078,3.5,4
381,E,-,-2.625,3.151,1,2
381,E,A,-2.065,0.1351,6,2
381,E,C,-1.969,0.1598,6,2
381,E,D,-3.957,2.355,6.5,4
381,E,E,0,0,,4
381,E,F,-1.11,0.4667,9,2
381,E,G,-5.546,2.425,7,2
381,E,H,-1.097,1.568,3,2
381,E,I,-1.815,0.3118,10,2
381,E,K,-1.36,0.3804,24.5,4
381,E,L,-0.3075,0.164,5,2
381,E,M,-2.091,0.5904,5,2
381,E,N,-2.63,0.145,7,2
381,E,P,-5.934,0.2814,4,2
381,E,Q,-0.4019,0.1047,4,2
381,E,R,-0.8911,0.154,8,2
381,E,S,0.4334,0.08266,2,2
381,E,T,-1.767,0.6633,4,2
381,E,V,-2.167,0.1817,4,2
381,E,W,-1.036,0.01838,9,2
381,E,Y,-0.9599,0.1119,5,2
382,I,-,-1.869,0.6668,1,2
382,I,A,-0.3758,1.731,1,2
382,I,C,-1.779,0.676,4,2
382,I,D,-9.325,0.2072,8,2
382,I,E,-9.381,0.07495,11,2
382,I,F,-0.07326,0.1056,7,2
382,I,G,-9.377,0.2341,7,2
382,I,H,-8.608,1.179,7,2
382,I,I,0,0,,4
382,I,K,-2.169,0.8803,4,2
382,I,L,-2.396,0.3097,6,2
382,I,M,-0.3407,0.4291,6,4
382,I,N,-9.512,0.1181,15,2
382,I,P,-9.332,0.02333,6,2
382,I,Q,-7.582,0.8252,8,2
382,I,R,-4.674,0.123,3,2
382,I,S,-8.427,1.783,6,2
382,I,T,-3.483,0.6031,6.5,4
382,I,V,0.1891,0.6736,8,2
382,I,W,-9.238,0.8436,6,2
382,I,Y,-0.992,0.222,8,2
383,R,-,-1.248,2.265,3,2
383,R,A,-0.6385,0.08019,8.5,2
383,R,C,0.01525,1.012,3,2
383,R,D,-5.791,0.4158,3,2
383,R,E,-1.287,0.4893,6,2
383,R,F,-1.371,0.04031,4,2
383,R,G,-4.231,1.005,6,2
383,R,H,0.08922,0.04296,9.5,2
383,R,I,0.0514,0.125,9,2
383,R,K,0.5686,0.06958,5,2
383,R,L,-2.067,0.4989,5,4
383,R,M,-1.401,0.3069,7,2
383,R,N,0.1356,0.04066,5,2
383,R,P,-3.933,0.2411,8,2
383,R,Q,-1.039,0.6649,15.5,4
383,R,R,0,0,,4
383,R,S,-0.462,0.1254,4,2
383,R,T,-0.5884,0.06215,5,2
383,R,V,-0.03549,0.07811,3,2
383,R,W,-3.042,0.9554,14,4
383,R,Y,-0.7278,0.4004,3.5,4
384,L,-,-1.925,1.131,2,2
384,L,A,-7.287,1.569,8,2
384,L,C,-8.916,0.256,9,2
384,L,D,-9.309,0.1167,9,2
384,L,E,-7.539,2.164,9,2
384,L,F,-0.1506,0.4813,2,2
384,L,G,-8.756,0.7531,6,2
384,L,H,-6.379,1.069,2,2
384,L,I,0.781,0.00799,3,2
384,L,K,-8.649,0.9051,7,2
384,L,L,0,0,,4
384,L,M,0.5851,0.6165,12,2
384,L,N,-9.442,0.1351,7,2
384,L,P,-8.341,1.488,7.5,4
384,L,Q,-9.612,0.1824,7,2
384,L,R,-9.073,0.2722,8,2
384,L,S,-8.973,0.5332,3,2
384,L,T,-4.669,6.557,4,2
384,L,V,-1.667,0.8945,6,2
384,L,W,-3.587,0.5862,4,2
384,L,Y,-4.578,0.1421,2,2
385,T,-,-2.178,0.1534,2,2
385,T,A,-0.08719,0.2501,6,4
385,T,C,0.1613,1.035,2,2
385,T,D,-0.364,0.1977,6,2
385,T,E,-1.348,0.875,3,2
385,T,F,0.4357,0.1554,6,2
385,T,G,-0.7737,0.1617,6,2
385,T,H,0.7006,0.1404,9,2
385,T,I,-0.8936,0.7982,13,4
385,T,K,0.6262,0.3784,2,2
385,T,L,-0.7225,0.1658,8,2
385,T,M,0.1594,0.1712,5,2
385,T,N,-1.195,3.351,5,4
385,T,P,-0.7801,0.02574,5,2
385,T,Q,-0.1701,0.4802,6,2
385,T,R,0.2236,0.2574,12,2
385,T,S,-0.2177,0.3745,7,2
385,T,T,0,0,,4
385,T,V,-0.8568,0.06993,2,2
385,T,W,-0.0318,0.06807,5,2
385,T,Y,0.4892,0.0326,5,2
386,V,-,-2.133,2.287,1,4
386,V,A,-6.157,4.502,3.5,4
386,V,C,-5.079,1.225,6,2
386,V,D,-8.952,0.2673,2,2
386,V,E,-8.976,2.256,5,4
386,V,F,-9.277,0.3147,6,2
386,V,G,-9.166,0.3041,3,2
386,V,H,-9.669,0.4547,7.5,2
386,V,I,-2.721,0.4419,15,2
386,V,K,-7.633,1.194,4,2
386,V,L,-5.04,1.75,6.5,4
386,V,M,-9.161,0.2972,18.5,4
386,V,N,-7.316,1.604,3,2
386,V,P,-9.451,0.07,7,2
386,V,Q,-9.445,0.3168,5,2
386,V,R,-8.986,0.186,10,2
386,V,S,-9.575,0.01768,5,2
386,V,T,-8.517,0.2539,6,2
386,V,V,0,0,,4
386,V,W,-9.593,0.01768,7,2
386,V,Y,-1.92,2.524,1,2
387,P,-,-2.724,2.256,1,4
387,P,A,-4.008,0.367,5,2
387,P,C,-3.314,0.1549,5,2
387,P,D,-7.293,0.5247,4,2
387,P,E,-5.438,0.8768,3,2
387,P,F,-7.364,0.2397,7,2
387,P,G,-2.067,0.05303,4,2
387,P,H,-3.687,3.698,2.333,3
387,P,I,-4.046,4.403,2,2
387,P,K,-1.85,0.04243,9,2
387,P,L,-2.199,1.402,4.5,4
387,P,M,-3.374,0.3408,5,2
387,P,N,-0.5328,1.659,7,2
387,P,P,0,0,,4
387,P,Q,-3.642,1.488,5,2
387,P,R,-2.79,0.2044,3.5,2
387,P,S,-2.34,0.822,13.75,4
387,P,T,-3.059,0.2581,8,2
387,P,V,-7.162,3.003,10,2
387,P,W,-7.079,2.785,7,2
387,P,Y,-5.551,0.4087,7,2
388,T,-,0.2268,1.55,1,4
388,T,A,-0.598,0.6809,3,4
388,T,C,-1.437,0.02404,10,2
388,T,D,-1.2,0.1054,4,2
388,T,E,-1.353,0.5361,10,2
388,T,F,0.7349,0.4527,9,2
388,T,G,-1.08,0.2528,4,2
388,T,H,-0.5352,0.558,8,2
388,T,I,0.1272,0.6492,9.5,4
388,T,K,0.2819,0.2044,5,2
388,T,L,-0.07051,0.1441,6,2
388,T,M,-0.378,0.2637,7,2
388,T,N,0.3289,0.6365,2,4
388,T,P,0.2915,0.2447,4,2
388,T,Q,0.4166,0.1588,9,2
388,T,R,0.6442,0.3649,9.5,2
388,T,S,0.3131,0.1981,4,2
388,T,T,0,0,,4
388,T,V,1.005,0.009405,3,2
388,T,W,0.1349,0.2058,11,2
388,T,Y,-0.2677,0.06838,7,2
389,E,*,-8.441,0.7189,3,4
389,E,-,-1.569,2.171,1.5,4
389,E,A,-1.34,0.239,6,2
389,E,C,-0.1002,0.2294,5,2
389,E,D,-0.2172,0.1852,6,4
389,E,E,0,0,,4
389,E,F,-2.242,0.03677,14,2
389,E,G,-1.69,1.258,9.5,4
389,E,H,-1.256,0.08697,8,2
389,E,I,-3.33,0.02263,8,2
389,E,K,-1.483,0.5069,22,4
389,E,L,-6.965,3.613,5,2
389,E,M,-1.419,0.06788,9,2
389,E,N,-1.392,0.1287,8,2
389,E,P,-1.368,0.2828,7,2
389,E,Q,-0.5626,0.3231,11,2
389,E,R,-4.117,0.3932,4,2
389,E,S,0.3629,0.1749,9,2
389,E,T,-0.06238,0.1161,9,2
389,E,V,-0.07665,0.3253,6,2
389,E,W,-2.955,0.2687,13,2
389,E,Y,-1.08,0.28,6,2
390,G,-,-0.149,0.2434,1,2
390,G,A,-7.547,2.123,4.5,4
390,G,C,-8.928,0.9557,8.5,4
390,G,D,-8.521,1.879,7.5,4
390,G,E,-8.936,0.6633,5,2
390,G,F,-9.478,0.09899,12,2
390,G,G,0,0,,4
390,G,H,-8.913,0.6852,6,2
390,G,I,-3.721,0.787,3,2
390,G,K,-9.37,0.02404,5,2
390,G,L,-9.444,0.1633,4,2
390,G,M,-7.23,1.749,5,2
390,G,N,-9.63,0.1831,11,2
390,G,P,-9.529,0.03748,6,2
390,G,Q,-9.343,0.08627,5,2
390,G,R,-8.47,0.8148,3,4
390,G,S,-9.648,0.1673,9.5,4
390,G,T,-9.348,0.1365,8,2
390,G,V,-9.323,0.9495,7,4
390,G,W,-9.21,0.1351,7,2
390,G,Y,-9.309,0.03253,7,2
391,L,-,-4.085,2.04,1,2
391,L,A,-9.545,0.222,2,2
391,L,C,-9.358,0.2058,10,2
391,L,D,-7.854,1.515,4,2
391,L,E,-8.996,0.5982,6,2
391,L,F,-9.573,0.2737,10,2
391,L,G,-9.243,0.7439,6,2
391,L,H,-9.358,0.6944,6,2
391,L,I,-0.4269,0.01153,5,2
391,L,K,-9.247,0.02616,4,2
391,L,L,0,0,,4
391,L,M,-2.867,0.3269,14,4
391,L,N,-9.481,0.2277,8,2
391,L,P,-9.253,0.3369,30.5,4
391,L,Q,-9.49,0.1432,6,4
391,L,R,-9.494,0.08779,4.5,4
391,L,S,-8.32,0.9079,5,2
391,L,T,-3.433,0.0502,3,2
391,L,V,-0.8594,0.5217,2,4
391,L,W,-9.556,0.05445,4,2
391,L,Y,-7.765,2.42,5,2
392,E,*,-9.296,0.2919,4.5,4
392,E,-,-0.3921,0.04313,1,2
392,E,A,-6.685,0.5042,4,2
392,E,C,-5.621,1.028,4,2
392,E,D,-9.201,0.3005,11,2
392,E,E,0,0,,4
392,E,F,-9.44,0.2956,3,2
392,E,G,-8.681,0.5197,7,4
392,E,H,-5.642,2.174,6,2
392,E,I,-8.64,0.4306,9,2
392,E,K,-8.764,0.815,32.5,4
392,E,L,-8.538,0.08273,5,2
392,E,M,-7.956,1.15,3,2
392,E,N,-7.419,2.613,5,2
392,E,P,-9.373,0.06435,6,2
392,E,Q,-8.425,1.716,9,2
392,E,R,-9.623,0.1414,4,2
392,E,S,-8.827,0.0198,7,2
392,E,T,-9.579,0.297,9,2
392,E,V,-9.477,0.1216,7,2
392,E,W,-9.082,0.01414,9,2
392,E,Y,-7.005,1.991,6,2
393,V,-,-5.953,1.797,1,2
393,V,A,-5.775,4.447,9,4
393,V,C,-9.154,0.6081,12,2
393,V,D,-9.088,3.937,4,4
393,V,E,-9.534,0.5204,9,2
393,V,F,-8.13,2.728,3.5,4
393,V,G,-9.195,0.5692,9,2
393,V,H,-8.78,0.0594,3,2
393,V,I,-1.903,1.623,10.5,4
393,V,K,-9.623,0.09192,7,2
393,V,L,-5.165,1.76,7,2
393,V,M,-8.473,0.8959,7,2
393,V,N,-8.163,0.3691,4,2
393,V,P,-9.628,0.0891,6,2
393,V,Q,-8.647,1.44,3,2
393,V,R,-9.352,0.152,8,2
393,V,S,-9.322,0.2044,6,2
393,V,T,-9.162,0.1209,2,2
393,V,V,0,0,,4
393,V,W,-9.259,0.3479,5,2
393,V,Y,-8.415,0.8938,6,2
394,T,-,-3.626,5.183,4,4
394,T,A,-6.152,3.037,4,4
394,T,C,-1.006,0.2111,4,2
394,T,E,-5.798,2.232,7,2
394,T,F,-2.147,0.7913,4.5,2
394,T,G,-8.045,1.689,7,2
394,T,H,-5.192,1.568,5,2
394,T,I,-5.053,1.716,8.25,4
394,T,K,-5.228,0.0594,3,2
394,T,L,-6.936,1.21,9,2
394,T,M,-5.361,1.666,4,2
394,T,N,-7.562,2.114,3.5,4
394,T,P,-5.252,4.832,4.5,4
394,T,Q,-2.798,0.0792,9,2
394,T,R,-2.306,0.5841,9,2
394,T,S,0.3019,0.04766,7,2
394,T,T,0,0,,4
394,T,V,-2.037,0.02475,6,2
394,T,W,-2.664,0.3627,5,2
394,T,Y,-1.713,2.335,1,2
395,W,*,-9.135,0.6126,16,4
395,W,-,-2.393,1.304,3.5,4
395,W,A,-9.468,0.5346,5,2
395,W,C,-9.476,0.153,16.5,4
395,W,D,-9.226,0.2567,9,2
395,W,E,-9.401,0.2001,5,2
395,W,F,-9.21,0.3882,9,2
395,W,G,-9.503,0.06505,8,2
395,W,H,-9.286,0.3804,8.5,2
395,W,I,-9.773,0.2029,5,2
395,W,K,-9.508,0.1351,6,2
395,W,L,-9.364,0.9413,11,4
395,W,M,-8.727,0.1499,11.5,2
395,W,N,-9.151,0.3656,8,2
395,W,P,-9.271,0.1909,10,2
395,W,Q,-8.559,1.325,8,2
395,W,R,-9.607,0.1744,16,4
395,W,S,-9.275,0.05091,5,2
395,W,T,-9.559,0.1237,5,2
395,W,V,-8.645,0.06718,2,2
395,W,W,0,0,,4
395,W,Y,-9.107,0.193,7,2
396,G,-,-0.8223,0.7296,3.5,4
396,G,A,-7.873,2.29,11,2
396,G,C,-6.392,1.343,3.5,4
396,G,D,-9.668,0.3851,23,4
396,G,E,-8.441,1.295,8,2
396,G,F,-9.793,0.244,6,2
396,G,G,0,0,,4
396,G,H,-9.59,0.2942,6,2
396,G,I,-7.357,2.481,7,2
396,G,K,-8.308,0.2807,5,2
396,G,L,-8.698,0.8111,6,2
396,G,M,-4.711,5.442,3,2
396,G,N,-9.213,0.2546,6,2
396,G,P,-9.396,0.4695,4,2
396,G,Q,-9.365,0.116,3,2
396,G,R,-8.891,0.1994,8,2
396,G,S,-9.518,0.3046,16,4
396,G,T,-6.101,3.808,4,2
396,G,V,-8.515,1.002,9,4
396,G,W,-9.809,0.251,7,2
396,G,Y,-9.577,0.2546,7,2
397,N,-,-9.481,0.2251,8.5,4
397,N,A,-9.207,0.1075,3,2
397,N,C,-9.03,1.175,6,2
397,N,D,-9.411,0.2899,5,2
397,N,E,-9.569,0.4122,6,2
397,N,F,-8.918,1.199,6,2
397,N,G,-9.079,0.2524,11,2
397,N,H,-9.656,0.01697,8,2
397,N,I,-8.785,1.152,5,2
397,N,K,-2.58,3.382,3,4
397,N,L,-9.185,0.1541,9,2
397,N,M,-8.95,1.201,4,2
397,N,N,0,0,,4
397,N,P,-8.737,1.185,6,2
397,N,Q,-8.162,1.708,4,2
397,N,R,-9.623,0.4483,6,2
397,N,S,-9.233,0.01202,9,2
397,N,T,-7.561,2.641,3,2
397,N,V,-8.96,0.874,8,2
397,N,W,-8.662,1.263,7,2
397,N,Y,-9.494,0.1846,6,2
398,N,-,-0.3254,1.404,3,4
398,N,A,-9.123,0.8181,11,2
398,N,C,-8.895,0.1237,8,2
398,N,D,-8.77,0.4565,5.75,4
398,N,E,-9.26,0.1358,8,2
398,N,F,-9.226,0.3882,7,2
398,N,G,-8.799,0.04031,9,2
398,N,H,-6.894,0.8146,4,2
398,N,I,-8.743,0.1994,9,2
398,N,K,-8.659,0.2044,6,4
398,N,L,-6.516,1.911,3,2
398,N,M,-9.49,0.2744,3,2
398,N,N,0,0,,4
398,N,P,-8.877,0.6767,11,2
398,N,Q,-8.934,0.7502,6,2
398,N,R,-6.792,0.4398,5,2
398,N,S,-4.807,5.246,6,4
398,N,T,-9.59,0.3719,5,2
398,N,V,-8.489,0.63,7,2
398,N,W,-8.131,1.072,6,2
398,N,Y,-8.966,0.5155,10,2
399,E,*,-9.44,0.1243,4,4
399,E,-,-2.769,2.24,3.5,4
399,E,A,-1.734,0.8601,2,4
399,E,C,-0.9437,0.2041,7,2
399,E,D,0.5623,0.8338,7.5,4
399,E,E,0,0,,4
399,E,F,-1.345,0.03889,7,2
399,E,G,-2.978,0.6679,8.5,4
399,E,H,-1.139,0.01202,8,2
399,E,I,-0.9309,0.3198,8,2
399,E,K,-1.758,0.9482,8,4
399,E,L,-0.8962,0.09383,11,2
399,E,M,-0.7459,0.1002,7,2
399,E,N,-5.485,0.007778,4,2
399,E,P,-0.8047,0.2861,2,2
399,E,Q,-1.879,0.1287,11,2
399,E,R,-1.301,2.76,1.5,2
399,E,S,-4.14,0.4752,6,2
399,E,T,-9.602,0.1768,12,2
399,E,V,-1.526,0.4048,3.5,4
399,E,W,-3.745,1.152,5,2
399,E,Y,-1.414,0.09758,3,2
400,P,-,-2.909,2.223,4,4
400,P,A,-0.5736,0.3228,9,2
400,P,C,-6.091,1.615,3,2
400,P,D,-9.567,0.04031,4,2
400,P,E,-9.424,0.5452,5,2
400,P,F,-9.064,0.6527,8,2
400,P,G,-7.51,1.573,4,2
400,P,H,-9.255,0.256,5,2
400,P,I,-3.425,4.516,2,2
400,P,K,-9.446,0.2164,2,2
400,P,L,-7.806,4.29,3.5,4
400,P,M,-9.585,0.0495,4,2
400,P,N,-8.697,0.6654,4,2
400,P,P,0,0,,4
400,P,Q,-9.191,0.5162,6,2
400,P,R,-9.335,0.3401,9,2
400,P,S,-9.037,0.447,6.5,4
400,P,T,-6.131,4.093,5,4
400,P,V,-3.783,0.3663,7,2
400,P,W,-9.559,0.2199,8,2
400,P,Y,-8.825,0.3988,3,2
401,Y,*,-9.099,0.5892,5.5,4
401,Y,-,-1.633,1.092,4.5,4
401,Y,A,-0.5075,0.5776,6,2
401,Y,C,-0.7863,0.2631,9,2
401,Y,D,-0.2548,1.139,3,4
401,Y,E,-1.118,0.529,5,2
401,Y,F,-0.4865,0.1631,7,2
401,Y,G,-3.201,0.007071,3,2
401,Y,H,-1.621,0.6235,10.25,4
401,Y,I,0.496,0.127,6,2
401,Y,K,-0.8154,0.3968,2,2
401,Y,L,0.2981,0.1232,8,2
401,Y,M,0.3161,0.1994,5,2
401,Y,N,0.06747,0.08758,3,2
401,Y,P,-8.728,0.008485,3,2
401,Y,Q,-0.8407,1.362,3,2
401,Y,R,-0.8124,0.326,8,2
401,Y,S,0.9797,0.03861,4,2
401,Y,T,0.4523,0.06817,5,2
401,Y,V,0.1391,0.2125,5,2
401,Y,W,-0.02075,0.329,6,2
401,Y,Y,0,0,,4
402,K,*,-1.253,1.66,1,2
402,K,-,0.5364,0.1609,1,2
402,K,C,-0.6773,2.129,4,2
402,K,D,-7.175,1.838,5,2
402,K,E,-5.964,2.638,3,4
402,K,F,-4.642,0.04101,4,2
402,K,G,-8.12,0.9433,9.5,2
402,K,H,-2.061,0.6887,5,2
402,K,I,-8.57,1.248,6,2
402,K,K,0,0,,4
402,K,L,-2.194,0.1181,11,2
402,K,M,-2.388,0.1888,6,2
402,K,N,-1.683,1.331,7.5,4
402,K,P,-9.591,0.1725,5,2
402,K,Q,-1.808,0.1195,5,2
402,K,R,0.7121,0.3357,3,4
402,K,S,-0.7155,2.007,4,2
402,K,T,-2.122,0.4363,12,2
402,K,V,-3.097,1.448,5,2
402,K,W,-3.596,0.1541,3,2
402,K,Y,-0.9607,0.1899,5,2
403,Y,*,-8.626,2.668,2.5,4
403,Y,A,-8.655,1.105,7,2
403,Y,C,-7.004,4.3,4,4
403,Y,D,-8.982,0.6498,7,2
403,Y,E,-9.652,0.244,3,2
403,Y,F,0.5858,0.4739,4,2
403,Y,G,0.07995,0.9947,1,2
403,Y,H,-9.286,0.3653,6.5,4
403,Y,I,-8.207,2.271,6,2
403,Y,K,-9.451,0.2256,8,2
403,Y,L,-4.088,0.1747,5,2
403,Y,M,-4.593,0.6413,4,2
403,Y,N,-5.127,3.716,5,4
403,Y,P,-9.685,0.09334,10,2
403,Y,Q,-9.035,0.3429,10,2
403,Y,R,-9.753,0.128,8,2
403,Y,S,-9.507,0.164,3,2
403,Y,T,-7.496,1.976,2,2
403,Y,V,-9.508,0.2482,6,2
403,Y,W,0.3031,0.09192,2,2
403,Y,Y,0,0,,4
404,W,*,-9.484,0.3656,19.5,4
404,W,A,-8.852,0.7128,6,2
404,W,C,-9.457,0.9112,6,4
404,W,D,-9.049,0.3359,5,2
404,W,E,-9.178,0.2539,7,2
404,W,F,-1.753,0.5282,6,2
404,W,G,-9.561,0.03182,9,2
404,W,H,-7.47,3.099,5,2
404,W,I,-7.741,2.612,15,2
404,W,K,-9.532,0.2128,8,2
404,W,L,-9.246,2.045,4.5,4
404,W,M,-9.401,0.4207,6,2
404,W,N,-9.482,0.1952,4,2
404,W,P,-9.486,0.1704,8,2
404,W,Q,-9.008,0.1824,12,2
404,W,R,-4.347,5.841,3,4
404,W,S,-2.859,4.541,2.5,4
404,W,T,-6.809,0.7382,5,2
404,W,V,-9.589,0.437,6,2
404,W,W,0,0,,4
404,W,Y,-0.8382,0.5484,7,2
405,P,A,-0.6555,0.0792,3,2
405,P,C,-0.8478,0.05756,3,2
405,P,D,-3.841,1.846,6,2
405,P,E,-8.071,1.707,7,2
405,P,F,-4.535,0.8648,4.5,2
405,P,G,-5.073,1.03,4,2
405,P,H,-3.761,1.838,8,2
405,P,I,-0.7853,0.5624,5,2
405,P,K,-0.3795,0.1646,4,2
405,P,L,0.6516,0.1227,6,4
405,P,M,-1.251,0.7831,4,2
405,P,N,0.5371,0.04384,4,2
405,P,P,0,0,,4
405,P,Q,-1.102,0.1372,6,2
405,P,R,0.03005,0.1993,2,2
405,P,S,0.209,0.2727,4.5,4
405,P,T,0.1101,0.2403,5,2
405,P,V,-0.5579,0.02418,7,2
405,P,W,-5.155,0.9645,4,2
405,P,Y,-1.91,0.002121,5,2
406,Q,*,-8.193,3.236,5.5,4
406,Q,A,0.4874,0.132,12,2
406,Q,C,-1.334,0.3224,4,2
406,Q,D,-6.206,1.344,8,2
406,Q,E,-1.431,0.4801,4,2
406,Q,F,-2.867,0.3861,8,2
406,Q,H,-1.027,0.578,6,4
406,Q,I,0.4082,0.8293,5,2
406,Q,K,-2.633,1.694,11,4
406,Q,L,0.8433,0.06944,4,2
406,Q,M,0.2293,0.01633,9,2
406,Q,N,0.6035,0.1322,3,2
406,Q,P,-4.726,2.745,5.5,4
406,Q,Q,0,0,,4
406,Q,R,-0.2439,0.9947,9.25,4
406,Q,S,0.5748,0.07121,9,2
406,Q,T,0.6068,0.01817,8,2
406,Q,V,0.2137,0.1544,4,2
406,Q,W,-2.901,0.2051,9,2
406,Q,Y,-1.841,0.4038,8,2
407,L,A,-1.288,0.2694,5,2
407,L,C,-0.6337,0.09977,6,2
407,L,D,-0.4078,0.01775,6,2
407,L,E,-0.001514,0.0085,4,2
407,L,F,-0.3934,0.03309,4,2
407,L,G,0.4053,0.2707,8,2
407,L,H,0.8087,0.03323,4,2
407,L,I,0.2194,0.2301,4,2
407,L,K,-0.2913,0.2674,7,2
407,L,L,0,0,,4
407,L,M,-0.2054,0.2857,9,4
407,L,N,-4.979,0.1061,4,2
407,L,P,0.3914,0.2908,4.25,4
407,L,Q,-0.6241,0.9686,4,2
407,L,R,-0.1734,0.04709,5,2
407,L,S,0.3402,0.124,4,2
407,L,T,0.2701,0.03465,4,2
407,L,V,-0.117,0.2531,3,4
407,L,W,-0.3592,0.06491,12,2
407,L,Y,0.3367,0.07559,8,2
408,S,A,-0.3033,0.6907,5,2
408,S,C,-2.429,0.9723,9,2
408,S,D,-1.083,0.3404,4,2
408,S,E,0.2804,0.04702,6,2
408,S,F,-0.8263,0.5359,5.5,4
408,S,G,0.03409,0.1793,5,2
408,S,H,-0.05238,0.07117,7,2
408,S,I,-0.4212,0.03182,4,2
408,S,K,-0.5623,0.4346,5,2
408,S,L,-1.262,0.2906,7,2
408,S,M,-0.2003,0.1746,7,2
408,S,N,0.1633,0.06003,5,2
408,S,P,-1.173,0.676,16,4
408,S,Q,-0.9267,0.1871,3,2
408,S,R,-1.037,0.125,7,2
408,S,S,0,0,,4
408,S,T,-0.6806,2.035,3,4
408,S,V,0.5506,0.02058,6,2
408,S,W,-0.488,0.3027,8,2
408,S,Y,-0.6844,0.1494,5.5,4
409,T,A,0.1861,0.2902,6,4
409,T,C,-1.425,0.08061,9,2
409,T,D,-0.7675,0.03076,5,2
409,T,E,-0.8585,0.2454,8,2
409,T,F,-0.127,0.6756,1,2
409,T,G,-0.6657,0.2227,4,2
409,T,H,1.17,0.03394,5,2
409,T,I,0.5611,0.05665,8.5,4
409,T,K,-0.4948,0.09447,8,2
409,T,L,0.2576,0.07517,6,2
409,T,M,0.3224,0.1167,5,2
409,T,N,0.07839,0.0918,6,2
409,T,P,-0.2037,0.3488,8,2
409,T,Q,0.1889,0.4241,5,2
409,T,R,0.0701,0.6916,4,2
409,T,S,0.3796,0.2584,6,2
409,T,T,0,0,,4
409,T,V,0.3556,0.5961,7,2
409,T,W,-0.2552,0.4389,4,2
409,T,Y,0.09187,0.2053,7,2
410,N,A,0.3382,0.1726,4,2
410,N,C,-2.871,0.3677,7,2
410,N,D,0.6345,0.7602,2.5,4
410,N,E,0.3494,0.2276,12,2
410,N,F,-0.8077,0.6015,6,2
410,N,G,1.14,0.002121,4,2
410,N,H,-0.1225,0.1144,5,2
410,N,I,-0.01042,0.515,3,4
410,N,K,-0.3094,0.4023,5.5,4
410,N,L,-0.3246,0.2729,8,2
410,N,M,0.1383,0.2077,8,2
410,N,N,0,0,,4
410,N,P,0.4109,0.2565,6,2
410,N,Q,0.5723,0.4061,3,2
410,N,R,-0.2113,0.2624,3,2
410,N,S,0.2466,0.3829,4.5,4
410,N,T,-0.03055,0.5662,8,2
410,N,V,0.6232,0.002192,1,2
410,N,W,0.004375,0.04091,6,2
410,N,Y,0.2587,0.4035,4.5,4
411,G,A,0.1577,0.09436,9,2
411,G,C,-4.905,2.714,4,4
411,G,D,-0.6082,0.1303,53.75,4
411,G,E,-1.261,0.0198,6,2
411,G,F,0.2424,0.06428,10,2
411,G,G,0,0,,4
411,G,H,0.1444,0.2273,12,2
411,G,I,0.6421,0.3682,3,2
411,G,K,-1.43,0.1838,8,2
411,G,M,-1.502,0.8654,5,2
411,G,N,0.2971,0.2344,6,2
411,G,P,0.3415,0.06689,2,2
411,G,Q,-0.5168,0.1595,6,2
411,G,R,0.8967,0.04575,4,2
411,G,S,-0.9848,1.834,9,4
411,G,T,0.2535,0.2265,10,2
411,G,V,0.2928,0.01591,8,2
411,G,W,0.6256,0.1357,5,2
411,G,Y,0.6789,0.2183,11,2
412,T,A,0.4022,0.2059,6.5,4
412,T,C,-3.034,0.2581,10,2
412,T,D,-0.3537,0.5717,6,2
412,T,E,0.2022,0.1326,6,2
412,T,F,0.7909,0.1414,4,2
412,T,G,-3.666,4.22,5,2
412,T,H,0.1326,0.1019,7,2
412,T,I,0.3448,0.129,15,4
412,T,K,-2.294,3.064,5.5,4
412,T,L,0.8945,0.3132,3,2
412,T,M,0.4802,0.1033,3,2
412,T,N,0.1008,0.2978,10,2
412,T,P,0.07046,0.1368,7,2
412,T,Q,-0.3895,0.1637,4,2
412,T,R,0.2177,0.08337,6,2
412,T,S,-0.5493,0.1561,10,2
412,T,T,0,0,,4
412,T,V,0.6923,0.1839,8,2
412,T,W,0.1386,0.03656,16,2
412,T,Y,0.9606,0.03627,3,2
413,A,A,0,0,,4
413,A,C,-3.665,0.7432,6,2
413,A,D,-0.7665,2.055,4.5,4
413,A,E,-1.681,0.09051,4,2
413,A,F,0.3105,0.2242,5,2
413,A,G,0.1439,0.6096,8,2
413,A,H,-0.2139,0.2673,5,2
413,A,I,-0.6934,0.1707,6,2
413,A,K,0.2161,0.09291,6.5,2
413,A,L,0.2476,0.08832,5,2
413,A,M,0.3705,0.6205,5,2
413,A,N,-0.3039,0.0647,7,2
413,A,P,0.2233,0.2326,7,2
413,A,Q,0.0622,0.4204,6,2
413,A,R,-0.1881,0.1817,8.5,2
413,A,S,0.0341,0.3315,10,4
413,A,T,-0.2269,0.5448,16,4
413,A,V,-0.02875,0.2947,14,4
413,A,W,0.8455,0.0379,2,2
413,A,Y,0.6951,0.3154,4,2
414,H,-,0.5333,0.275,1,2
414,H,A,-0.3604,0.03606,4,2
414,H,C,-4.44,0.4023,5,2
414,H,D,-0.748,0.01039,10,2
414,H,E,0.4992,0.4794,6,2
414,H,F,-0.8447,0.3384,8,2
414,H,G,0.0863,0.0816,5,2
414,H,H,0,0,,4
414,H,I,0.06294,0.04885,11,2
414,H,K,0.5276,0.1602,9,2
414,H,L,-0.287,0.1805,7,2
414,H,M,-0.3379,0.1816,5,2
414,H,N,-0.4703,0.0758,13,2
414,H,P,0.93,0.03507,2,2
414,H,Q,-0.1936,0.2257,6,4
414,H,R,-1.03,0.4164,3.5,4
414,H,S,-0.4322,0.3239,6,2
414,H,T,0.09183,0.02908,12,2
414,H,V,0.991,0.002051,4,2
414,H,W,-0.613,0.003889,9,2
414,H,Y,0.3434,1.846,4.5,4
415,G,*,-9.37,0.1879,5.5,4
415,G,-,-0.2327,0.7937,1,2
415,G,A,0.8317,0.1752,11,2
415,G,C,-3.482,0.3458,5,2
415,G,D,-1.113,0.8422,6,2
415,G,E,-0.1623,0.6813,8.5,4
415,G,F,0.7288,0.1151,13,2
415,G,G,0,0,,4
415,G,H,0.3205,0.1998,8,2
415,G,I,0.6053,0.3639,8,2
415,G,K,1.019,0.005657,7,2
415,G,L,0.5569,0.001414,5,2
415,G,M,0.7072,0.07941,7,2
415,G,N,0.1153,0.08485,11,2
415,G,P,0.9898,0.007637,4,2
415,G,Q,-0.2252,0.7602,3,2
415,G,R,0.2321,0.3144,12,4
415,G,S,-0.1866,0.4126,7,2
415,G,T,0.2167,0.1522,7,2
415,G,V,0.7923,0.1317,6,4
415,G,W,0.4979,0.3132,7,2
415,G,Y,0.749,0.07884,8,2
416,H,-,0.6522,0.1396,1,2
416,H,A,0.8545,0.08697,2,2
416,H,C,-4.305,0.7071,6,2
416,H,D,-0.4891,0.01202,7,2
416,H,E,-1.022,0.06505,10,2
416,H,F,0.8139,0.199,5,2
416,H,G,-0.6709,0.08358,5,2
416,H,H,0,0,,4
416,H,I,-1.019,0.4856,4.5,2
416,H,K,0.6481,0.1022,6,2
416,H,L,0.5175,0.005798,7,2
416,H,M,-0.06213,0.0435,5,2
416,H,N,-0.2549,0.2441,4.5,4
416,H,P,-0.9567,0.01711,12,2
416,H,Q,-2.474,2.342,7,4
416,H,R,0.1122,0.688,4,4
416,H,S,0.566,0.01216,4,2
416,H,T,0.0637,0.3267,2,2
416,H,V,-1.627,0.1987,4,2
416,H,W,1.034,0.1156,4,2
416,H,Y,0.08507,0.9552,4.75,4
417,P,A,0.2905,0.1785,11,2
417,P,C,-8.966,0.6604,5,2
417,P,D,-2.745,0.2998,1,2
417,P,E,-2.823,0.2645,7,2
417,P,F,0.862,0.04596,4,2
417,P,G,-1.839,0.4681,7,2
417,P,H,-2.237,1.336,8,4
417,P,I,0.9468,0.07806,1,2
417,P,K,-3.274,0.2015,4,2
417,P,L,0.8274,0.1979,4,4
417,P,M,0.07353,0.1258,6,2
417,P,N,-2.226,0.1407,3,2
417,P,P,0,0,,4
417,P,Q,-2.682,0.3055,5,2
417,P,R,-2.925,0.4115,11,2
417,P,S,-0.3993,0.6406,4.5,4
417,P,T,-2.697,2.184,3.5,4
417,P,V,-0.4756,0.01888,3,2
417,P,W,0.7081,0.1567,4,2
417,P,Y,-0.5465,0.1735,5,2
418,H,A,-0.1625,0.1932,12,2
418,H,C,-3.167,1.356,6.5,2
418,H,D,-3.008,2.902,7,2
418,H,E,-1.375,0.1598,6,2
418,H,F,0.5434,0.5792,3.5,2
418,H,G,-1.24,0.002121,3,2
418,H,H,0,0,,4
418,H,I,0.4102,0.06689,6,2
418,H,K,-0.909,0.3026,4,2
418,H,L,0.3992,0.2218,11,2
418,H,M,0.118,0.03828,7,2
418,H,N,-1.325,0.4425,7,4
418,H,P,-2.289,1.273,8,2
418,H,Q,-0.3376,0.7323,7.5,4
418,H,R,-0.5852,0.4634,2.5,4
418,H,S,0.6511,0.2599,3,2
418,H,T,-1.309,0.6382,2,2
418,H,V,0.6574,0.07608,2,2
418,H,W,0.4426,0.09539,7,2
418,H,Y,-0.1542,0.2758,6,4
419,E,*,-9.556,0.3152,5.5,4
419,E,-,0.4096,0.2978,1,2
419,E,A,-0.6168,0.03224,13,2
419,E,C,-4.118,0.9178,4,2
419,E,D,0.3486,0.2948,7.5,4
419,E,E,0,0,,4
419,E,F,-4.151,1.029,12,2
419,E,G,-2.708,2.045,4.5,4
419,E,H,-1.17,0.05091,10,2
419,E,I,-7.436,1.294,7,2
419,E,K,-1.308,1.109,9.5,4
419,E,L,-3.253,0.2312,9,2
419,E,M,-2.28,0.4186,10,2
419,E,N,-0.3444,0.4919,4,2
419,E,P,-2.676,0.1782,10,2
419,E,Q,-0.2484,0.619,5,4
419,E,R,-1.675,0.05586,10,2
419,E,S,-0.2516,0.1025,6,2
419,E,T,-1.61,0.1888,6,2
419,E,V,-6.503,2.285,3,4
419,E,W,-0.8465,0.5466,5,2
419,E,Y,-3.048,0.746,4,2
420,I,-,-3.309,0.001414,2,2
420,I,A,-0.9049,0.1656,11,2
420,I,C,-5.566,1.467,10,2
420,I,D,-3.439,0.4936,6,2
420,I,E,-4.469,0.3069,7,2
420,I,F,-1.302,0.09334,4,2
420,I,G,-1.01,0.1735,6,2
420,I,H,-3.172,0.5289,8,2
420,I,I,0,0,,4
420,I,K,-4.038,0.1739,8,2
420,I,L,-0.4848,0.9733,8,2
420,I,M,-2.274,1.604,2,4
420,I,N,-2.285,1.427,1.5,4
420,I,P,-2.755,0.4844,7,2
420,I,Q,-3.392,0.1223,9,2
420,I,R,-4.704,0.0891,3,2
420,I,S,-2.708,0.2114,9,2
420,I,T,-1.081,3.704,5,4
420,I,V,-0.5633,0.2544,6,2
420,I,W,-0.09501,0.05528,5,2
420,I,Y,-4.234,3.317,5,2
421,I,-,-0.1961,0.2034,2,2
421,I,A,-3.393,0.297,9,2
421,I,C,-8.916,0.833,9,2
421,I,D,-7.629,1.305,8,2
421,I,E,-7.409,1.52,11,2
421,I,F,0.4414,0.07792,7,2
421,I,G,-6.13,1.423,4,2
421,I,H,-5.357,4.241,3,2
421,I,I,0,0,,4
421,I,K,-6.044,1.137,2,2
421,I,L,0.03719,0.04352,9,2
421,I,M,-0.7835,0.006647,5,2
421,I,N,-8.766,4.518,3,4
421,I,P,-5.912,0.7481,8,2
421,I,Q,-8.28,0.4377,2,2
421,I,R,-6.809,0.8365,5,2
421,I,S,-9.363,0.0495,8,2
421,I,T,-3.816,2.078,8.5,4
421,I,V,-0.9258,0.9663,5,4
421,I,W,0.4379,0.3828,3.5,2
421,I,Y,-3.399,1.559,1,2
422,L,-,-0.2638,1.005,3,2
422,L,A,0.3002,0.5521,5,2
422,L,C,-3.401,0.3649,3,2
422,L,D,-1.613,0.1648,4,2
422,L,E,-0.9598,0.4217,11,2
422,L,F,-0.04355,0.1641,3,2
422,L,G,0.5241,0.1258,2,2
422,L,H,-6.002,3.573,2,2
422,L,I,-0.6656,3.439,2,4
422,L,K,-1.954,1.544,1,2
422,L,L,0,0,,4
422,L,M,0.08619,0.3511,7.5,4
422,L,N,0.6783,0.1869,2,2
422,L,P,-1.701,1.113,7,4
422,L,Q,0.3777,0.7242,4.5,4
422,L,R,-0.07748,0.04317,3,2
422,L,S,-1.514,1.027,2,2
422,L,T,-0.5668,0.1036,6,2
422,L,V,-1.639,0.2899,4,2
422,L,W,0.4246,0.01315,3,2
422,L,Y,-1.192,0.2425,4,2
423,Y,*,-9.584,0.138,3,4
423,Y,-,-2.196,1.637,2,4
423,Y,A,0.4219,0.1729,4,2
423,Y,C,-6.046,0.0297,6,2
423,Y,D,-5.473,4.294,5,2
423,Y,E,-2.41,0.9892,5,2
423,Y,F,-1.237,1.79,4,2
423,Y,G,-2.758,0.02475,3,2
423,Y,H,-0.3709,0.2121,11,2
423,Y,I,-4.671,0.2744,7,2
423,Y,K,-4.317,4.644,1,2
423,Y,L,-1.607,0.1351,8,2
423,Y,M,-1.851,0.08485,6,2
423,Y,N,-6.759,1.542,3.5,4
423,Y,P,-5.383,0.2694,4,2
423,Y,Q,0.4959,0.09921,2,2
423,Y,R,-2.183,0.6421,2,2
423,Y,S,-0.5489,0.1053,5,2
423,Y,T,-2.356,0.4313,4,2
423,Y,V,-5.668,0.3288,3,2
423,Y,W,-1.329,0.3861,4,2
423,Y,Y,0,0,,4
424,Y,*,-9.806,0.1471,7,4
424,Y,-,-0.7978,2.086,3,2
424,Y,A,-2.615,0.8712,6,2
424,Y,C,-8.808,0.5013,7,2
424,Y,D,-5.216,1.481,3,2
424,Y,E,-8.058,0.4879,4,2
424,Y,F,-0.6442,0.2051,4,2
424,Y,G,-4.479,0.5614,4,2
424,Y,H,-5.633,2.449,6,4
424,Y,I,-2.803,0.2638,5,2
424,Y,K,-6.011,2.033,1,2
424,Y,L,-0.7045,0.0314,1,2
424,Y,M,-2.164,0.413,2,2
424,Y,N,-2.308,4.322,6,2
424,Y,P,0.1905,0.01273,1,2
424,Y,Q,-9.328,0.256,4,2
424,Y,R,-8.665,1.467,3,2
424,Y,S,-6.189,1.469,5,2
424,Y,T,-6.497,0.565,4,2
424,Y,V,-7.575,0.729,1,2
424,Y,W,-0.7994,0.5057,7,2
424,Y,Y,0,0,,4
425,Y,*,-9.69,0.3069,3,2
425,Y,-,-4.091,3.944,5,2
425,Y,A,-2.231,0.1407,3,2
425,Y,C,-6.726,2.054,5,4
425,Y,D,-8.175,2.167,4,2
425,Y,E,-8.571,0.2758,1,2
425,Y,F,0.1128,0.1814,3,2
425,Y,G,-6.697,0.6279,3,2
425,Y,H,-5.875,2.886,3,4
425,Y,I,-4.093,0.7481,6,2
425,Y,L,-2.369,0.111,7,2
425,Y,M,-0.7736,0.02022,4,2
425,Y,N,-7.764,2.309,5,2
425,Y,P,-8.275,1.325,3,2
425,Y,Q,-4.053,1.077,2,2
425,Y,R,-6.661,0.5841,6,2
425,Y,S,-4.099,0.1662,5,2
425,Y,T,-4.796,0.6838,5,2
425,Y,V,-4.656,0.6852,8,2
425,Y,W,-1.674,0.3705,3,2
425,Y,Y,0,0,,4
426,E,*,-7.466,1.776,3,4
426,E,-,-4.328,1.125,4,2
426,E,A,-0.146,0.04511,5,2
426,E,C,-8.399,1.995,4,2
426,E,D,-0.6857,1.147,5,4
426,E,E,0,0,,4
426,E,F,-2.683,0.466,5,2
426,E,G,0.5591,0.6116,4,4
426,E,H,0.9298,0.03231,3,2
426,E,I,-4.146,0.5381,3,2
426,E,K,0.3695,0.154,6.5,4
426,E,L,-1.065,0.08556,3,2
426,E,M,-1.208,0.3265,9,2
426,E,N,0.8639,0.04525,2,2
426,E,P,-7.45,1.42,8,2
426,E,Q,0.1842,0.08096,7,2
426,E,R,0.004605,0.1417,5,2
426,E,S,-0.6824,0.9653,3,2
426,E,T,0.8878,0.01577,2,2
426,E,V,-3.627,0.9588,6,2
426,E,W,-5.947,1.776,2,2
426,E,Y,0.7949,0.1784,4,2
427,L,-,-4.75,1.333,2.5,4
427,L,A,-2.034,0.6017,11,2
427,L,C,-6.86,0.461,4,2
427,L,E,-2.846,0.2001,1,2
427,L,F,-1.664,0.2828,2,2
427,L,G,-4.418,0.2722,5,2
427,L,H,-0.924,0.3606,7,2
427,L,I,-0.2236,0.06435,3,2
427,L,K,0.1047,0.383,5,2
427,L,L,0,0,,4
427,L,M,0.2317,0.265,7.5,4
427,L,N,-1.046,1.599,1,2
427,L,P,-9.511,4.225,7,4
427,L,Q,0.04889,0.4823,4.5,4
427,L,R,0.8603,0.142,2,4
427,L,T,-0.75,0.2765,5,2
427,L,V,-1.833,0.186,5,2
427,L,W,-3.705,0.2956,7,2
427,L,Y,-1.794,0.4073,7,2
428,Y,*,-7.431,0.3454,3.25,4
428,Y,-,-1.611,0.1223,3,2
428,Y,A,-3.374,0.164,2,2
428,Y,C,-7.072,1.631,8,4
428,Y,D,-2.758,0.3005,4,2
428,Y,E,-2.856,1.092,2,2
428,Y,F,-2.992,0.02404,3,2
428,Y,G,-9.215,0.1902,4,2
428,Y,H,-0.4551,1.453,4,4
428,Y,I,-3.58,6.151,1,2
428,Y,K,-4.689,0.577,6,2
428,Y,L,-8.329,1.44,8,2
428,Y,M,-2.272,0.5763,5,2
428,Y,N,-0.6452,1.749,3.5,4
428,Y,P,-8.282,1.07,3,2
428,Y,Q,-7.941,1.78,2,2
428,Y,R,-3.933,0.5445,10,2
428,Y,S,-5.114,0.4016,4,2
428,Y,T,-8.284,1.742,9,2
428,Y,V,-9.495,0.1435,5,2
428,Y,W,-0.6479,1.293,4,2
428,Y,Y,0,0,,4
429,P,-,-2.711,4.538,3,2
429,P,A,-8.213,2.196,7,2
429,P,C,-4.496,5.571,3,2
429,P,D,-7.909,1.133,2,2
429,P,E,-9.376,0.2814,6,2
429,P,F,-7.708,0.1061,5,2
429,P,G,-7.717,1.541,8,2
429,P,H,-7.825,1.834,7.5,4
429,P,I,-8.383,1.259,4,2
429,P,K,-0.2623,1.275,1,2
429,P,L,-6.926,1.518,7,4
429,P,M,-7.694,2.959,4,2
429,P,N,-0.9473,2.358,1,2
429,P,P,0,0,,4
429,P,Q,-4.391,6.866,4,2
429,P,R,-8.289,1.245,3,2
429,P,S,-9.334,1.457,10,4
429,P,T,-8.202,3.098,3.5,4
429,P,V,-8.458,1.706,2.5,2
429,P,W,-9.113,0.6682,6,2
429,P,Y,-4.173,7.383,2,2
430,T,-,-5.724,0.4271,3,2
430,T,A,0.5107,0.3068,2.5,4
430,T,C,-0.2677,0.2549,5,2
430,T,D,-2.434,4.899,1,2
430,T,F,-0.4135,0.4783,5,2
430,T,G,-0.1993,0.05629,5,2
430,T,H,0.02461,0.1612,2,2
430,T,I,0.1461,0.2342,3,4
430,T,K,-0.8228,0.2015,5,2
430,T,L,-1.062,0.07778,7,2
430,T,M,0.3261,0.0763,3,2
430,T,N,-2.157,0.6054,5.5,4
430,T,P,-8.291,1.553,6.5,2
430,T,Q,-0.6278,0.05077,4,2
430,T,R,-0.5201,0.5558,1,2
430,T,S,-4.277,1.999,1,2
430,T,T,0,0,,4
430,T,V,0.5545,0.06852,4,2
430,T,W,-0.6641,0.009687,4,2
430,T,Y,-1.616,0.2701,3,2
431,M,-,0.04995,0.8456,2,2
431,M,A,0.02847,0.0468,3,2
431,M,C,-0.5672,0.8992,1,2
431,M,E,0.9441,0.05346,1,2
431,M,F,-0.7394,0.168,4,2
431,M,G,-0.299,0.1989,3,2
431,M,H,-0.7222,0.1414,3,2
431,M,I,-0.2643,0.2142,39,4
431,M,K,-0.7753,0.1371,8,2
431,M,L,-0.3506,0.8816,3,2
431,M,M,0,0,,4
431,M,N,-3.723,0.4469,3,2
431,M,P,-1.592,1.655,3,2
431,M,Q,-0.7102,0.465,3,2
431,M,R,-2.216,0.7064,3,2
431,M,S,-1.79,0.1626,6,2
431,M,T,-0.02004,0.1985,3.75,4
431,M,V,-0.4424,0.6454,1,2
431,M,W,0.7524,0.2587,1,2
431,M,Y,-0.5297,0.04172,2,2
432,T,A,-7.696,1.413,8,4
432,T,C,-3.299,0.1032,3,2
432,T,D,-8.544,0.8259,2,2
432,T,E,-6.935,0.2227,1,2
432,T,F,-1.487,0.3981,4,2
432,T,G,-0.6647,0.593,1,2
432,T,H,-8.66,0.5756,4,2
432,T,I,-8.29,1.271,13,4
432,T,K,-9.102,0.4236,2,2
432,T,L,-8.196,1.219,2,2
432,T,M,-7.062,2.97,6,2
432,T,N,-8.803,3.774,3,4
432,T,P,-9.059,0.2099,2.5,4
432,T,Q,-8.681,0.4158,4,2
432,T,R,-8.244,0.4059,3,2
432,T,S,-5.689,3.066,3.5,4
432,T,T,0,0,,4
432,T,V,-4.327,1.118,6,2
432,T,W,-7.178,0.8393,6,2
432,T,Y,-5.545,2.456,3,2
433,V,-,-7.617,0.8484,85,4
433,V,A,-2.605,1.249,4.5,4
433,V,C,-1.411,0.005657,4,2
433,V,D,-9.143,0.01344,3,2
433,V,E,-8.31,3.078,2,4
433,V,F,-2.757,0.07212,3,2
433,V,G,-2.729,0.2044,3,2
433,V,H,-8.433,0.8697,7,2
433,V,I,0.8428,0.02475,3,2
433,V,K,-1.95,0.432,5,2
433,V,L,-1.106,0.8875,7,4
433,V,M,-1.512,0.2539,16.5,4
433,V,N,-9.315,0.4978,4,2
433,V,P,-2.294,0.1612,3,2
433,V,Q,-5.332,1.854,2,2
433,V,R,-2.176,0.05233,4,2
433,V,S,-1.405,0.1902,4,2
433,V,T,-1.976,0.02546,9,2
433,V,V,0,0,,4
433,V,W,-2.468,0.2687,2,2
433,V,Y,-3.454,0.4031,3,2
434,V,-,0.8286,0.02178,1,2
434,V,A,-0.0407,0.6397,1.5,4
434,V,C,-1.169,0.2341,5,2
434,V,D,-9.401,0.548,6,2
434,V,E,-8.497,1.463,3,2
434,V,F,-0.3688,0.04568,8,2
434,V,G,-1.81,0.6838,6,2
434,V,H,-7.864,2.059,2,2
434,V,I,-0.1502,0.2241,6,2
434,V,K,-8.705,0.758,4,2
434,V,L,0.2248,0.3209,5,4
434,V,M,-1.001,0.984,7,4
434,V,N,-9.032,0.4844,2,2
434,V,Q,-9.01,0.3394,7,2
434,V,R,-7.155,0.3825,5,2
434,V,S,-1.511,0.5233,3,2
434,V,T,0.2626,0.01549,5,2
434,V,V,0,0,,4
434,V,W,-2.343,0.01626,3,2
434,V,Y,-5.168,3.253,4,2
435,V,A,-0.4092,0.6589,2.5,4
435,V,C,-2.229,2.894,1,2
435,V,E,-6.958,0.2616,4,2
435,V,F,0.03935,0.05724,3,2
435,V,G,-1.343,0.42,10,2
435,V,H,-9.067,0.2029,3,2
435,V,I,-0.41,0.00799,2,2
435,V,K,-7.899,1.777,4,2
435,V,L,-1.68,0.5186,6.75,4
435,V,M,-0.61,0.9539,12,4
435,V,N,-7.659,2.433,3,2
435,V,Q,-8.203,0.0891,4,2
435,V,R,-5.681,4.557,3,2
435,V,S,-1.925,0.7354,4,2
435,V,T,-0.9102,0.9063,2,2
435,V,V,0,0,,4
435,V,W,0.6895,0.1901,2,2
435,V,Y,-1.935,0.9433,3,2
436,V,*,-7.79,0.1803,1,2
436,V,A,-0.4587,0.3224,4,4
436,V,C,-0.1953,0.1667,5,2
436,V,D,-7.931,1.537,3,2
436,V,E,-8.156,0.5918,2,2
436,V,F,-1.973,0.2482,3,2
436,V,G,-0.7396,0.1912,2,2
436,V,H,-9.028,0.05657,4,2
436,V,I,1.002,0.1125,4,2
436,V,K,-3.454,2.636,2,2
436,V,L,0.4452,0.4513,4,4
436,V,M,-0.3655,0.3702,10.5,4
436,V,N,-9.59,0.1421,6,2
436,V,P,-9.28,0.4832,3,4
436,V,Q,-8.975,0.2135,1,2
436,V,R,-7.575,0.6866,2,2
436,V,S,-5.586,5.643,2,2
436,V,T,-2.096,0.5713,3,2
436,V,V,0,0,,4
436,V,W,-7.035,2.748,7,2
436,V,Y,-4.861,0.9115,2,2
437,S,A,-0.2056,1.265,3.5,4
437,S,C,-0.2258,0.5632,2.5,4
437,S,D,-9.433,0.2694,8,2
437,S,E,-9.398,0.3677,5,2
437,S,F,-0.9869,1.143,5,4
437,S,G,0.05776,0.07643,7,2
437,S,H,-6.986,2.449,9,2
437,S,I,-1.741,0.1987,4,2
437,S,K,-3.986,6.765,1,2
437,S,L,-1.095,0.1882,5,2
437,S,M,0.5172,0.01747,2,2
437,S,N,-7.573,1.814,10,2
437,S,P,-8.92,2.684,6,4
437,S,Q,-9.395,0.005657,7,2
437,S,R,-9.348,0.1803,8,2
437,S,S,0,0,,4
437,S,T,-0.2156,0.3734,7,2
437,S,V,-0.8225,0.0413,6,2
437,S,W,-4.191,0.3571,9.5,2
437,S,Y,-6.035,1.725,6.5,4
438,V,A,-0.6348,0.9323,3,2
438,V,C,-0.554,0.06732,4,2
438,V,D,-8.466,1.664,6,2
438,V,E,-2.959,4.15,2,4
438,V,F,0.7038,0.1298,3,2
438,V,G,-0.644,0.775,5,2
438,V,H,-8.46,0.7269,3,2
438,V,I,0.6774,0.1059,3,2
438,V,K,-5.755,0.02828,1,2
438,V,L,0.1272,0.3921,13.5,4
438,V,M,-0.5566,0.3592,9.5,4
438,V,N,-8.126,0.4455,8,2
438,V,P,-9.618,0.2333,6,2
438,V,Q,-8.952,0.05657,10,2
438,V,R,-5.404,0.9581,7,2
438,V,T,0.1604,0.9426,9,2
438,V,V,0,0,,4
438,V,W,-3.029,0.1619,10,2
438,V,Y,-3.476,0.9242,5,2
439,A,A,0,0,,4
439,A,C,-1.931,0.06718,8,2
439,A,D,-8.829,0.8763,5,4
439,A,E,-8.867,0.7375,4,2
439,A,F,0.459,0.003111,5,2
439,A,G,0.9051,0.09426,3,2
439,A,H,-5.12,1.404,7,2
439,A,I,-0.2687,0.06286,12,2
439,A,K,-3.26,5.696,4,2
439,A,L,-0.9258,1.369,3,2
439,A,M,-0.02685,0.2582,5,2
439,A,N,-7.888,2.258,5,2
439,A,P,-9.272,0.1923,12,2
439,A,Q,-9.207,0.2029,3,2
439,A,R,-8.541,1.379,2,2
439,A,S,-0.1322,0.1343,6.5,4
439,A,T,0.1087,0.4093,15.25,4
439,A,V,-0.03567,0.8151,16.5,4
439,A,W,-1.466,0.1266,7,2
439,A,Y,0.3126,0.1148,10,2
440,S,A,-1.102,0.2147,3,2
440,S,C,0.2055,0.2995,7,2
440,S,D,-9.402,0.03748,9,2
440,S,E,-8.335,1.172,6,2
440,S,F,-0.3427,0.04052,10,2
440,S,G,-0.6593,1.016,4,4
440,S,H,-4.268,0.002121,7,2
440,S,I,0.09352,0.2312,5,4
440,S,K,-8.21,0.7601,9,2
440,S,L,0.1594,0.1188,5,2
440,S,M,-1.464,0.1358,9,2
440,S,N,-5.377,1.749,19.5,4
440,S,P,-4.462,0.5183,7,2
440,S,Q,-4.765,0.4299,6,2
440,S,R,-6.619,4.358,8.5,4
440,S,S,0,0,,4
440,S,T,0.3475,0.2208,3.5,4
440,S,V,0.2766,0.6698,9,2
440,S,W,-2.508,0.4179,5.5,2
440,S,Y,-3.126,0.3069,9,2
441,F,A,-1.537,1.146,7.5,2
441,F,C,-0.1978,0.05028,12,2
441,F,D,-8.435,1.067,7,2
441,F,E,-9.252,0.1082,6,2
441,F,F,0,0,,4
441,F,G,-1.272,0.1117,6,2
441,F,H,-9.265,0.6194,9,2
441,F,I,0.2387,2.185,4,4
441,F,K,-8.38,0.1513,3,2
441,F,L,0.0937,0.1274,6.5,4
441,F,M,0.5656,0.05339,6,2
441,F,N,-9.462,0.3797,6,2
441,F,P,-9.433,0.01768,8,2
441,F,Q,-6.062,0.5742,7,2
441,F,R,-9.281,0.4639,5,2
441,F,S,-1.181,0.4762,4,4
441,F,T,-1.098,0.2653,4,2
441,F,V,0.1285,0.1542,8,2
441,F,W,-2.314,0.2864,6,2
441,F,Y,-3.695,1.116,6,4
442,V,A,-0.1904,0.4056,4.5,4
442,V,C,0.0101,0.2778,8,2
442,V,D,-9.523,0.1782,3,2
442,V,E,-7.462,0.8719,4.5,4
442,V,F,0.2981,0.7145,5,2
442,V,G,-0.6813,0.01315,4,2
442,V,H,-6.707,1.609,7,2
442,V,I,-0.7464,0.2299,5,2
442,V,K,-8.832,0.3231,6,2
442,V,L,-0.3835,0.2653,7,4
442,V,M,-0.6882,1.254,10.5,4
442,V,N,-4.429,3.398,2,2
442,V,P,-7.886,2.268,2,2
442,V,Q,-5.937,1.922,7,2
442,V,R,-8.934,0.4667,8,2
442,V,S,-0.4406,1.068,3,2
442,V,T,0.07745,0.8128,2,2
442,V,V,0,0,,4
442,V,W,-0.2851,0.4624,4,2
442,V,Y,-2.853,0.244,6,2
443,L,A,-1.737,0.309,4,2
443,L,C,-0.402,0.02065,7,2
443,L,D,-4.328,6.428,1,2
443,L,E,-5.281,1.025,4,2
443,L,F,-0.1987,0.08047,7,2
443,L,G,-0.5587,2.183,2,2
443,L,H,-2.847,0.3635,4,2
443,L,I,-0.8275,1.075,5,2
443,L,K,-6.675,1.558,3,2
443,L,L,0,0,,4
443,L,M,-0.08735,0.6576,12.5,4
443,L,N,-4.298,1.428,3,2
443,L,P,-4.471,3.969,4,4
443,L,Q,-6.46,1.821,4,4
443,L,R,-6.189,3.054,3.75,4
443,L,S,-1.715,0.03889,9,2
443,L,T,-0.6357,0.05261,5,2
443,L,V,0.1477,0.4737,5,4
443,L,W,1.018,0.01768,3,2
443,L,Y,-0.4687,0.3656,3,2
444,L,A,-0.7888,0.2386,14,2
444,L,C,-0.6697,0.8475,5,2
444,L,D,-8.498,0.5827,5,2
444,L,E,-9.319,0.0396,11,2
444,L,F,-0.8095,0.4886,7,2
444,L,G,-9.277,0.3613,6,2
444,L,H,-9.658,0.2418,7,2
444,L,I,0.1497,0.2524,4,2
444,L,K,-9.259,0.5197,5,2
444,L,L,0,0,,4
444,L,M,-0.794,1.443,5.5,4
444,L,N,-9,0.9009,8,2
444,L,P,-6.146,2.419,4.5,4
444,L,Q,-7.408,2.173,3,4
444,L,R,-9.537,0.1153,4,2
444,L,S,-2.926,1.521,4,2
444,L,T,-1.797,0.4455,5,2
444,L,V,-0.5101,0.2007,4,2
444,L,W,-6.298,2.881,5,2
444,L,Y,-6.909,2.463,8,2
445,S,A,0.1734,0.06675,6,2
445,S,C,-0.0883,0.4175,7,2
445,S,D,0.4984,0.5518,2,2
445,S,E,-3.216,0.09405,7,2
445,S,F,-0.8477,0.6679,7,2
445,S,G,-0.2183,0.8282,5.5,4
445,S,H,-4.14,0.6046,8,2
445,S,I,0.05067,0.2732,5.5,4
445,S,K,-3.689,3.603,4,4
445,S,L,0.4617,0.3852,7,2
445,S,M,0.07284,0.08196,7,2
445,S,N,-1.196,0.193,15.5,4
445,S,P,-8.898,0.227,4,2
445,S,Q,-3.558,0.1704,7,2
445,S,R,-7.796,0.9963,8.5,4
445,S,S,0,0,,4
445,S,T,0.1388,0.5718,8,4
445,S,V,-0.522,0.05827,7,2
445,S,W,-1.578,0.314,3,2
445,S,Y,-4.553,0.1895,6,2
446,M,A,-0.1607,0.007071,6,2
446,M,C,0.03076,0.07526,5,2
446,M,D,-8.773,1.51,5.5,2
446,M,E,-4.404,0.1216,9,2
446,M,F,-3.121,3.072,3,2
446,M,G,0.4855,0.2005,5,2
446,M,H,-5.327,0.2991,6,2
446,M,I,-0.1298,0.144,25.5,4
446,M,K,-2.539,3.279,3.5,4
446,M,L,0.149,0.5495,5,4
446,M,M,0,0,,4
446,M,N,-3.652,0.5296,7,2
446,M,P,-7.277,1.491,5,2
446,M,Q,-2.672,0.1004,4,2
446,M,R,-7.191,2.412,4.5,4
446,M,S,-0.8537,0.1398,7,2
446,M,T,-1.258,1.969,2,4
446,M,V,-0.9437,0.3342,9,2
446,M,W,-2.776,0.3493,4,2
446,M,Y,-2.779,0.3062,1,2
447,V,A,-0.09275,0.8674,4,4
447,V,C,-0.9145,0.8025,11,2
447,V,D,-7.767,3.767,4,4
447,V,E,-7.854,1.667,6,2
447,V,F,-1.525,1.857,3,4
447,V,G,-1.313,0.1237,4.5,2
447,V,H,-4.811,4.827,4,2
447,V,I,0.04613,0.3957,19.5,4
447,V,K,-9.182,0.2447,2,2
447,V,L,0.9022,0.144,9,2
447,V,M,0.1978,0.04646,6,2
447,V,N,-4.04,1.097,7,2
447,V,P,-2.618,0.1117,9,2
447,V,Q,-6.986,2.94,4,2
447,V,R,-5.415,3.234,1.5,2
447,V,S,-0.8963,0.1061,6,2
447,V,T,-0.5741,0.2604,4,2
447,V,V,0,0,,4
447,V,W,-2.829,0.1747,12,2
447,V,Y,-4.718,1.263,7,2
448,G,*,-4.037,4.745,3,4
448,G,A,-0.76,0.1433,4,2
448,G,C,-0.4937,0.4139,7,2
448,G,D,-9.177,0.1485,8,2
448,G,E,-8.234,0.6156,26.5,4
448,G,F,-0.7111,0.2389,8,2
448,G,G,0,0,,4
448,G,H,-4.872,0.2008,9,2
448,G,I,-1.08,0.4376,7,2
448,G,K,-5.776,0.3465,6,2
448,G,L,-0.6737,0.0198,9,2
448,G,M,-1.741,0.04667,7,2
448,G,N,-1.984,1.853,2.5,4
448,G,P,-0.9908,0.1969,10,2
448,G,Q,-4.8,1.165,5.5,2
448,G,R,-4.367,0.7893,44.5,4
448,G,S,-0.2963,0.1679,4,2
448,G,T,-0.9205,0.2227,5,2
448,G,V,-0.1511,0.5613,10,4
448,G,W,-1.276,0.3132,2,2
448,G,Y,-3.099,0.2164,10,2
449,V,A,0.6078,0.04405,11,2
449,V,C,-0.02645,0.3744,8,2
449,V,D,-6.818,1.051,3,2
449,V,E,-7.416,1.072,8,2
449,V,F,-0.9021,0.7282,8,2
449,V,G,-0.04565,0.6452,1.5,4
449,V,H,-1.344,1.75,3,2
449,V,I,0.5914,0.03691,2,2
449,V,K,-6.827,0.04738,3,2
449,V,L,0.415,0.1221,5.5,4
449,V,M,-0.1198,0.3993,6.5,4
449,V,P,-4.914,0.1895,6,2
449,V,Q,-3.913,1.265,2,2
449,V,R,-8.348,1.729,5,2
449,V,S,0.04599,0.07386,4,2
449,V,T,-0.1485,0.3164,9,2
449,V,V,0,0,,4
449,V,W,-1.704,0.3521,5,2
449,V,Y,-2.037,0.8139,2,2
450,A,A,0,0,,4
450,A,C,-0.2311,0.0333,13,2
450,A,D,-5.334,0.4982,7,4
450,A,E,-4.101,1.805,2,2
450,A,F,-0.3941,0.06067,9,2
450,A,G,-0.5607,1.606,5,4
450,A,H,-6.086,0.04384,9,2
450,A,I,0.6768,0.1679,3,4
450,A,K,-8.366,1.747,4,2
450,A,L,-0.6554,0.222,4,2
450,A,M,-4.315,5.387,3,2
450,A,N,-2.594,0.2008,8,2
450,A,P,-3.173,0.5968,6,2
450,A,Q,-8.627,0.5424,5,2
450,A,R,-8.8,0.862,3,2
450,A,S,0.05171,0.05353,13,2
450,A,T,-0.9852,0.3735,22,4
450,A,V,-0.673,0.2362,54.75,4
450,A,W,-4.441,1.696,4,2
450,A,Y,-0.9161,0.09984,4,2
451,V,A,-0.498,1.562,4,4
451,V,C,-1.281,0.4032,10,2
451,V,D,-8.922,0.1167,8,2
451,V,E,-5.502,4.945,4,4
451,V,F,-0.3429,0.5474,7,2
451,V,G,-0.8574,0.3587,4,2
451,V,H,-7.287,0.9093,4,2
451,V,I,0.3695,0.03352,5,2
451,V,K,-7.604,0.5268,2,2
451,V,L,-0.3496,0.5411,8.5,4
451,V,M,-0.5456,0.4841,20,4
451,V,P,-5.704,1.481,7.5,2
451,V,Q,-6.913,0.2814,7,2
451,V,R,-8.126,1.703,4,2
451,V,S,-2.022,0.1676,7,2
451,V,T,-1.397,0.1153,9,2
451,V,V,0,0,,4
451,V,W,-1.738,0.1018,9,2
451,V,Y,-0.9584,0.7717,3,2
452,G,A,0.404,0.01867,5,2
452,G,C,-0.2983,0.1116,7,4
452,G,D,-3.432,0.4093,45.25,4
452,G,E,-1.886,0.2517,4,2
452,G,F,-1.837,0.3974,7,2
452,G,G,0,0,,4
452,G,H,-0.7225,0.2614,7,2
452,G,I,-1.101,0.928,4,2
452,G,K,-0.1053,0.3304,8,2
452,G,L,0.6494,0.1768,5,2
452,G,M,-0.3258,0.04525,6,2
452,G,N,-0.7185,0.02171,10,2
452,G,P,-0.6533,0.1151,2,2
452,G,Q,-0.0436,0.2213,5,2
452,G,R,-0.2544,0.168,6,2
452,G,S,-0.1174,0.1814,12,4
452,G,T,0.1448,0.2187,6,2
452,G,V,-0.9301,0.4366,3.5,4
452,G,W,0.3689,0.08549,6,2
452,G,Y,0.3272,0.04101,7,2
453,M,A,0.4205,0.574,4,2
453,M,C,-0.6743,0.0577,5,2
453,M,D,-9.296,0.181,3,2
453,M,E,-5.107,0.804,4,2
453,M,F,-0.02745,0.2032,6,2
453,M,G,-0.3296,0.3183,5,2
453,M,H,-1.702,0.03465,1,2
453,M,I,-0.9155,0.5776,11.75,4
453,M,K,-3.021,0.5198,6.25,4
453,M,L,0.3445,0.2364,2,4
453,M,M,0,0,,4
453,M,N,-3.242,0.1237,3,2
453,M,P,-5.115,0.04667,5,2
453,M,Q,-1.839,0.1252,3,2
453,M,R,-1.642,4.124,2.5,4
453,M,S,-1.582,0.2899,4,2
453,M,T,-0.3021,0.5792,7.25,4
453,M,V,0.221,0.3669,5,4
453,M,W,-3.054,1.179,8,2
453,M,Y,-3.74,1.203,5,2
454,C,A,-1.42,0.09617,4,2
454,C,C,0,0,,4
454,C,D,-9.563,0.2602,6,2
454,C,E,-6.984,3.055,5,2
454,C,F,-2.341,3.871,3.75,4
454,C,G,-2.795,0.123,9,2
454,C,H,-5.846,1.052,5,2
454,C,I,0.6487,0.6198,5,2
454,C,K,-4.032,2.118,2,2
454,C,L,-0.8476,0.2934,4,2
454,C,M,-1.444,0.01202,4,2
454,C,N,-7.056,1.742,5,2
454,C,P,-5.916,1.339,3,2
454,C,Q,-6.038,1.311,5,2
454,C,R,-5.462,3.542,5,4
454,C,S,-4.66,1.514,5,2
454,C,T,-0.9467,0.4204,6,2
454,C,V,-0.2246,0.4334,7,2
454,C,W,-1.931,0.285,7,2
454,C,Y,-2.128,0.5387,15.5,4
455,M,A,-1.294,0.1973,5,2
455,M,C,-0.2398,0.3859,5,2
455,M,D,-3.304,0.408,5,2
455,M,E,-2.788,0.7601,3,2
455,M,F,-1.351,0.1704,3,2
455,M,G,-2.569,0.09122,7,2
455,M,H,0.7802,0.1841,6,2
455,M,I,0.00695,0.5192,17.5,4
455,M,K,-1.534,0.4335,3,2
455,M,L,-0.1169,0.1272,6,2
455,M,M,0,0,,4
455,M,N,-2.699,1.01,5,2
455,M,P,-5.485,2.08,4,2
455,M,Q,-2.404,0.2793,5,2
455,M,R,-3.043,1.6,5,2
455,M,S,-1.413,0.3062,6,2
455,M,T,-1.151,1.923,5,4
455,M,V,0.1152,0.3036,5.5,4
455,M,W,-0.1593,0.9499,2,2
455,M,Y,0.5622,0.5129,6,2
456,C,A,-1.149,0.03677,2,2
456,C,C,0,0,,4
456,C,D,-0.5643,0.03408,5,2
456,C,E,-0.4683,0.1799,5,2
456,C,F,-0.9586,0.4399,4,4
456,C,G,-1.471,0.04667,4,2
456,C,H,-4.068,4.303,3,2
456,C,I,0.675,0.03734,8,2
456,C,K,-0.2517,1.023,7,2
456,C,L,0.1086,0.8032,5,2
456,C,M,0.471,0.1104,4,2
456,C,N,0.1772,0.2399,4,2
456,C,P,-6.505,2.857,3,2
456,C,Q,-0.8641,0.2204,4,2
456,C,R,-0.0129,0.2837,6.5,4
456,C,S,-0.6657,0.2138,6.5,2
456,C,T,-1.129,0.8329,6,2
456,C,V,-1.327,0.6391,6,2
456,C,W,0.2609,0.05989,7,2
456,C,Y,0.7336,0.4492,9.5,4
457,A,A,0,0,,4
457,A,C,-1.783,0.2602,5,2
457,A,D,-5.21,0.3111,8,2
457,A,E,-3.139,0.5296,7,2
457,A,F,-3.218,0.4122,6,2
457,A,G,-4.156,0.02899,3,2
457,A,H,-4.093,0.2263,5,2
457,A,I,0.0514,0.221,5,2
457,A,K,-3.872,4.76,2,2
457,A,L,-0.09755,0.4331,5,2
457,A,M,-0.9252,0.6701,4,2
457,A,N,-5.398,3.564,1,2
457,A,P,-4.526,0.145,7,2
457,A,Q,-2.03,0.2574,5,2
457,A,R,-2.752,0.2694,4,2
457,A,S,-3.881,1.608,9.5,4
457,A,T,-3.759,1.821,9.5,4
457,A,V,-0.7678,0.3875,29.25,4
457,A,W,-1.853,0.1775,5,2
457,A,Y,-1.571,0.1782,4,2
458,R,A,-5.828,0.56,3,2
458,R,C,-1.832,0.3818,8.5,4
458,R,D,-3.682,0.4639,6,2
458,R,E,-4.6,0.1909,3,2
458,R,F,-2.982,0.06788,4,2
458,R,G,-8.064,2.23,6.5,2
458,R,H,-4.386,0.4634,78.25,4
458,R,I,-1.305,0.3712,5,2
458,R,K,-4.215,0.3833,5,2
458,R,L,-4.675,1.679,6.5,4
458,R,M,-2.695,0.7616,5,2
458,R,N,-4.943,0.4031,5,2
458,R,P,-4.434,2.73,3,4
458,R,Q,-7.059,2.808,8,2
458,R,R,0,0,,4
458,R,S,-6.021,3.065,5,4
458,R,T,-2.636,0.2319,9.5,2
458,R,V,-2.635,0.08273,7,2
458,R,W,-3.588,0.6689,9,2
458,R,Y,-4.27,1.127,5,2
459,R,*,-3.402,4.37,1,2
459,R,A,0.6086,0.357,8,2
459,R,C,-4.509,0.1442,4,2
459,R,D,0.9675,0.01952,2,2
459,R,E,0.6176,0.3055,2,2
459,R,F,-7.275,0.2475,8,2
459,R,G,-1.639,1.386,6,4
459,R,H,-1.589,0.8519,5,2
459,R,I,-3.413,1.247,5.5,4
459,R,K,-3.575,4.308,12.5,4
459,R,L,-4.274,0.7262,4,2
459,R,M,-3.351,0.2807,11,2
459,R,N,0.1887,0.3416,7,2
459,R,P,-8.849,0.186,7,2
459,R,Q,0.6679,0.05537,6,2
459,R,R,0,0,,4
459,R,S,-0.6996,0.3698,5,2
459,R,T,-1.005,0.1891,7,2
459,R,V,-3.54,0.676,12,2
459,R,W,-3.723,0.2015,11,2
459,R,Y,-2.482,0.2687,3,2
460,R,*,-8.306,3.354,2,4
460,R,A,-1.444,0.362,3,2
460,R,C,-3.103,0.659,12,2
460,R,D,-2.822,0.07849,9,2
460,R,E,-0.4277,0.203,3,2
460,R,F,-0.6992,0.002475,6,2
460,R,G,-4.011,0.06788,3,2
460,R,H,-0.2732,0.2077,10,2
460,R,I,-0.1915,0.2203,8.5,4
460,R,K,-0.3652,0.2533,20,4
460,R,L,0.7171,0.1141,7,2
460,R,M,0.5819,0.645,8,2
460,R,N,-1.002,0.1416,9,2
460,R,P,-9.179,0.5657,9,2
460,R,Q,0.2954,0.8187,3,2
460,R,R,0,0,,4
460,R,S,-0.1056,1.077,3,2
460,R,T,-0.5054,0.7165,2,2
460,R,V,-0.4198,0.1295,6,2
460,R,W,-0.5314,0.4345,5,2
460,R,Y,-0.6119,0.0799,8,2
461,C,*,-8.752,0.4104,4,4
461,C,A,-3.226,0.1485,3,2
461,C,C,0,0,,4
461,C,D,-7.08,1.635,9,2
461,C,E,-6.872,2.373,3,2
461,C,F,0.2537,0.6575,6,4
461,C,G,-4.708,0.3903,5,2
461,C,H,-3.993,0.1329,8,2
461,C,I,0.5656,0.08902,4,2
461,C,K,-4.542,0.9786,5,2
461,C,L,0.8927,0.09214,3,2
461,C,M,-0.1935,0.05784,3,2
461,C,N,-7.393,2.955,4,2
461,C,P,-7.129,2.732,5,2
461,C,Q,-8.943,1.055,5,2
461,C,R,-5.151,2.232,2,4
461,C,S,-2.326,2.219,3,4
461,C,T,-3.575,0.792,6,2
461,C,V,0.1487,0.03288,1,2
461,C,W,-0.05855,0.6404,2,4
461,C,Y,-1.722,0.2596,40.25,4
462,I,A,0.1157,0.5362,5,2
462,I,C,-4.937,1.05,7,2
462,I,D,-3.425,0.1874,6,2
462,I,E,-1.389,0.07566,3,2
462,I,F,-3.464,0.01273,3,2
462,I,G,-3.121,0.3889,9,2
462,I,H,-4.44,1.493,3,2
462,I,I,0,0,,4
462,I,K,0.6332,0.4324,4,2
462,I,L,-0.02775,0.0904,7,2
462,I,M,0.05315,0.7951,6,2
462,I,N,-2.732,1.093,4,4
462,I,P,-7.056,1.298,6,2
462,I,Q,-1.509,0.1435,11,2
462,I,R,-2.308,0.02828,3,2
462,I,S,-0.03425,0.5718,2,2
462,I,T,-1.333,0.7727,3.5,4
462,I,V,-0.09964,0.7022,4,4
462,I,W,-7.587,0.483,4,2
462,I,Y,-3.006,1.539,6,2
463,T,-,0.172,0.3403,1,2
463,T,A,0.4907,0.2352,3,4
463,T,C,-2.314,0.3557,6,2
463,T,D,-0.2391,1.06,2,2
463,T,E,0.4425,0.3831,8,2
463,T,F,-0.58,2.349,3.5,2
463,T,G,-0.08475,1.468,7,2
463,T,H,-0.7486,0.3186,8,2
463,T,I,-0.3074,0.3522,7,4
463,T,K,-0.074,0.406,4,2
463,T,L,-0.09215,0.1812,9,2
463,T,M,-0.03946,0.1256,8,2
463,T,N,-0.06883,0.2356,8,2
463,T,P,-1.185,1.27,4.5,4
463,T,Q,-0.6694,0.07531,4,2
463,T,R,0.0615,0.3299,7,2
463,T,S,-0.9203,0.4182,4.5,2
463,T,T,0,0,,4
463,T,V,0.6684,0.01648,3,2
463,T,W,-2.385,0.1633,9,2
463,T,Y,-1.239,0.3118,6,2
464,P,-,-0.1033,0.4974,1,2
464,P,A,0.4445,0.2737,10,2
464,P,C,-0.6833,0.5993,3,2
464,P,D,0.04267,0.05055,6,2
464,P,E,0.399,0.5372,4,2
464,P,F,0.4335,0.1426,5,2
464,P,G,0.2834,0.1668,3,2
464,P,H,-1.395,0.8142,3.5,4
464,P,I,-1.888,1.088,1,2
464,P,K,-0.661,0.1931,3,2
464,P,L,0.4488,0.117,7.5,4
464,P,M,0.659,0.03995,3,2
464,P,N,0.009236,0.001349,5,2
464,P,P,0,0,,4
464,P,Q,-0.1161,0.02347,10,2
464,P,R,0.07279,0.02283,4,2
464,P,S,-3.532,4.479,4.5,4
464,P,T,0.4935,0.02121,10,2
464,P,V,-0.8303,1.598,2,2
464,P,W,0.8325,0.05402,5,2
464,P,Y,-0.02095,0.6304,2,2
465,Y,*,-4.695,4.367,9,4
465,Y,-,-0.4043,0.7732,1,2
465,Y,A,-1.139,0.04738,7,2
465,Y,C,-1.06,0.07637,6,2
465,Y,D,-0.2996,0.0816,5,2
465,Y,E,-2.169,0.01131,5,2
465,Y,F,-0.55,0.5192,7,2
465,Y,G,-2.603,1.698,4,2
465,Y,H,-2.894,4.294,2.5,4
465,Y,I,-0.5657,0.1218,6,2
465,Y,K,-2.154,0.1718,2,2
465,Y,L,0.7506,0.1095,1,2
465,Y,M,-5.139,2.838,3,2
465,Y,N,-2.309,2.324,2.5,4
465,Y,P,0.7529,0.09065,3,2
465,Y,Q,-5.764,0.9369,6,2
465,Y,R,-1.264,0.3691,7,2
465,Y,S,-1.129,0.04243,7,2
465,Y,T,-1.293,0.007071,6,2
465,Y,V,-1.736,0.2475,4,2
465,Y,W,-1.444,0.08839,4,2
465,Y,Y,0,0,,4
466,E,*,-9.244,0.4657,4,4
466,E,-,-0.4115,0.1957,1,2
466,E,A,-0.4227,0.07113,6,2
466,E,C,-1.289,0.09334,5,2
466,E,D,-0.7371,0.4268,5.5,4
466,E,E,0,0,,4
466,E,F,0.08518,0.04614,8,2
466,E,G,-0.4944,0.3862,6.5,4
466,E,H,0.4096,0.602,6,2
466,E,I,0.2977,0.1737,5,2
466,E,K,-0.5323,1.002,5.75,4
466,E,L,0.0148,0.2776,4,2
466,E,M,0.5989,0.1083,4,2
466,E,N,0.2562,0.2371,7,2
466,E,P,-1.411,0.7394,4,2
466,E,Q,-0.09495,1.951,3.25,4
466,E,R,-0.00312,0.1189,5,2
466,E,S,-0.4687,0.2598,7,2
466,E,T,0.1134,0.04043,8,2
466,E,V,0.3218,0.01308,7,2
466,E,W,0.3226,0.01598,7,2
466,E,Y,0.1085,1.142,5,2
467,L,-,-1.71,0.7658,1,2
467,L,A,-0.2966,0.676,3,2
467,L,C,0.9263,0.01025,4,2
467,L,D,-0.2567,0.1776,5,2
467,L,E,0.2306,0.1109,3,2
467,L,F,-0.5115,0.1899,7.5,4
467,L,G,-0.7891,2.298,4,2
467,L,H,-0.1629,0.9312,8.5,4
467,L,I,-0.1264,0.5593,6,4
467,L,K,-1.348,0.1768,3,2
467,L,L,0,0,,4
467,L,M,0.6398,0.02991,5,2
467,L,N,-0.3656,0.04214,4,2
467,L,P,-2.117,0.3802,8,4
467,L,Q,-0.5035,0.08902,4,2
467,L,R,0.1631,0.4207,5,4
467,L,S,-0.5019,0.1976,5,2
467,L,T,-0.3517,1.352,8.5,2
467,L,V,-0.016,0.7517,2,2
467,L,W,-1.333,0.2001,7,2
467,L,Y,-0.1046,0.3624,3,2
468,T,A,-0.4865,0.4709,7,4
468,T,C,-1.808,0.3726,9,2
468,T,D,0.02695,0.42,8,2
468,T,E,0.3371,0.08344,5,2
468,T,F,-0.5757,0.2406,6,2
468,T,G,-0.7183,0.07007,6,2
468,T,H,-0.3264,0.1311,5,2
468,T,I,-6.344,1.215,17,4
468,T,K,-2.058,0.6929,11.5,4
468,T,L,-8.585,0.3776,9,2
468,T,M,-7.231,1.491,7.5,2
468,T,N,0.5593,0.6869,4,2
468,T,P,-0.9429,0.645,8,2
468,T,Q,0.3578,0.08662,3,2
468,T,R,0.07619,0.2117,4,2
468,T,S,0.4597,0.9466,4,2
468,T,T,0,0,,4
468,T,V,-3.067,0.1365,4,2
468,T,W,0.5429,0.3283,5,2
468,T,Y,1.129,0.03111,5,2
469,P,A,-0.9736,2.712,1,2
469,P,C,-2.01,0.3896,6,2
469,P,D,0.2018,0.03125,5,2
469,P,E,-0.4368,0.2762,4,2
469,P,F,-1.418,0.2369,5,2
469,P,G,-1.544,0,3,2
469,P,H,-0.5466,0.3165,8.5,4
469,P,I,-1.721,0.1294,6,2
469,P,K,-1.066,0.7443,2,2
469,P,L,-2.21,1.27,8.25,4
469,P,M,-1.623,0.02616,3,2
469,P,N,0.3224,0.1366,2,2
469,P,P,0,0,,4
469,P,Q,-1.191,0.7834,3,2
469,P,R,-0.3633,0.05148,6,2
469,P,S,-1.019,0.498,20,4
469,P,T,0.2998,0.5429,4,4
469,P,W,-2.513,0.5155,5,2
469,P,Y,-1.615,0.06152,4,2
470,G,-,0.0788,0.2259,1,2
470,G,A,0.3932,0.7486,6,2
470,G,C,-2.925,2.345,8.5,4
470,G,D,-6.541,1.06,19.5,4
470,G,E,-0.1135,0.1897,3,2
470,G,F,-5.399,0.8464,1,2
470,G,G,0,0,,4
470,G,H,-0.04405,0.3272,3,2
470,G,I,-3.476,0.6314,8,2
470,G,K,-0.6653,0.1302,7,2
470,G,L,-1.639,0.5119,12,2
470,G,M,-0.9687,0.5944,10,2
470,G,N,-0.8699,0.1408,5,2
470,G,P,-0.3435,0.04285,4,2
470,G,Q,0.6105,0.398,1,2
470,G,R,-0.03405,0.09081,6,4
470,G,S,0.1875,0.4166,14.5,4
470,G,T,-0.5972,0.01605,3,2
470,G,V,-1.544,1.155,5,4
470,G,W,-1.098,0.1287,3,2
470,G,Y,-0.68,1.699,4,2
471,A,A,0,0,,4
471,A,C,-0.2419,1.437,2,2
471,A,D,0.3272,0.4854,6,4
471,A,E,-1.328,0.2227,4,2
471,A,F,-0.236,0.5315,2,2
471,A,G,-4.74,0.5784,3,2
471,A,H,-0.0427,0.2548,7,2
471,A,I,-0.008235,0.1126,5,2
471,A,K,-0.8332,0.07418,4,2
471,A,L,0.6011,0.04214,7,2
471,A,M,0.1034,0.2942,7,2
471,A,N,0.02512,0.08234,5,2
471,A,P,-1.19,0.1464,5,2
471,A,Q,-3.818,0.9178,2,2
471,A,R,1.04,0.01131,5,2
471,A,S,-1.036,1.039,6,4
471,A,T,-0.9646,0.2175,18.5,4
471,A,V,0.2659,0.1536,4.5,4
471,A,W,-0.3588,0.3746,5,2
471,A,Y,-0.2975,0.5264,6,2
472,T,A,-0.105,3.662,5,4
472,T,C,-0.9541,0.656,5,2
472,T,D,-0.6355,0.001414,7,2
472,T,E,-1.494,0.1824,2,2
472,T,F,-1.412,0.01697,11,2
472,T,G,0.153,0.3277,4,2
472,T,H,0.9379,0.08924,3,2
472,T,I,-0.5717,0.1765,12.5,4
472,T,K,0.8044,0.285,4,2
472,T,L,-1.291,0.4436,5,2
472,T,M,-3.347,2.49,1,2
472,T,N,0.3594,0.1659,2,4
472,T,P,-0.9875,0.4348,2,2
472,T,Q,-0.7198,0.2358,6,2
472,T,R,0.9298,0.08026,7,2
472,T,S,0.4182,0.2381,4.5,4
472,T,T,0,0,,4
472,T,V,0.4532,0.09991,3,2
472,T,W,-2.681,0.4405,6,2
472,T,Y,-0.7992,0.2263,6,2
473,V,A,0.01607,1.799,5,4
473,V,C,-2.016,0.07849,7,2
473,V,D,-3.857,0.1754,8,2
473,V,E,-1.891,2.6,2.5,4
473,V,F,-1.872,0.4115,2,2
473,V,G,-5.207,0.5763,5,2
473,V,H,-3.177,0.002828,6,2
473,V,I,0.4068,0.2756,8,2
473,V,K,-3.031,0.1287,5,2
473,V,L,-1.146,0.56,4.25,4
473,V,M,-0.4998,0.2409,17.5,4
473,V,N,-2.646,0.2581,2,2
473,V,P,-0.4891,0.2587,5,2
473,V,Q,-4.591,0.4667,4,2
473,V,R,-3.109,0.02475,5,2
473,V,S,-5.452,1.904,2,2
473,V,T,-1.068,0.1065,6,2
473,V,V,0,0,,4
473,V,W,-1.99,1.293,5.5,2
473,V,Y,-1.296,0.4912,2,2
474,P,*,-6.799,2.858,1,2
474,P,A,-5.557,4.073,1,4
474,P,C,-6.84,3.091,3,2
474,P,D,-3.736,0.1824,7,2
474,P,E,-3.559,0.4448,4,2
474,P,F,-5.154,0.3663,5,2
474,P,G,-2.641,0.09617,3,2
474,P,H,-5.553,4.172,4.5,4
474,P,I,-7.417,1.586,6,2
474,P,K,-8.498,0.02333,6,2
474,P,L,-7.926,2.469,6,4
474,P,M,-6.866,0.4837,4,2
474,P,N,-6.632,0.5218,5,2
474,P,P,0,0,,4
474,P,Q,-6.384,0.7149,2,2
474,P,R,-1.409,0.4759,6,2
474,P,S,-4.817,2.041,7,4
474,P,T,-7.46,2.571,6.5,4
474,P,V,-9.282,0.7616,6,2
474,P,W,-3.345,0.9221,2,2
474,P,Y,-7.238,0.7601,1,2
475,F,-,-1.03,1.149,1,2
475,F,A,-0.3617,0.4725,2,2
475,F,C,0.4421,0.1055,4,2
475,F,D,-8.965,0.3578,4,2
475,F,E,-2.812,0.3762,6,2
475,F,F,0,0,,4
475,F,G,-1.338,0.5136,4,2
475,F,H,-2.816,0.1386,8.5,2
475,F,I,-0.4079,0.00601,9,2
475,F,K,-2.432,1.018,5,2
475,F,L,0.2564,0.1515,7.5,4
475,F,M,-1.069,0.2751,5,2
475,F,N,-3.837,1.477,4,2
475,F,P,-0.622,1.208,2,2
475,F,Q,-1.274,0.1598,5,2
475,F,R,0.0036,0.575,1,2
475,F,S,-1.387,0.6579,10.5,2
475,F,T,0.8061,0.01096,4,2
475,F,V,-0.7855,0.7853,2,4
475,F,W,0.8552,0.02821,2,2
475,F,Y,-0.4597,0.2323,5,4
476,L,-,-3.163,0.8627,2,2
476,L,A,0.4617,0.1797,6,2
476,L,C,-0.4592,0.411,6,2
476,L,D,-9.406,0.1442,7,2
476,L,E,-1.692,3.839,2,2
476,L,F,0.3351,0.104,4,2
476,L,G,-0.4839,0.07552,6,2
476,L,H,-4.217,0.07637,6,2
476,L,I,-0.1654,0.01082,6,2
476,L,K,-8.164,0.9122,5,2
476,L,L,0,0,,4
476,L,M,-0.2493,0.581,4,4
476,L,N,-8.759,0.3783,3,2
476,L,P,-7.479,2.574,7,4
476,L,Q,-2.05,2.507,1.5,4
476,L,R,-9.06,0.005657,3,2
476,L,S,-4.577,0.08839,3,2
476,L,T,-2.223,0.198,7.5,2
476,L,V,0.4193,0.2295,3,2
476,L,W,0.391,0.06385,5,2
476,L,Y,-1.357,0.03182,4,2
477,L,-,-0.7164,0.7533,1,2
477,L,A,-0.9395,0.2383,5,2
477,L,C,-3.322,0.1181,7,2
477,L,D,-9.778,0.08627,8,2
477,L,E,-9.242,0.3493,4,2
477,L,F,-1.679,0.4306,5,2
477,L,G,-2.394,0.7495,7,2
477,L,H,-6.217,0.9334,6,2
477,L,I,0.2755,0.7435,2,2
477,L,K,-9.648,0.1167,5,2
477,L,L,0,0,,4
477,L,M,-0.444,0.2906,5,4
477,L,N,-5.578,0.321,4,2
477,L,P,-9.44,0.01626,11,2
477,L,Q,-8.506,0.9518,5,2
477,L,R,-7.166,0.3083,4,2
477,L,S,-4.063,1.327,8,2
477,L,T,-0.05743,0.1047,4,2
477,L,V,-0.2513,0.1445,4,2
477,L,W,0.07245,0.3355,1,2
477,L,Y,-2.208,0.4285,5,2
478,S,-,0.0176,1.212,2,2
478,S,A,0.1828,0.2695,5,2
478,S,C,-2.355,0.7716,2.5,4
478,S,D,-3.958,0.606,3,2
478,S,E,-0.8845,0.6329,4,2
478,S,F,-4.611,0.2143,4,2
478,S,G,-0.171,0.4046,5,4
478,S,H,-0.7538,0.1138,5,2
478,S,I,-4.486,4.13,6.5,4
478,S,K,-2.343,0.1336,9,2
478,S,L,-3.686,1.034,5,2
478,S,M,-1.566,0.1386,4,2
478,S,N,-0.3614,1.141,5,4
478,S,P,-1.196,0.2574,6,2
478,S,Q,0.2093,0.08033,5,2
478,S,R,-1.118,0.07637,9,2
478,S,S,0,0,,4
478,S,T,-1.052,1.577,3.5,4
478,S,V,-4.654,0.5968,6,2
478,S,W,-0.4546,0.1953,6,2
478,S,Y,-3.136,1.131,6,2
479,L,-,-0.435,1.144,1,2
479,L,A,0.2026,0.4063,5,2
479,L,C,-3.316,0.8047,2,2
479,L,D,-9.421,0.1421,5,2
479,L,E,-6.776,1.415,3,2
479,L,F,-2.194,0.1718,6,2
479,L,G,-2.691,0.07283,4,2
479,L,H,-7.947,2.364,3,4
479,L,I,-4.994,0.3677,4,2
479,L,K,-9.049,0.1301,2,2
479,L,L,0,0,,4
479,L,M,-1.077,0.8886,7,4
479,L,N,-8.922,0.8316,6,2
479,L,P,-9.21,1.384,24.25,4
479,L,Q,-3.882,2.379,7,4
479,L,R,-8.125,1.374,7.75,4
479,L,S,-2.061,2.858,2,2
479,L,T,-1.129,0.4298,6,2
479,L,V,-0.8131,0.2492,3.5,4
479,L,W,-0.1509,0.2755,3,2
479,L,Y,-2.451,0.0396,3,2
480,I,-,-1.099,3.186,2,2
480,I,A,-1.016,0.07955,5,2
480,I,C,-0.2295,0.1608,9,2
480,I,D,-3.776,0.4646,5,2
480,I,E,-8.116,1.515,4,2
480,I,F,0.1106,0.1231,4,2
480,I,G,-1.339,0.007778,4,2
480,I,H,-4.299,0.9185,7,2
480,I,I,0,0,,4
480,I,K,-6.185,2.819,2,2
480,I,L,-0.2939,0.8136,9,2
480,I,M,-1.398,1.589,1,4
480,I,N,-7.796,2.677,4,4
480,I,P,-4.866,0.3861,9,2
480,I,Q,-9.266,0.8089,6,2
480,I,R,-3.506,4.564,2,2
480,I,S,-2.196,1.087,5,2
480,I,T,-2.067,1.409,3.5,4
480,I,V,0.233,1.323,4,4
480,I,W,-2.057,0.891,2,2
480,I,Y,-7.944,1.623,5,2
481,C,*,-4.918,3.468,2.5,4
481,C,A,-3.207,1.169,6,2
481,C,C,0,0,,4
481,C,D,-8.389,0.7601,1,2
481,C,E,-3.763,0.3606,7,2
481,C,F,-2.294,0.5235,7,4
481,C,G,-1.835,2.793,2,4
481,C,H,-4.421,0.01556,4,2
481,C,I,-9.291,0.1075,5,2
481,C,K,-6.294,0.379,6,2
481,C,L,-4.168,1.1,8,2
481,C,M,-9.442,0.2128,2,2
481,C,N,-3.042,0.2454,4,2
481,C,P,-6.705,3.444,4,2
481,C,Q,-3.337,0.1393,3,2
481,C,R,-8.255,0.8464,3,2
481,C,S,-4.987,1.125,4.5,4
481,C,T,-8.393,0.2326,1.5,2
481,C,V,-9.411,0.5402,10,2
481,C,W,-3.187,0.6802,8,2
481,C,Y,-5.134,0.7313,15.5,4
482,C,*,-9.256,0.5856,2.5,4
482,C,A,-6.744,2.374,4.5,4
482,C,C,0,0,,4
482,C,D,-8.784,0.09405,7,2
482,C,E,-7.502,0.227,7,2
482,C,F,-4.707,1.514,6.5,4
482,C,G,-7.866,0.04525,7,2
482,C,H,-2.739,2.915,4,4
482,C,I,-7.202,0.1923,6,2
482,C,K,-7.083,3.099,2,4
482,C,L,-7.611,1.245,2,2
482,C,M,-5.036,0.7481,8,2
482,C,N,-5.503,1.633,4,2
482,C,P,-5.752,1.001,7.5,2
482,C,Q,-6.81,2.336,9,2
482,C,R,-8.663,0.3767,7.5,4
482,C,S,-5.216,2.928,7.5,4
482,C,T,-7.229,2.146,6,2
482,C,V,-7.838,0.7361,9,2
482,C,W,-6.049,0.2885,5,2
482,C,Y,-9.01,0.4794,20.5,4
483,I,-,0.5867,0.1178,1,2
483,I,A,-0.533,0.4441,6,2
483,I,C,-1.392,0.6365,6,2
483,I,D,-5.914,0.6378,10,2
483,I,E,-9.493,0.3451,5,2
483,I,F,-0.4083,0.1145,10,2
483,I,G,-5.181,1.001,5,2
483,I,H,-6.469,0.338,8,2
483,I,I,0,0,,4
483,I,K,-9.181,0.2072,10,2
483,I,L,-0.7979,0.1796,13,2
483,I,M,0.6314,0.5615,5.5,4
483,I,N,-8.232,1.659,4,4
483,I,P,-5.934,3.229,6,2
483,I,Q,-4.681,0.05091,8,2
483,I,R,-8.59,1.452,7,2
483,I,S,-0.7572,1.227,1,4
483,I,T,-0.276,0.2249,13,2
483,I,V,-0.4833,0.6007,10,2
483,I,W,-0.5968,0.03281,10,2
483,I,Y,-1.953,0.3323,6,4
484,R,*,-2.863,3.508,1.5,4
484,R,-,-1.532,2.092,1,2
484,R,A,-2.436,0.1725,7,2
484,R,C,-2.88,0.2312,12,2
484,R,D,-2.538,0.2729,15,2
484,R,E,-1.809,0.656,3,4
484,R,F,-8.221,0.601,8,2
484,R,G,-2.295,1.705,10,4
484,R,H,-0.3334,0.2247,7,2
484,R,I,-9.338,0.4332,9,4
484,R,K,0.3502,0.4342,21,4
484,R,L,-8.945,0.1167,12,2
484,R,M,-5.232,0.4115,14,2
484,R,N,-0.6054,0.04603,12,2
484,R,P,0.3015,0.1854,8,4
484,R,Q,-0.7342,0.1105,8,2
484,R,R,0,0,,4
484,R,S,-0.4328,0.5307,4,4
484,R,T,-2.313,0.169,11,2
484,R,V,-8.028,1.659,8,2
484,R,W,-5.147,4.103,3.5,4
484,R,Y,-4.175,0.1322,12,2
485,T,-,-2.435,3.017,2,2
485,T,A,-0.4863,0.8413,6.5,4
485,T,C,-0.1101,0.01785,15,2
485,T,D,0.5004,0.8663,7.5,2
485,T,E,-0.3066,0.0437,7,2
485,T,F,-2.925,0.425,9,2
485,T,G,0.3287,0.003889,4,2
485,T,H,-0.6951,0.7777,8,2
485,T,I,-1.666,0.9265,19.5,4
485,T,K,-1.979,2.876,2,2
485,T,L,-1.528,0.09475,10,2
485,T,M,-1.018,0.5249,12,2
485,T,N,0.3453,0.2166,4.5,4
485,T,P,-0.00635,0.3652,5.5,4
485,T,Q,-0.9346,0.6227,7,2
485,T,R,0.00849,0.07,9,2
485,T,S,-0.183,0.09129,8,2
485,T,T,0,0,,4
485,T,V,-0.9972,0.03083,6,2
485,T,W,-2.781,0.1916,7,2
485,T,Y,-2.498,0.7913,6,2
486,A,-,-3.884,3.308,2,2
486,A,A,0,0,,4
486,A,C,0.2008,0.3675,4,2
486,A,D,-9.409,0.3434,6,4
486,A,E,-9.607,0.3253,9,2
486,A,F,-9.257,0.3917,6,2
486,A,G,-0.727,0.08026,7,2
486,A,H,-9.095,0.1075,13,2
486,A,I,-1.261,0.2277,7,2
486,A,K,-9.016,0.2645,10.5,2
486,A,L,-7.255,0.869,5,2
486,A,M,-8.777,0.898,9,2
486,A,N,-7.434,0.4349,7,2
486,A,P,-9.708,0.0792,14,2
486,A,Q,-9.635,0.2051,9,2
486,A,R,-9.418,0.1011,19,2
486,A,S,-0.04853,0.2627,5.5,4
486,A,T,0.07719,0.1365,62,4
486,A,V,0.5648,0.09499,4.5,4
486,A,W,-8.412,1.557,7,2
486,A,Y,-9.512,0.1032,3,2
487,K,-,-0.0023,0.6248,1,2
487,K,A,-2.359,0.007071,10,2
487,K,C,-4.329,0.05303,5,2
487,K,D,-0.2919,0.0898,6,2
487,K,E,-0.221,0.5542,7,4
487,K,F,-3.428,0.1994,9.5,2
487,K,G,-1.051,0.01838,6,2
487,K,H,0.6135,0.4168,5.5,4
487,K,I,-6.189,1.633,5,4
487,K,K,0,0,,4
487,K,L,-7.489,1.408,12,2
487,K,M,-3.596,0.1266,10,2
487,K,N,0.2328,0.3395,11,4
487,K,P,-8.71,0.9192,9,2
487,K,Q,-0.6573,0.1797,1.5,4
487,K,R,0.5224,0.12,5,4
487,K,S,-0.6814,0.8384,5,4
487,K,T,-1.696,0.477,5,4
487,K,V,-3.19,2.097,3.5,4
487,K,W,-1.369,0.3564,17,2
487,K,Y,-1.079,0.07707,7,2
488,A,-,-0.09849,0.6351,2,4
488,A,A,0,0,,4
488,A,C,0.2339,0.2067,6.5,4
488,A,D,-9.412,0.4948,11.5,4
488,A,E,-4.871,5.049,4.5,4
488,A,F,-9.144,0.5713,8,2
488,A,G,-0.1425,0.4195,3,2
488,A,H,-9.525,0.08768,6,2
488,A,I,-7.732,4.035,3.5,4
488,A,K,-8.634,0.77,8,2
488,A,L,-5.639,4.262,3,4
488,A,M,-9.517,0.2977,4,2
488,A,N,-9.04,0.2927,12,2
488,A,P,-8.102,0.2107,8,2
488,A,Q,-9.548,0.2249,11,2
488,A,R,-9.625,0.1202,5,2
488,A,S,-1.009,1.067,8,4
488,A,T,-5.184,1.776,16,4
488,A,V,-9.337,0.2483,20,4
488,A,W,-9.434,0.03323,7,2
488,A,Y,-9.305,0.1711,10,2
489,A,-,-1.005,0.8471,2,4
489,A,A,0,0,,4
489,A,C,0.2748,0.09249,9,2
489,A,D,-0.09725,0.5552,11.75,4
489,A,E,-0.0834,0.1345,7,2
489,A,F,0.01215,0.2183,13,2
489,A,G,0.6142,0.1344,9,2
489,A,H,0.6125,0.0997,5,2
489,A,I,0.4673,0.3191,12,2
489,A,K,-1.099,0.01626,10,2
489,A,L,-0.7324,0.1457,9,2
489,A,M,-0.9237,0.2507,4.5,2
489,A,N,-0.2331,0.1816,4,2
489,A,P,-9.656,0.1747,8,2
489,A,Q,0.3705,0.2032,6,2
489,A,R,0.1741,0.07905,18,2
489,A,S,-0.5326,1.014,6.5,4
489,A,T,0.119,0.1535,121.8,4
489,A,V,-0.0027,0.4449,15.5,4
489,A,W,-1.156,0.01909,8,2
489,A,Y,-0.512,0.05911,10,2
490,T,*,-9.634,0.1838,10,2
490,T,-,-1.224,1.382,2.5,4
490,T,A,-0.4924,1,8,4
490,T,C,-0.963,0.2814,6,2
490,T,D,-0.2205,0.491,8,2
490,T,E,0.1943,0.03168,5,2
490,T,F,-0.1769,0.4016,10,2
490,T,G,0.004885,0.1241,7,2
490,T,H,-0.6473,0.02157,8,2
490,T,I,0.2616,0.3136,5.5,4
490,T,K,0.1022,0.1008,13,2
490,T,L,0.5042,0.1211,10,2
490,T,M,-0.4824,0.08917,8,2
490,T,N,-0.241,1.271,8,4
490,T,P,0.00195,0.9948,6.5,4
490,T,Q,-0.1115,0.04797,6,2
490,T,R,-0.7686,0.5167,11,2
490,T,S,0.125,0.05646,10,2
490,T,T,0,0,,4
490,T,V,-1.052,0.1819,8,2
490,T,W,-2.372,0.08132,3,2
490,T,Y,-0.7882,0.3264,4,2
491,Y,*,-3.092,3.884,1.5,4
491,Y,-,-1.147,1.134,2,4
491,Y,A,-1.502,0.3076,8,2
491,Y,C,0.5326,0.1875,7,4
491,Y,D,-0.98,0.9531,9,2
491,Y,E,0.03395,0.258,6,2
491,Y,F,0.009,1.015,5,4
491,Y,G,0.5159,0.01471,7,2
491,Y,H,0.5316,0.3248,13.5,4
491,Y,I,-0.2152,0.0338,6,2
491,Y,K,0.156,0.3232,3,2
491,Y,L,-0.2426,0.2215,9,2
491,Y,M,0.02489,0.04331,9,2
491,Y,N,0.1119,0.3905,6,4
491,Y,P,-0.4744,0.1411,7,2
491,Y,Q,-0.2075,0.3,5,2
491,Y,R,0.2152,0.1305,10,2
491,Y,S,0.2781,0.1216,6,2
491,Y,T,0.03852,0.139,12,2
491,Y,V,0.03829,0.04893,8,2
491,Y,W,-0.6575,0.2774,5,2
491,Y,Y,0,0,,4
492,Q,*,-9.593,0.387,8.5,4
492,Q,-,0.09592,1.173,1.5,4
492,Q,A,-0.4968,0.1329,8,2
492,Q,C,-0.3596,0.1563,9,2
492,Q,D,-0.5329,0.2435,10,2
492,Q,E,0.3904,0.4486,6,4
492,Q,F,0.02706,0.03058,10,2
492,Q,G,-0.1753,0.2509,16,2
492,Q,H,0.1176,0.229,7.5,4
492,Q,I,-0.2168,0.5208,14,2
492,Q,K,-0.3796,0.4955,10.5,4
492,Q,L,-0.6612,0.4257,9,2
492,Q,M,-0.8335,0.05105,10,2
492,Q,N,0.1526,0.3064,9,2
492,Q,P,0.1356,0.02362,11,2
492,Q,Q,0,0,,4
492,Q,R,-0.6683,0.283,8.5,4
492,Q,S,-0.6559,0.7427,9,2
492,Q,T,0.2364,0.2726,10,2
492,Q,V,0.0968,0.2711,16,2
492,Q,W,-5.421,0.1464,5,2
492,Q,Y,0.1723,0.4537,8,2
493,E,*,-8.655,1.404,5,4
493,E,-,-1.412,1.064,1.5,4
493,E,A,-0.5734,0.4261,11,2
493,E,C,0.3942,0.1353,11,2
493,E,D,0.1563,0.3761,7,4
493,E,E,0,0,,4
493,E,F,-1.56,0.2298,13,2
493,E,G,-1.079,2.448,4,4
493,E,H,0.3342,0.1732,13,2
493,E,I,-0.6786,0.4154,16,2
493,E,K,-0.8583,0.8862,16.5,4
493,E,L,-1.21,0.005657,9,2
493,E,M,-0.07469,0.1801,16,2
493,E,N,-0.4638,0.2425,8,2
493,E,P,-0.3985,0.009051,16,2
493,E,Q,-0.1289,0.1846,5.5,4
493,E,R,-0.8986,0.06873,9,2
493,E,S,-0.4045,0.1841,14,2
493,E,T,-0.2464,0.194,9,2
493,E,V,-0.3923,0.5394,6.5,4
493,E,W,-2.579,0.5119,10,2
493,E,Y,0.3897,0.1702,5,2
494,A,*,-8.597,0.04384,6,2
494,A,-,0.0263,0.1771,2,2
494,A,A,0,0,,4
494,A,C,-0.1965,0.01428,11,2
494,A,D,-0.0016,0.3251,5,4
494,A,E,-1.256,0.3717,10.5,2
494,A,F,0.1641,0.4977,4,2
494,A,G,0.4183,0.1049,9,2
494,A,H,0.4718,0.3353,12,2
494,A,I,-0.7903,0.1512,10,2
494,A,K,-0.04871,0.05586,12,2
494,A,L,-0.4589,0.1564,7,2
494,A,M,0.1946,0.07559,10,2
494,A,N,0.3741,0.4967,12,2
494,A,P,0.1413,0.2232,10.5,2
494,A,Q,-0.3154,0.2425,7,2
494,A,R,-0.09371,0.1034,5,2
494,A,S,-0.6791,1.097,7,4
494,A,T,0.2947,0.6615,10,4
494,A,V,-0.1219,0.1207,27,4
494,A,W,-0.3729,0.09228,11,2
494,A,Y,-0.4411,0.1469,8,2
495,A,-,0.08585,0.3983,1,2
495,A,A,0,0,,4
495,A,C,-1.129,0.2875,7,2
495,A,D,0.1844,2.998,6.25,4
495,A,E,-0.3468,0.249,3,2
495,A,F,-0.9029,0.1826,6,2
495,A,G,0.1837,0.01471,9,2
495,A,H,-0.478,0.231,7,2
495,A,I,0.1167,0.1961,6,2
495,A,K,0.226,0.1646,6,2
495,A,L,0.0044,0.3455,7,2
495,A,M,0.05845,0.05485,10,2
495,A,N,-0.4542,0.3372,9,2
495,A,P,0.00356,0.04889,14,2
495,A,Q,-1.025,0.04957,5,2
495,A,R,-0.4042,0.221,10,2
495,A,S,0.01205,0.3926,5,4
495,A,T,-0.2033,0.1547,27.5,4
495,A,V,0.138,0.4336,13.5,4
495,A,W,-0.9861,0.5754,7,2
495,A,Y,0.2065,0.7218,12,2
496,V,*,-9.96,0.1124,17,2
496,V,-,-0.4747,0.7006,1,2
496,V,A,0.002115,0.03136,14,2
496,V,C,0.09382,0.1609,10,2
496,V,D,-0.0571,0.3017,10,2
496,V,E,-0.3246,0.2417,6.25,4
496,V,F,-0.3918,0.05614,11,2
496,V,G,0.129,0.09066,11,2
496,V,H,-0.006945,0.02528,5,2
496,V,I,0.1906,0.03627,10,2
496,V,K,-0.109,0.1365,10,2
496,V,L,0.2341,0.2951,10.5,4
496,V,M,0.1307,0.1762,15.5,4
496,V,N,0.1613,0.08709,15,2
496,V,P,-0.5954,0.3467,13,2
496,V,Q,-0.2469,0.3398,3,2
496,V,R,0.1496,0.02079,8,2
496,V,S,-0.1164,0.7695,11,2
496,V,T,-0.4501,0.06774,9,2
496,V,V,0,0,,4
496,V,W,-0.416,0.01252,10,2
496,V,Y,0.00965,0.1877,10,2
497,Y,*,-7.884,1.952,4,2
497,Y,-,0.4316,0.01068,2,2
497,Y,A,0.4311,0.3272,10,2
497,Y,C,-0.01855,0.6502,4.5,4
497,Y,D,0.5348,0.138,6,2
497,Y,E,-0.1584,0.4235,6,2
497,Y,F,0.3492,0.4347,4,2
497,Y,G,-0.3215,0.05848,8,2
497,Y,H,-0.8322,0.7746,8,2
497,Y,I,0.05923,0.1933,10,2
497,Y,K,-0.2676,0.04504,14,2
497,Y,L,0.0956,0.3398,7,2
497,Y,M,-0.1353,0.2116,8,2
497,Y,N,0.2404,0.6861,5,4
497,Y,P,-0.1538,0.08925,9,2
497,Y,Q,-0.2362,0.0157,6,2
497,Y,R,-0.4047,0.2107,13,2
497,Y,S,0.2228,0.02086,8,2
497,Y,T,-0.0151,0.3043,8,2
497,Y,V,0.3068,0.01308,2,2
497,Y,W,-0.1578,0.3027,8.5,2
497,Y,Y,0,0,,4
498,L,*,-9.84,0.268,10,2
498,L,-,-2.236,0.08485,3,2
498,L,A,-0.5554,0.3771,5,2
498,L,C,-1.771,0.292,7,2
498,L,D,-0.3911,0.3942,5,2
498,L,E,0.7439,0.06668,5,2
498,L,F,0.6082,0.05954,5,2
498,L,G,-0.5952,0.06951,8,2
498,L,H,0.1936,0.1666,10,2
498,L,I,0.4888,0.03132,7,2
498,L,K,-0.5087,0.235,9,2
498,L,L,0,0,,4
498,L,M,0.1664,0.6689,12,4
498,L,N,0.04471,0.12,6.5,2
498,L,P,0.1481,0.1221,23.75,4
498,L,Q,0.2737,0.3387,9,4
498,L,R,-0.306,0.3714,10,4
498,L,S,0.256,0.3622,10,2
498,L,T,-0.02,0.4055,9,2
498,L,V,0.107,0.4201,5.5,4
498,L,W,0.3744,0.1479,3,2
498,L,Y,-0.08955,0.1917,4,2
499,W,*,-9.174,0.5302,46.25,4
499,W,-,-0.5751,1.379,1,2
499,W,A,0.7932,0.1727,4,2
499,W,C,-1.285,1.689,5.75,4
499,W,D,-0.09811,0.001739,8,2
499,W,E,-0.6449,0.1717,8,2
499,W,F,-0.1623,0.01973,11,2
499,W,G,-0.5784,0.2802,9,2
499,W,H,-0.09934,0.2599,7,2
499,W,I,-0.1079,0.002899,13,2
499,W,K,0.5732,0.03239,4,2
499,W,L,0.3898,0.3506,9,4
499,W,M,-0.5082,0.3258,7.5,2
499,W,N,0.3684,0.2415,8,2
499,W,P,-0.08352,0.07252,10,2
499,W,Q,-0.05985,0.3348,10,2
499,W,R,0.09469,0.02123,12,2
499,W,S,-0.1188,0.08111,8,2
499,W,T,-0.2697,0.1219,4,2
499,W,V,-0.4261,0.469,12,2
499,W,W,0,0,,4
499,W,Y,0.03375,0.3751,6,2
500,N,*,-9.8,0.3394,7,2
500,N,-,0.1534,0.1429,1,2
500,N,A,0.5413,0.3181,9,2
500,N,C,0.244,0.03104,12,2
500,N,D,0.6707,0.4122,5.5,4
500,N,E,-0.1027,0.1151,9.5,2
500,N,F,0.1589,0.1157,11,2
500,N,G,0.4375,0.3876,3,2
500,N,H,0.1484,0.1519,16.5,2
500,N,I,0.4748,0.1532,11,2
500,N,K,-0.2743,0.1599,6,4
500,N,L,-1.549,1.486,5,2
500,N,M,-0.4323,0.6186,11,2
500,N,N,0,0,,4
500,N,P,-1.034,0.009899,9,2
500,N,Q,-0.5091,0.04497,14,2
500,N,R,-0.324,0.09256,11,2
500,N,S,-0.3458,0.3338,9,2
500,N,T,0.1915,0.1122,10,2
500,N,V,-0.3982,0.06597,10,2
500,N,W,-0.6086,0.0309,15,2
500,N,Y,0.1811,0.02984,9,2
501,E,*,-8.327,0.8554,4.5,4
501,E,-,-1.64,1.365,1,2
501,E,A,-0.6154,0.1894,10,2
501,E,C,-0.6355,1.044,8,2
501,E,D,-0.02332,0.1779,7.5,4
501,E,E,0,0,,4
501,E,F,-0.0174,0.2341,11,2
501,E,G,-0.4798,0.1604,14,2
501,E,H,-0.4269,0.2609,13,2
501,E,I,0.2539,0.07856,13,2
501,E,K,-0.9066,0.4715,10,4
501,E,L,0.2314,0.3749,7,2
501,E,M,0.1695,0.264,5,2
501,E,N,-0.08033,0.02517,12,2
501,E,P,0.06172,0.2063,16,2
501,E,Q,0.4564,0.05141,29,2
501,E,R,-0.7272,0.2697,6,2
501,E,S,0.2532,0.2429,6,2
501,E,T,0.3901,0.009192,13,2
501,E,V,-0.2462,0.2346,13,2
501,E,W,-0.4446,0.7426,6.5,2
501,E,Y,-0.5621,0.07382,11,2
502,Q,*,-9.256,0.3934,21.75,4
502,Q,-,-3.789,1.234,3,2
502,Q,A,-0.145,0.5047,9,2
502,Q,C,-0.2628,0.08924,6,2
502,Q,D,-0.5569,0.1895,10,2
502,Q,E,0.4988,0.02086,11,2
502,Q,F,-0.9685,0.1379,10,2
502,Q,G,-0.5354,0.007354,13,2
502,Q,H,0.2856,0.3034,17,2
502,Q,I,-0.216,0.04561,9,2
502,Q,K,0.06165,0.213,7,4
502,Q,L,0.6529,0.06972,8,2
502,Q,M,-0.1542,0.6076,9.5,2
502,Q,N,0.2004,0.2257,10,2
502,Q,P,-0.7916,0.0355,8,2
502,Q,Q,0,0,,4
502,Q,R,0.5001,0.2013,7,4
502,Q,S,-0.6099,0.231,9,2
502,Q,T,-0.2755,0.1669,11,2
502,Q,V,0.6662,0.04193,7,2
502,Q,W,-0.5135,0.2999,7,2
502,Q,Y,-0.2664,0.2546,12,2
503,Q,*,-9.021,1.311,7.5,4
503,Q,-,-1.934,0.7559,1,2
503,Q,A,-0.0366,0.2503,5,2
503,Q,C,0.1206,0.003111,9,2
503,Q,D,-0.2826,0.143,12,2
503,Q,E,-0.01185,0.1115,17,2
503,Q,F,-0.08811,0.02374,7,2
503,Q,G,-0.0768,0.2168,10,2
503,Q,H,-0.4128,0.343,5,2
503,Q,I,-0.235,0.2419,11,2
503,Q,K,-0.08914,0.1247,7,2
503,Q,L,-0.3129,0.2161,7,2
503,Q,M,-0.5058,0.01202,16,2
503,Q,N,0.00755,0.1801,11,2
503,Q,P,0.3971,0.3527,8.5,4
503,Q,Q,0,0,,4
503,Q,R,-0.4318,1.477,2,4
503,Q,S,-0.2225,0.1991,10,2
503,Q,T,-0.1393,0.1365,9,2
503,Q,V,0.5788,0.007283,9,2
503,Q,W,-0.5485,0.04589,8,2
503,Q,Y,0.4782,0.1595,5,2
504,P,*,-9.319,0.4886,12,2
504,P,A,-0.123,0.5722,5,2
504,P,C,0.2224,0.1358,7,2
504,P,D,0.1439,0.01414,8,2
504,P,E,-1.562,0.3076,6,2
504,P,F,0.1469,0.0449,5,2
504,P,G,-0.8251,0.2039,6,2
504,P,H,-0.1493,0.3904,7.5,4
504,P,I,-0.4012,0.0944,9,2
504,P,K,-1.708,0.4038,5,2
504,P,L,-0.1499,0.7213,9.25,4
504,P,M,-0.7379,0.5149,3,2
504,P,N,0.1494,0.03995,10,2
504,P,P,0,0,,4
504,P,Q,-0.4516,0.05091,8,2
504,P,R,-0.7086,0.1761,7,2
504,P,S,-0.6255,0.9844,6.75,4
504,P,T,-0.176,0.1605,6,2
504,P,V,0.3924,0.1329,7,2
504,P,W,0.1665,0.04228,8,2
504,P,Y,-0.3168,0.3416,10,2
505,L,A,0.1835,0.02977,6,2
505,L,C,-0.00995,0.1578,6,2
505,L,D,-1.378,2.185,5,2
505,L,E,-0.03318,0.1867,7,2
505,L,F,0.7331,0.07651,10,2
505,L,G,0.4191,0.2596,4,2
505,L,H,-0.05831,0.2205,9,2
505,L,I,-0.7253,0.0002121,7,2
505,L,K,-3.037,1.014,2,2
505,L,L,0,0,,4
505,L,M,-0.8987,3.847,6.5,4
505,L,N,0.1875,0.07792,9.5,2
505,L,P,0.4843,0.2736,4.5,4
505,L,Q,-0.2534,0.4815,7,4
505,L,R,-0.6848,0.8672,7,2
505,L,S,-0.06315,0.07333,6,2
505,L,T,0.4716,0.5707,8,2
505,L,V,0.518,0.2635,8.5,2
505,L,W,-0.4553,0.08004,2,2
505,L,Y,0.5276,0.08895,7,2
506,F,*,-9.776,0.2934,6,2
506,F,A,0.568,0.1795,4,2
506,F,C,0.2011,0.2975,7,2
506,F,D,-0.8315,0.08224,4,2
506,F,E,0.4863,0.2822,5,2
506,F,F,0,0,,4
506,F,G,0.3432,0.4669,6,2
506,F,H,-0.6656,0.07764,5,2
506,F,I,-0.1884,0.7535,4,4
506,F,K,-0.0866,0.1748,4,2
506,F,L,-0.6493,0.1774,7,4
506,F,M,-0.2326,0.1018,6,2
506,F,N,-0.2539,0.09108,13,2
506,F,P,-0.08998,0.101,11,2
506,F,Q,0.4825,0.2362,6,2
506,F,R,-1.318,0.5042,8,2
506,F,S,-0.6586,0.15,8.5,4
506,F,T,-0.1172,0.5003,3,2
506,F,V,0.3788,0.3412,9,2
506,F,W,0.5688,0.4156,3.5,2
506,F,Y,-0.02249,0.03363,9,2
507,W,*,-9.476,0.3838,37,4
507,W,A,-0.09902,0.2152,11,2
507,W,C,0.03013,0.1551,5.5,4
507,W,D,-0.4787,0.4658,8,2
507,W,E,0.0531,0.3308,4,2
507,W,F,-0.5057,0.06109,9,2
507,W,G,0.06455,0.572,2.25,4
507,W,H,-0.014,0.7579,4,2
507,W,I,-7.506,0.6611,4,2
507,W,K,-0.1328,0.01004,6,2
507,W,L,-0.1932,0.5627,6,4
507,W,M,0.5215,0.2558,11,2
507,W,N,-0.6637,0.2285,9,2
507,W,P,0.3547,0.03599,5,2
507,W,Q,-0.09266,0.2481,9,2
507,W,R,-1.615,0.007071,11,2
507,W,S,0.06675,0.4424,12.5,2
507,W,T,0.3571,0.0519,2,2
507,W,V,-0.8374,0.363,3,2
507,W,W,0,0,,4
507,W,Y,0.4834,0.02432,3,2
508,L,*,-9.328,0.01909,10,2
508,L,A,-0.4432,0.1317,7,2
508,L,C,0.3412,0.3157,8,2
508,L,D,-0.3299,0.0722,7,2
508,L,E,0.4897,0.06491,8,2
508,L,F,-0.2128,0.2909,6.5,2
508,L,G,-0.1522,0.002475,7,2
508,L,H,-1.006,0.1945,6,2
508,L,I,-0.7291,0.2295,10,2
508,L,K,-2.2,1.631,3,2
508,L,L,0,0,,4
508,L,M,0.2581,0.763,5.5,4
508,L,N,-0.06124,0.2223,6,2
508,L,P,-0.6909,0.2616,7,4
508,L,Q,0.412,0.04455,6,2
508,L,R,-0.372,0.0483,10,2
508,L,S,0.1665,0.2496,8,2
508,L,T,-0.4856,0.3392,9,2
508,L,V,0.4511,0.0186,7,2
508,L,W,0.2479,0.08125,6,2
508,L,Y,0.5813,0.00792,7,2
509,Q,*,-9.262,1.563,8,4
509,Q,A,-0.256,0.1453,14,2
509,Q,C,0.7087,0.01577,2,2
509,Q,D,0.03294,0.01796,9,2
509,Q,E,0.03902,0.1537,12,2
509,Q,F,-0.7166,0.03635,6,2
509,Q,G,-0.7608,0.3228,12,2
509,Q,H,0.3644,0.0215,9,2
509,Q,I,0.03485,0.2623,6,2
509,Q,K,0.3222,0.6245,7.5,4
509,Q,L,-0.4778,0.2228,8,2
509,Q,M,0.7227,0.1819,10,2
509,Q,N,0.3925,0.07121,7,2
509,Q,P,-0.02133,0.811,4,4
509,Q,Q,0,0,,4
509,Q,R,-0.2267,1.256,3.5,4
509,Q,S,-0.5734,0.5638,7,2
509,Q,T,0.2183,0.261,11,2
509,Q,V,-0.1422,0.2632,9,2
509,Q,W,0.1875,0.2148,14,2
509,Q,Y,0.2375,0.1912,9,2
510,A,*,-9.011,0.8874,9,2
510,A,A,0,0,,4
510,A,C,-0.3007,0.04759,8,2
510,A,D,-0.296,0.1188,13,4
510,A,E,-0.2932,0.1145,10.5,2
510,A,F,-0.2228,0.3666,4,2
510,A,G,-0.3133,0.826,6,2
510,A,H,0.5061,0.02341,3,2
510,A,I,-0.04545,0.2316,7,2
510,A,K,-0.03824,0.112,7,2
510,A,L,0.1587,0.02666,8,2
510,A,M,0.254,0.1737,10,2
510,A,N,-1.433,1.805,5,2
510,A,P,-1.293,0.1223,6,2
510,A,Q,-1.172,0.1987,6,2
510,A,R,-1.067,0.1998,7,2
510,A,S,0.132,0.07792,14,2
510,A,T,0.1453,0.33,13,4
510,A,V,-0.7864,0.8534,13,4
510,A,W,0.01454,0.09793,4,2
510,A,Y,-0.9167,0.197,6,2
511,L,A,0.549,0.02892,4,2
511,L,C,-0.01195,0.5522,6,2
511,L,D,0.6403,0.144,7,2
511,L,E,0.1031,0.1433,14,2
511,L,F,0.1109,0.1939,14,2
511,L,G,0.4948,0.1271,9,2
511,L,H,-1.669,0.4193,7,2
511,L,I,-0.8277,0.00792,3,2
511,L,K,-2.715,0.2531,9,2
511,L,L,0,0,,4
511,L,M,0.3785,0.1437,9.5,4
511,L,N,0.3892,0.03585,8,2
511,L,P,-0.0696,0.2684,23.5,4
511,L,Q,-0.2858,0.4814,6.5,4
511,L,R,-1.926,0.6788,5,2
511,L,S,0.03374,0.02294,6,2
511,L,T,-0.3005,0.5836,6,2
511,L,V,0.3868,0.2978,7,2
511,L,W,0.3814,0.06944,8,2
511,L,Y,-0.2202,0.0466,6,2
512,I,*,-9.011,0.1068,4,2
512,I,A,-0.5088,0.5076,5,2
512,I,C,-0.7464,0.08118,8,2
512,I,D,-0.4543,0.03387,10,2
512,I,E,0.5968,0.2471,4,2
512,I,F,0.6541,0.1713,10,2
512,I,G,0.1575,0.07007,4,2
512,I,H,-1.017,0.3697,7.5,2
512,I,I,0,0,,4
512,I,K,-1.097,0.128,4,2
512,I,L,0.386,0.2568,5.5,2
512,I,M,-0.7799,0.4088,10,2
512,I,N,-1.481,0.3422,11,2
512,I,P,-0.7754,0.1342,8,2
512,I,Q,0.306,0.05063,6,2
512,I,R,-1.259,0.3055,6,2
512,I,S,0.06805,0.5571,4.5,4
512,I,T,-0.1432,0.03189,6,2
512,I,V,-1.79,2.05,4.5,4
512,I,W,-0.3102,0.02715,7,2
512,I,Y,-0.7067,0.09963,8,2
513,P,A,0.3889,0.1316,9.5,2
513,P,C,-1.339,0.7457,5,2
513,P,D,-0.3434,0.3027,9,2
513,P,E,-0.4703,0.3297,7,2
513,P,F,-0.3714,1.535,2,2
513,P,G,0.25,0.1334,6,2
513,P,H,0.2073,0.4299,4,4
513,P,I,-0.2919,0.3825,6,2
513,P,K,-0.4677,0.2029,8,2
513,P,L,-0.3116,0.2537,7,4
513,P,M,0.4563,0.3411,3,2
513,P,N,-0.4606,0.5385,7,2
513,P,P,0,0,,4
513,P,Q,0.7295,0.1167,5,2
513,P,R,-0.5533,0.06371,9,2
513,P,S,-0.02953,0.2063,11,4
513,P,T,-0.6843,1.698,5.5,4
513,P,V,0.7722,0.09461,9,2
513,P,W,0.4042,0.04568,10,2
513,P,Y,-0.8896,0.2693,5,2
514,L,*,-9.811,0.1322,9,2
514,L,A,0.406,0.6516,7,2
514,L,C,-0.3453,0.3214,6,2
514,L,D,-1.792,0.7715,5.5,2
514,L,E,-1.632,0.08768,11,2
514,L,F,0.3881,0.1235,11,2
514,L,G,-0.8577,0.03161,7,2
514,L,H,-0.6933,0.08768,6,2
514,L,I,-0.1801,0.2475,6,2
514,L,K,-4.584,0.5643,2,2
514,L,L,0,0,,4
514,L,M,-0.04411,0.4731,9.5,4
514,L,N,-3.224,0.2072,5,2
514,L,P,-0.5831,0.4707,8,2
514,L,Q,-2.571,1.879,6.5,4
514,L,R,-6.771,1.848,12,2
514,L,S,-2.153,0.2843,6,2
514,L,T,-0.4289,0.1235,12,2
514,L,V,0.3754,0.3672,6,2
514,L,W,0.5962,0.04158,3,2
514,L,Y,-0.0245,0.7328,6,2
515,A,-,0.1855,0.6213,3,2
515,A,A,0,0,,4
515,A,C,0.03145,0.1882,10.5,2
515,A,D,-1.629,1.448,8.5,4
515,A,E,0.3191,0.09539,2,2
515,A,F,0.4526,0.04914,2.5,2
515,A,G,-0.8384,0.03734,4,2
515,A,H,-0.7939,0.2878,13,2
515,A,I,-0.5186,0.5623,6,2
515,A,K,-5.242,1.568,9,2
515,A,L,0.07275,0.2135,7,2
515,A,M,0.1795,0.2217,7,2
515,A,N,-1.175,0.835,7,2
515,A,P,-0.8907,0.5052,6,2
515,A,Q,-0.8626,0.2933,4,2
515,A,R,-8.38,0.2072,6,2
515,A,S,0.2617,0.4736,8,4
515,A,T,0.1168,0.1786,20,4
515,A,V,-0.1347,0.09121,64,4
515,A,W,-0.2062,0.04674,7,2
515,A,Y,-0.0822,0.5131,5,2
516,A,*,-9.295,0.2107,9,2
516,A,A,0,0,,4
516,A,C,-0.1171,1.032,3,2
516,A,D,-1.876,1.099,4.5,4
516,A,E,-2.473,0.9907,4,2
516,A,F,0.1605,0.02821,13,2
516,A,G,0.2107,0.3858,6,2
516,A,H,-0.7379,0.8401,6.5,2
516,A,I,-0.2363,0.09631,5,2
516,A,K,-2.381,0.338,4,2
516,A,L,0.297,0.08704,6,2
516,A,M,-0.4435,0.04158,9,2
516,A,N,-0.1106,0.2569,8,2
516,A,P,-0.1653,0.1729,10,2
516,A,Q,0.5681,0.1669,5,2
516,A,R,-1.252,0.4167,8,2
516,A,S,-0.1729,1.367,9.5,4
516,A,T,-0.1049,0.4647,32.25,4
516,A,V,0.1553,0.5319,7,4
516,A,W,0.2899,0.1349,5,2
516,A,Y,-0.8718,0.2025,5,2
517,L,-,0.195,0.8345,1.5,4
517,L,A,0.06901,0.02994,7,2
517,L,C,0.2949,0.00799,7,2
517,L,D,-0.9638,0.9478,3,2
517,L,E,-0.2114,0.02461,7,2
517,L,F,-1.039,0.5031,6,2
517,L,G,0.6657,0.0164,6,2
517,L,H,-0.02011,0.09463,11,2
517,L,I,0.5792,0.04412,4,2
517,L,K,-3.17,0.362,2,2
517,L,L,0,0,,4
517,L,M,0.1859,0.5952,5.5,4
517,L,N,-1.593,0.03394,5,2
517,L,P,0.096,0.3547,13,4
517,L,Q,-0.9116,0.04794,7,2
517,L,R,-1.438,2.179,3,4
517,L,S,0.03726,0.01225,7,2
517,L,T,-0.8736,0.2537,5,2
517,L,V,-0.1335,0.5931,4.5,4
517,L,W,0.00391,0.04697,15,2
517,L,Y,-0.1243,0.07182,6,2
518,I,*,-9.655,0.1789,6,2
518,I,-,0.3198,1.471,1.5,4
518,I,A,-0.2068,0.3267,8,2
518,I,C,-0.1535,0.08351,12,2
518,I,D,-2.575,0.5183,8,2
518,I,E,-1.098,0.07637,7,2
518,I,F,-0.4353,0.03415,9,2
518,I,G,-0.4063,0.4327,7,2
518,I,H,-0.8811,0.3859,7,2
518,I,I,0,0,,4
518,I,K,-2.968,1.736,2,2
518,I,L,-0.3578,0.5676,7.5,4
518,I,M,-0.3534,0.2474,9,2
518,I,N,-1.204,1.473,5.5,4
518,I,P,-0.6747,0.06569,7,2
518,I,Q,-0.9546,0.1051,8,2
518,I,R,-3.264,0.9772,9,2
518,I,S,-0.5721,0.3902,11,2
518,I,T,-0.4345,0.742,5,4
518,I,V,-0.42,0.7032,3.5,4
518,I,W,-0.4802,0.1988,10,2
518,I,Y,-0.8881,0.09086,3,2
519,V,-,-0.06384,0.3531,1.5,4
519,V,A,0.374,0.06413,9.5,2
519,V,C,0.02622,0.08806,8,2
519,V,D,-0.9982,0.1355,9,2
519,V,E,0.3713,0.03132,12,2
519,V,F,-0.1178,0.03116,11,2
519,V,G,-0.2883,0.00898,11,2
519,V,H,-0.0597,0.3217,7,2
519,V,I,-0.2232,0.4719,9,2
519,V,K,-0.7924,0.2649,9,2
519,V,L,-0.4464,0.6235,7.5,4
519,V,M,-0.3222,0.3397,18,4
519,V,N,-0.4687,0.03422,15,2
519,V,P,-0.7946,0.316,13,2
519,V,Q,0.6056,0.3442,7,2
519,V,R,-1.377,0.4094,10,2
519,V,S,-0.2218,0.1701,11,2
519,V,T,-0.4154,0.4028,9,2
519,V,V,0,0,,4
519,V,W,-0.152,0.09597,14,2
519,V,Y,-0.1878,0.09574,4,2
520,L,*,-9.235,0.2044,10,2
520,L,-,0.7437,0.00594,1,2
520,L,A,-0.9643,0.5398,7,2
520,L,C,0.3302,0.3072,13,2
520,L,D,-0.07775,0.08365,8,2
520,L,E,-0.3922,0.08337,5,2
520,L,F,0.374,0.4889,2,2
520,L,G,-0.254,0.3205,10,2
520,L,H,-0.1208,0.3765,9.5,2
520,L,I,-0.3641,0.1226,12,2
520,L,K,-0.6797,0.1934,12,2
520,L,L,0,0,,4
520,L,M,-0.5603,1.266,11.5,4
520,L,N,0.1624,0.2263,4,2
520,L,P,-0.4355,0.2777,16,4
520,L,Q,-0.3856,0.4008,6.5,4
520,L,R,0.1002,0.3294,6,4
520,L,S,-1.401,0.123,4.5,2
520,L,T,-0.1966,0.0244,15,2
520,L,V,0.5202,0.02397,9,2
520,L,W,0.3287,0.0688,8,2
520,L,Y,-0.2586,0.1123,8,2
521,C,*,-7.624,3.152,5,4
521,C,-,-0.0235,0.9407,2,2
521,C,A,-0.2299,0.3866,7,2
521,C,C,0,0,,4
521,C,D,0.1099,0.002333,12,2
521,C,E,-0.5268,0.2191,5,2
521,C,F,-0.03432,0.03971,6,4
521,C,G,0.422,0.695,3,4
521,C,H,-0.3175,0.1653,8,2
521,C,I,0.01495,0.4672,9,2
521,C,K,-0.03049,0.1513,9,2
521,C,L,0.1888,0.06965,8,2
521,C,M,0.01248,0.1583,11,2
521,C,N,0.0724,0.308,7,2
521,C,P,-1.41,0.04808,8,2
521,C,Q,0.0613,0.0436,11,2
521,C,R,0.4072,0.3719,7,4
521,C,S,0.2967,0.2345,5.5,4
521,C,T,0.04905,0.04458,6,2
521,C,V,0.3149,0.7178,8,2
521,C,W,-0.366,0.09928,8,2
521,C,Y,0.06156,0.2664,21.5,4
522,N,*,-9.694,0.0898,14,2
522,N,-,-0.5249,1.236,2,2
522,N,A,0.002695,0.01934,16,2
522,N,C,0.02314,0.08825,10,2
522,N,D,-1.47,1.263,6.5,4
522,N,E,-0.2768,0.2201,6.5,2
522,N,F,-0.4239,0.02425,10,2
522,N,G,-0.06662,0.1932,6,2
522,N,H,-0.5213,1.226,4,4
522,N,I,0.828,0.1836,7.5,4
522,N,K,0.5141,0.3479,3,4
522,N,L,0.5983,0.3671,9,2
522,N,M,0.08772,0.1936,9,2
522,N,N,0,0,,4
522,N,P,0.275,0.06442,10,2
522,N,Q,0.08024,0.06174,14,2
522,N,R,0.458,0.09037,12,2
522,N,S,-0.9761,1.136,6,4
522,N,T,-1.081,0.03323,4,2
522,N,V,0.2696,0.1175,10,2
522,N,W,0.1244,0.1787,13,2
522,N,Y,0.2594,0.07,13,2
523,C,*,-7.235,0.5537,4,2
523,C,-,-1.015,1.307,1,2
523,C,A,0.1724,0.1645,8,2
523,C,C,0,0,,4
523,C,D,0.121,0.0805,13,2
523,C,E,-0.2311,0.2443,11,2
523,C,F,0.6558,0.4163,6.5,4
523,C,G,0.2694,0.4792,8,2
523,C,H,0.2984,0.006435,7.5,2
523,C,I,0.1719,0.07856,6,2
523,C,K,-0.1379,0.3348,11,2
523,C,L,-0.07667,0.07782,12,2
523,C,M,-0.3042,0.1973,10,2
523,C,N,-0.7236,0.2069,12.5,2
523,C,P,-0.3947,0.04688,7,2
523,C,Q,0.1159,0.1177,15,2
523,C,R,0.2873,0.7818,4.5,4
523,C,S,-0.2591,0.2803,7.5,4
523,C,T,0.3016,0.1039,8,2
523,C,V,0.2239,0.008061,8,2
523,C,W,-0.05515,0.3326,10,2
523,C,Y,-0.4202,0.4163,14.25,4
524,L,*,-9.762,0.04879,8,2
524,L,-,0.6288,0.04066,2,2
524,L,A,0.3828,0.04426,9,2
524,L,C,-0.3639,0.08344,12.5,2
524,L,D,-0.8198,0.2205,9.5,2
524,L,E,-0.06177,0.1738,8,2
524,L,F,-0.08734,0.09215,8,2
524,L,G,-0.7581,0.5868,8,2
524,L,H,-0.2857,0.9163,5,2
524,L,I,0.2136,0.1181,10,2
524,L,K,-1.422,0.4193,5,2
524,L,L,0,0,,4
524,L,M,0.1381,0.3502,8,4
524,L,N,0.4571,0.04214,8,2
524,L,P,-0.1829,0.09885,24.5,4
524,L,Q,-0.3861,0.2113,9,4
524,L,R,0.2537,0.6239,4.5,4
524,L,S,-0.1978,0.172,9,2
524,L,T,-0.04331,0.1792,16.5,2
524,L,V,0.2102,0.3895,5,4
524,L,W,-0.06949,0.08529,11,2
524,L,Y,-0.4098,0.5518,6,2
525,R,*,-9.595,0.3429,4,2
525,R,-,-0.2238,1.426,1,2
525,R,A,-0.2232,0.1084,11,2
525,R,C,-0.4248,0.1822,14,2
525,R,D,-0.1465,0.07926,19,2
525,R,E,0.1623,0.08775,9,2
525,R,F,-0.1074,0.03803,13,2
525,R,G,-0.3147,0.3734,6.5,4
525,R,H,0.0264,0.567,13,2
525,R,I,0.09515,0.7916,10,4
525,R,K,-0.1835,0.4002,11.5,4
525,R,L,-0.162,0.01322,9,2
525,R,M,0.01295,0.2809,14,2
525,R,N,-0.2392,0.2935,16,2
525,R,P,0.00845,0.8572,9.5,2
525,R,Q,0.6701,0.1295,11,2
525,R,R,0,0,,4
525,R,S,0.475,0.1957,7,2
525,R,T,0.0777,0.4411,9,2
525,R,V,-0.5203,0.04992,5.5,2
525,R,W,-0.5128,0.3066,7,2
525,R,Y,-0.7983,0.1001,7,2
526,L,*,-9.623,0.2079,7,2
526,L,A,0.2822,0.2242,6,2
526,L,C,0.00379,0.05018,9,2
526,L,D,-0.03652,0.1448,12,2
526,L,E,-0.3617,0.2367,9,2
526,L,F,-0.2865,0.03677,8,2
526,L,G,0.2315,0.07552,8,2
526,L,H,0.1497,0.2185,7,2
526,L,I,0.09834,0.2747,11,2
526,L,K,0.346,0.1713,6,2
526,L,L,0,0,,4
526,L,M,0.0933,0.3248,7.5,4
526,L,N,-0.1484,0.06357,7,2
526,L,P,-1.225,2.809,8,4
526,L,Q,-0.0189,0.3975,5,4
526,L,R,0.3911,0.01089,8,2
526,L,S,0.07344,0.02316,10,2
526,L,T,-0.1499,0.006293,18,2
526,L,V,-0.2133,0.0355,7,2
526,L,W,-0.1242,0.257,11,2
526,L,Y,0.2843,0.06053,7,2
527,L,A,-0.0195,0.1583,10,2
527,L,C,-0.3771,0.05424,8,2
527,L,D,-0.1238,0.3569,7,2
527,L,E,-0.1564,0.8462,5,2
527,L,F,0.353,0.09284,11,2
527,L,G,0.3334,0.1307,9,2
527,L,H,0.6137,0.03182,9,2
527,L,I,-0.7258,0.03019,8,2
527,L,K,-0.3144,0.005657,6,2
527,L,L,0,0,,4
527,L,M,-0.07802,0.138,6,4
527,L,N,-0.04385,0.202,5,2
527,L,P,-1.397,0.2906,8,2
527,L,Q,0.1715,0.2553,5.5,4
527,L,R,-0.5148,0.2082,11.5,2
527,L,S,0.08389,0.2164,9,2
527,L,T,0.2301,0.1599,10,2
527,L,V,-0.7851,0.9146,6.5,4
527,L,W,0.01358,0.006696,11,2
527,L,Y,0.4277,0.03394,8.5,2
528,P,*,-9.48,0.03465,4,2
528,P,A,-0.4291,0.5143,3,4
528,P,C,-0.4131,0.1075,9,2
528,P,D,-0.3868,0.6769,5,2
528,P,E,-0.3648,0.3024,5,2
528,P,F,-0.2286,0.07849,5,2
528,P,G,0.7775,0.07849,7,2
528,P,H,0.2565,0.4716,4,4
528,P,I,-1.764,1.429,9,2
528,P,K,-0.177,0.07608,6,2
528,P,L,-1.14,0.6317,10,2
528,P,M,0.05904,0.08268,9,2
528,P,N,-0.8768,0.146,10,2
528,P,P,0,0,,4
528,P,Q,0.2264,0.008273,12,2
528,P,R,0.213,0.5282,6,2
528,P,S,-0.4274,0.6031,20,4
528,P,T,0.5281,0.1179,3.5,4
528,P,V,-0.8614,0.1075,9,2
528,P,W,-0.4192,0.2301,3,2
528,P,Y,-1.994,0.5367,8,2
529,C,*,-8.622,1.548,3,4
529,C,-,0.3635,0.1909,1,2
529,C,A,0.01536,0.06934,10,2
529,C,C,0,0,,4
529,C,D,0.1049,0.1452,5,2
529,C,E,-0.2813,0.3217,10,2
529,C,F,-0.5998,1.182,8.75,4
529,C,G,0.2495,0.6544,4.5,4
529,C,H,-0.4098,0.2648,12,2
529,C,I,0.1268,0.2797,8,2
529,C,K,0.09655,0.6649,2,2
529,C,L,-0.1116,0.8445,4,2
529,C,M,-0.256,0.2992,7,2
529,C,N,0.4863,0.05876,8,2
529,C,P,-0.5286,0.4286,7,2
529,C,Q,-0.4751,0.3693,9,2
529,C,R,0.1985,0.1256,10.5,4
529,C,S,-0.02771,0.1752,11,2
529,C,T,-0.546,0.2064,13,2
529,C,V,-0.5548,0.1452,8,2
529,C,W,0.3492,0.3683,5,2
529,C,Y,0.1147,0.2982,22,4
530,F,A,0.3603,0.1389,9,2
530,F,C,0.4817,0.05904,7,2
530,F,D,-1.34,0.1796,6,2
530,F,E,-1.189,0.3376,3,2
530,F,F,0,0,,4
530,F,G,-0.247,0.6355,4,2
530,F,H,0.3299,0.1022,7,2
530,F,I,0.543,0.319,9.5,4
530,F,K,0.33,0.1668,8,2
530,F,L,-0.792,0.5924,8.5,4
530,F,M,-0.5292,0.237,12,2
530,F,N,0.2705,0.1038,7.5,2
530,F,P,-0.07837,0.1739,11,2
530,F,Q,0.7671,0.07163,4,2
530,F,R,-0.4009,0.1428,8,2
530,F,S,0.866,0.05335,4,4
530,F,T,-0.07301,0.2193,5,2
530,F,V,0.1656,0.0594,14,2
530,F,W,-3.237,5.009,3.5,2
530,F,Y,-0.3922,0.9729,3.5,4
531,C,*,-9.093,0.8073,16.5,4
531,C,A,0.4102,0.1002,7,2
531,C,C,0,0,,4
531,C,D,0.5046,0.09079,11,2
531,C,E,-0.5039,0.6334,4,2
531,C,F,-0.3775,0.1937,6.5,4
531,C,G,-0.1228,0.2076,9,2
531,C,H,-0.4848,0.1708,12,2
531,C,I,0.125,0.246,14,2
531,C,K,-0.1487,0.2041,7,2
531,C,L,-0.4819,0.2043,6,2
531,C,M,-0.7961,0.6744,5,2
531,C,N,0.00465,0.6319,6,2
531,C,P,0.4919,0.2029,11,2
531,C,Q,0.3787,0.6684,5,2
531,C,R,-0.1027,0.2293,15.5,4
531,C,S,0.05542,0.269,6.5,4
531,C,T,0.4606,0.007495,11,2
531,C,V,-0.0975,0.5289,12,2
531,C,W,-0.914,0.123,5,2
531,C,Y,-0.114,0.3353,52.25,4
532,K,A,-0.424,0.324,14,2
532,K,C,-1.757,0.04243,4,2
532,K,D,0.08765,0.4815,8,2
532,K,E,0.3642,0.4455,8.5,4
532,K,F,-0.2762,0.09963,10,2
532,K,G,-0.9776,0.8803,9.5,2
532,K,H,0.01317,0.05696,14,2
532,K,I,-1.195,0.003536,10,2
532,K,K,0,0,,4
532,K,L,-0.1961,0.01047,14,2
532,K,M,-0.1458,0.4093,4.5,2
532,K,N,-0.09241,0.08526,17,2
532,K,P,-0.1159,0.2438,15,2
532,K,Q,-0.3165,0.1232,15,2
532,K,R,-0.1222,0.04501,7,2
532,K,S,0.3532,0.014,12,2
532,K,T,-0.3538,0.101,13,2
532,K,V,-1.406,0.3069,12,2
532,K,W,-0.858,0.1868,10,2
532,K,Y,-0.5432,0.9615,5,2
533,T,-,-2.002,3.334,1,2
533,T,A,0.06962,0.3986,3.5,4
533,T,C,0.1476,0.009405,5.5,2
533,T,D,-0.2019,0.1724,8,2
533,T,E,0.1058,0.4777,3,2
533,T,F,0.1545,0.02051,7,2
533,T,G,-0.01059,0.05154,9,2
533,T,H,0.04938,0.1482,6.5,2
533,T,I,-0.1975,0.395,14.5,4
533,T,K,-0.5529,0.3274,9,2
533,T,L,0.02346,0.09897,5,2
533,T,M,-0.4621,0.2529,5,2
533,T,N,0.03127,0.3229,5,4
533,T,P,0.0297,0.08181,21,2
533,T,Q,-1.089,2.419,1.5,2
533,T,R,0.01225,0.2444,4.5,2
533,T,S,-0.3599,0.2176,6,2
533,T,T,0,0,,4
533,T,V,0.0306,0.3523,10,2
533,T,W,0.3639,0.1065,10,2
533,T,Y,-0.3556,0.7293,7,2
534,L,-,-3.727,4.508,2,2
534,L,A,-0.5299,1.847,7,2
534,L,C,0.292,0.1167,11,2
534,L,D,-3.436,0.4745,8.5,2
534,L,E,-0.7555,0.2614,12,2
534,L,F,-0.3319,0.577,10,2
534,L,G,0.3137,0.0502,7,2
534,L,H,-0.3208,0.2242,8,2
534,L,I,0.07395,0.3538,9,2
534,L,K,0.3554,0.1073,11,2
534,L,L,0,0,,4
534,L,M,-0.097,0.1484,9,4
534,L,N,-1.06,0.335,11,2
534,L,P,-0.6318,1.16,13.5,4
534,L,Q,-0.1684,0.8184,3,4
534,L,R,-0.3692,0.1073,14.5,2
534,L,S,-0.7687,0.1994,6,2
534,L,T,-0.08658,0.1051,6,2
534,L,V,-0.43,0.06286,15,2
534,L,W,-0.1185,0.03498,15,2
534,L,Y,-0.2913,0.05699,9,2
535,T,-,0.0749,0.9881,1,2
535,T,A,0.3033,0.1985,4.5,4
535,T,C,0.6377,0.02447,8,2
535,T,D,-0.9695,0.1167,9.5,2
535,T,E,-0.29,0.008839,7,2
535,T,F,0.00611,0.06435,6,2
535,T,G,-0.0882,0.02305,7,2
535,T,H,-0.2468,0.1701,12,2
535,T,I,-0.1494,0.8407,9.75,4
535,T,K,-0.1547,0.2225,7,2
535,T,L,0.1391,0.01626,9.5,2
535,T,M,0.2916,0.3619,9,2
535,T,N,-0.6336,1.137,3,4
535,T,P,-0.5391,0.02899,14,2
535,T,Q,-1.58,0.4568,7,2
535,T,R,-0.4759,0.8246,10,2
535,T,S,-0.07005,0.2815,9,2
535,T,T,0,0,,4
535,T,V,0.0059,0.1541,6,2
535,T,W,0.1271,0.0256,10,2
535,T,Y,-0.7987,0.1962,6,2
536,F,-,-0.8666,0.1206,1,2
536,F,A,-1.933,0.3967,8,2
536,F,C,0.2588,0.3015,9,2
536,F,D,-8.92,0.2602,7,2
536,F,E,-4.223,0.9892,6,2
536,F,F,0,0,,4
536,F,G,0.5427,0.3635,6,2
536,F,H,-0.708,0.2487,5,2
536,F,I,0.6868,0.2941,7,4
536,F,K,-2.808,1.396,7,2
536,F,L,0.08505,1.139,11.5,4
536,F,M,-0.4561,0.2608,4,2
536,F,N,-1.545,0.2729,7,2
536,F,P,-0.2732,0.3085,9,2
536,F,Q,-0.3828,0.3068,10,2
536,F,R,-2.553,0.05586,10,2
536,F,S,-0.2385,0.802,8.5,4
536,F,T,-0.747,0.3323,4,2
536,F,V,0.5217,0.4601,8.5,4
536,F,W,-0.6937,0.5138,6,2
536,F,Y,0.1916,0.3555,4,4
537,L,-,-1.534,3.409,1,2
537,L,A,0.1417,0.1446,11,2
537,L,C,-0.8518,1.164,5,2
537,L,D,-9.705,0.0594,7,2
537,L,E,-8.993,0.08202,8,2
537,L,F,0.2636,0.1392,10,2
537,L,G,-0.1518,0.2147,9,2
537,L,H,-2.608,0.8118,8,2
537,L,I,0.4758,0.0449,8,2
537,L,K,-9.12,0.01061,9,2
537,L,L,0,0,,4
537,L,M,-0.5464,0.2576,5,4
537,L,N,-3.785,0.758,13,2
537,L,P,-6.192,1.01,7.5,4
537,L,Q,-1.977,0.7683,3.5,4
537,L,R,-7.867,4.723,5.5,4
537,L,S,-0.7231,0.5373,10,2
537,L,T,-0.2435,0.1539,10,2
537,L,V,-0.9558,0.327,4,2
537,L,W,-0.1542,0.02602,10,2
537,L,Y,-0.3868,0.2326,7,2
538,A,-,0.4581,0.3676,1,2
538,A,A,0,0,,4
538,A,C,0.1297,0.2318,5,2
538,A,D,-7.819,1.917,7,4
538,A,E,-0.5104,0.1621,13,2
538,A,F,-0.1634,0.07227,6,2
538,A,G,-0.795,0.3704,4,4
538,A,H,-0.0948,0.1875,17,2
538,A,I,0.3011,0.6615,9,2
538,A,K,-9.053,0.08061,7,2
538,A,L,0.3732,0.002828,10,2
538,A,M,-0.1386,0.04632,9,2
538,A,N,-0.6942,0.07707,12,2
538,A,P,-4.973,2.361,4,4
538,A,Q,-1.165,0.08273,10,2
538,A,R,-8.702,0.3663,11,2
538,A,S,-0.1625,0.2338,17,2
538,A,T,0.1305,0.1091,18,4
538,A,V,0.1185,0.1473,38.5,4
538,A,W,0.4057,0.1216,11,2
538,A,Y,0.3073,0.05042,8.5,2
539,V,-,-0.4834,1.245,1.5,4
539,V,A,-0.00338,0.1411,16,4
539,V,C,0.5901,0.1791,8,2
539,V,D,-9.437,0.1789,11,2
539,V,E,-7.139,2.099,12,2
539,V,F,-0.2168,0.242,7,2
539,V,G,-1.134,0.07778,8,2
539,V,H,-2.159,0.5112,9,2
539,V,I,-0.3065,0.0862,5,2
539,V,K,-9.514,0.1322,11,2
539,V,L,-0.3234,0.4255,23,4
539,V,M,0.08943,0.1299,26,4
539,V,N,-4.797,0.5827,11,2
539,V,P,-5.335,0.7064,12,2
539,V,Q,-1.943,0.01131,12,2
539,V,R,-9.836,0.02546,10,2
539,V,S,-1.847,0.9263,3,2
539,V,T,-0.6701,0.06647,10.5,2
539,V,V,0,0,,4
539,V,W,-1.054,0.2077,10,2
539,V,Y,-1.013,0.1401,7,2
540,M,-,0.2055,0.7721,2,4
540,M,A,-1.653,0.2616,2,2
540,M,C,-0.008195,0.1308,16,2
540,M,D,-9.878,0.1471,9,2
540,M,E,-9.03,0.4108,10,2
540,M,F,0.307,0.7403,9,2
540,M,G,0.3447,0.1246,6,2
540,M,H,-1.923,0.3811,8,2
540,M,I,0.07033,0.2063,10.75,4
540,M,K,-9.449,0.08229,9.5,4
540,M,L,0.1261,0.0326,8,2
540,M,M,0,0,,4
540,M,N,-3.94,0.828,9,2
540,M,P,-4.61,0.5989,10,2
540,M,Q,-1.672,0.4624,5,2
540,M,R,-7.938,3.447,6.5,4
540,M,S,-0.7776,0.2162,11,2
540,M,T,-1.282,0.3507,8,2
540,M,V,0.1321,0.2074,16,4
540,M,W,-0.1791,0.1509,9,2
540,M,Y,0.439,0.2411,6,2
541,S,-,0.717,0.1575,1,2
541,S,A,-0.04839,0.2007,11,2
541,S,C,-0.09018,0.02633,8,2
541,S,D,-0.601,0.2221,5,2
541,S,E,0.6979,0.1524,5,2
541,S,F,0.2276,0.4955,8,4
541,S,G,-1.327,0.6747,4,2
541,S,H,0.3659,0.2508,3,2
541,S,I,0.2964,0.1603,7,2
541,S,K,-1.268,0.05728,3,2
541,S,L,0.4213,0.02249,7,2
541,S,M,0.02575,0.2082,12,2
541,S,N,-0.2385,0.3201,9,2
541,S,P,-0.8186,0.2975,5,4
541,S,Q,0.6087,0.1803,9,2
541,S,R,-0.7652,0.3149,12,2
541,S,S,0,0,,4
541,S,T,0.1755,0.03578,13,2
541,S,V,0.4246,0.203,11,2
541,S,W,-0.01615,0.203,6,2
541,S,Y,-0.3866,0.3514,9.5,4
542,V,A,-1.478,0.5239,12,4
542,V,C,-0.1124,0.1566,7,2
542,V,D,-0.1694,0.3576,6,2
542,V,E,-0.8041,0.7055,5,2
542,V,F,0.6113,0.07608,10,2
542,V,G,-0.1407,0.1774,13,2
542,V,H,-1.155,0.3543,7,2
542,V,I,0.1054,0.447,9.5,2
542,V,K,-1.768,1.078,4,2
542,V,L,0.2261,0.7034,9.25,4
542,V,M,-0.2959,0.7039,10.5,4
542,V,N,0.3082,0.01768,5,2
542,V,P,-0.4744,0.1745,11,2
542,V,Q,-0.408,0.07029,7,2
542,V,R,-0.3843,0.02623,12,2
542,V,S,-0.3988,0.4965,9,2
542,V,T,-0.9564,0.2031,5,2
542,V,V,0,0,,4
542,V,W,0.633,0.0775,6,2
542,V,Y,0.2181,0.1178,10,2
543,G,*,-9.575,4.14,3,4
543,G,A,0.5283,0.1623,10,2
543,G,C,0.1827,0.1075,6,2
543,G,D,-0.7495,0.2359,6,2
543,G,E,-0.3049,0.4383,14,4
543,G,F,0.3508,0.3217,15,2
543,G,G,0,0,,4
543,G,H,0.05339,0.009751,5,2
543,G,I,-0.08134,0.1261,8,2
543,G,K,-0.1138,0.3301,7,2
543,G,L,-0.03613,0.1188,23,2
543,G,M,0.1658,0.008061,9,2
543,G,N,-0.6475,0.04207,7,2
543,G,P,0.5067,0.03953,12,2
543,G,Q,-0.4818,0.2097,20,2
543,G,R,-0.7311,0.8567,24.75,4
543,G,S,0.08563,0.1558,5,2
543,G,T,0.0227,0.1971,7.5,2
543,G,V,-0.1585,3.922,3,4
543,G,W,-0.6087,0.1813,9,2
543,G,Y,-0.6265,0.27,13,2
544,A,A,0,0,,4
544,A,C,-0.00382,0.08781,16,2
544,A,D,-0.2362,0.4632,6.75,4
544,A,E,-0.1322,0.09953,8,2
544,A,F,-0.0612,0.3872,11,2
544,A,G,0.4444,0.1338,6,2
544,A,H,0.1756,0.1272,9,2
544,A,I,-0.4022,0.1864,7,2
544,A,K,-0.6573,0.2303,4,2
544,A,L,-0.01127,0.1211,7,2
544,A,M,-0.3553,0.07403,9,2
544,A,N,-0.3558,0.293,14,2
544,A,P,0.1141,0.07261,7,2
544,A,Q,-0.2724,0.1022,5,2
544,A,R,-0.3139,0.6501,5,2
544,A,S,0.4875,0.3992,5.5,4
544,A,T,-0.6024,0.8257,15.5,4
544,A,V,-0.3599,0.8904,13,4
544,A,W,-1.063,0.651,6.5,2
544,A,Y,-0.2518,0.226,7,2
545,H,A,-0.1024,0.17,17,2
545,H,C,-0.2172,0.2058,9,2
545,H,D,0.4521,0.06463,6,2
545,H,E,-0.9582,0.1199,8,2
545,H,F,0.2807,0.2586,6,2
545,H,G,-0.09158,0.05688,8,2
545,H,H,0,0,,4
545,H,I,0.3291,0.06696,8,2
545,H,K,-1.262,0.3076,4,2
545,H,L,-0.05735,0.1787,6,2
545,H,M,-0.4892,0.03147,5,2
545,H,N,-0.5292,0.33,4,4
545,H,P,-0.2359,0.3409,8,2
545,H,Q,0.3302,0.1568,11,2
545,H,R,-1.183,0.1633,8.5,2
545,H,S,0.1606,0.1001,6.5,2
545,H,T,0.4866,0.1658,6.5,2
545,H,V,0.1788,0.3006,10,2
545,H,W,-0.2052,0.05523,16,2
545,H,Y,-0.2357,0.268,9,2
546,T,-,-0.695,1.254,1,2
546,T,A,-1.087,2.196,6.5,4
546,T,C,-0.3453,0.3225,11.5,2
546,T,D,-0.03555,0.2358,10,2
546,T,E,-0.3646,0.1021,6,2
546,T,F,0.4297,0.02623,4,2
546,T,G,-0.5595,1.053,3,2
546,T,H,0.3319,0.07778,7,2
546,T,I,-0.1039,0.139,15.5,4
546,T,K,-0.4518,0.05084,11,2
546,T,L,0.3741,0.2645,5,2
546,T,M,0.02395,0.009284,7,2
546,T,N,0.5482,0.3815,5.5,4
546,T,P,-0.07099,0.03002,8,2
546,T,Q,-0.05025,0.4304,11,2
546,T,R,-0.1547,0.009122,3,2
546,T,S,-0.1215,0.4045,4.5,4
546,T,T,0,0,,4
546,T,V,-0.02363,0.01211,5,2
546,T,W,-0.4337,0.625,5,2
546,T,Y,-0.05693,0.1148,13,2
547,V,-,-1.512,1.243,1,2
547,V,A,0.3417,0.5846,7.5,4
547,V,C,-0.2051,0.07113,8,2
547,V,D,-6.629,3.896,8,2
547,V,E,-4.597,0.4476,12,2
547,V,F,-7.982,2.173,17,2
547,V,G,0.3849,0.08803,13,2
547,V,H,-2.583,0.2383,9,2
547,V,I,-0.2504,0.07905,8,2
547,V,K,-3.921,0.7905,5,2
547,V,L,-1.667,1.816,8.5,4
547,V,M,-1.292,0.5054,14.5,4
547,V,N,-0.9405,0.02298,6,2
547,V,P,0.04945,0.2693,10,2
547,V,Q,-4.277,0.3811,9,2
547,V,R,-4.218,0.3719,10,2
547,V,S,-0.3174,0.103,16,2
547,V,T,-0.8293,0.4676,3,2
547,V,V,0,0,,4
547,V,W,-5.17,6.306,7,2
547,V,Y,-4.686,0.2793,12,2
548,S,*,-5.909,3.487,1,2
548,S,-,-1.817,0.1336,1,2
548,S,A,-1.732,2.176,3,2
548,S,C,-0.633,0.6831,8,2
548,S,D,0.3914,0.04448,5,2
548,S,E,-0.2747,0.3052,10,2
548,S,F,-0.07681,0.3131,9.5,4
548,S,G,-0.5145,0.4173,4,2
548,S,H,-0.6513,0.07863,10,2
548,S,I,-0.259,0.05749,5,2
548,S,K,-0.3821,0.08521,6,2
548,S,L,0.4705,0.02765,1,2
548,S,M,-0.05465,0.3836,6,2
548,S,N,0.7279,0.01414,5,2
548,S,P,-1.806,0.6752,7,4
548,S,Q,-0.256,0.01068,5,2
548,S,R,-0.1215,0.2622,11,2
548,S,S,0,0,,4
548,S,T,-0.5828,0.4131,8,2
548,S,V,0.02401,0.1572,7,2
548,S,W,0.2093,0.07389,11,2
548,S,Y,-1.087,1.145,5,4
549,A,-,-2.345,4.255,1,2
549,A,A,0,0,,4
549,A,C,-0.1125,0.02549,8,2
549,A,D,-6.118,1.154,4.5,4
549,A,E,-9.64,0.1838,4,2
549,A,F,-9.218,0.5565,6,2
549,A,G,-0.8206,1.045,3.5,4
549,A,H,-3.915,0.8506,1,2
549,A,I,-9.518,0.2298,7,2
549,A,K,-9.065,0.8768,3,2
549,A,L,-8.491,1.159,8,2
549,A,M,-1.52,0.1025,7,2
549,A,N,-5.134,0.3847,8,2
549,A,P,0.6868,0.1134,1,2
549,A,Q,-9.051,1.188,4,2
549,A,R,-8.696,1.076,8,2
549,A,S,-0.3116,1.044,7.5,4
549,A,T,-0.6157,0.2659,23.75,4
549,A,V,-5.893,0.2738,42,4
549,A,W,-9.653,0.04313,4,2
549,A,Y,-9.691,0.4504,6,2
550,Y,*,-9.2,0.3537,5,4
550,Y,A,-0.3199,0.2826,8,2
550,Y,C,-5.772,2.051,6.5,4
550,Y,D,-0.988,0.7806,5,2
550,Y,F,-1.277,1.133,3,2
550,Y,G,-1.304,0.09334,5,2
550,Y,H,-1.109,1.122,4.5,4
550,Y,I,-0.2521,0.07552,7,2
550,Y,K,-3.455,3.231,8,2
550,Y,L,0.1199,0.05668,5,2
550,Y,M,-1.71,0.2878,6,2
550,Y,N,-2.838,1.645,5.5,4
550,Y,P,-8.727,0.7983,10,2
550,Y,Q,-2.849,0.2128,11,2
550,Y,R,-1.081,0.1439,10,2
550,Y,S,-0.9039,1.191,3,4
550,Y,T,-0.8302,0.7521,11,2
550,Y,V,-0.5387,0.288,8,2
550,Y,W,0.01627,0.09929,1,2
550,Y,Y,0,0,,4
551,E,*,-6.216,2.779,5.5,4
551,E,-,-0.07335,0.8766,2,2
551,E,A,-3.003,0.432,5.5,2
551,E,C,-8.779,0.5006,5,2
551,E,D,0.3172,0.2514,10,4
551,E,E,0,0,,4
551,E,F,-9.75,0.4391,7,2
551,E,G,-4.155,1.253,8,4
551,E,H,-8.355,0.2517,5,2
551,E,I,-8.906,0.3642,15,2
551,E,K,-9.064,0.8508,8.25,4
551,E,L,-6.333,1.126,4,2
551,E,M,-8.915,1.017,11,2
551,E,N,-6.765,3.108,9,2
551,E,P,-6.369,1.491,7,2
551,E,Q,-7.325,1.746,8,2
551,E,R,-4.966,6.042,3,2
551,E,S,-5.162,1.727,14,2
551,E,T,-7.263,2.765,8.5,2
551,E,V,-8.985,0.9256,10,2
551,E,W,-9.774,0.1259,6,2
551,E,Y,-4.604,0.3988,11,2
552,H,-,-0.3871,0.5413,2,2
552,H,A,-6.49,0.4632,2.5,2
552,H,C,-8.964,0.4681,5.5,2
552,H,D,-9.555,0.4016,5.5,2
552,H,E,-1.56,3.008,2,2
552,H,F,-5.764,0.3981,5,2
552,H,G,-7.823,0.705,4,2
552,H,H,0,0,,4
552,H,I,-9.596,0.2737,6,2
552,H,K,-3.586,0.2772,8,2
552,H,L,-6.957,0.6343,5,2
552,H,M,-3.993,0.7304,3,2
552,H,N,-8.363,1.816,9.5,4
552,H,P,-9.499,0.2835,6,2
552,H,Q,-3.402,1.212,6,4
552,H,R,-3.792,0.9369,7.5,2
552,H,S,-5.35,0.03677,7,2
552,H,T,-8.517,0.3762,8,2
552,H,V,-8.304,1.339,6,2
552,H,W,-1.718,0.1464,8,2
552,H,Y,-3.565,0.497,8,4
553,V,-,0.1883,0.6409,2,2
553,V,A,0.5123,0.5749,4.5,4
553,V,C,-7.03,2.078,10,2
553,V,D,-0.1411,0.2504,2,2
553,V,E,-0.1776,0.008061,23,2
553,V,F,0.177,0.5065,9,2
553,V,G,0.6727,0.3585,5,2
553,V,H,-4.673,0.8174,9,2
553,V,I,-2.283,2.943,4,2
553,V,K,-9.578,0.3606,11,2
553,V,L,-0.2649,0.3738,12,2
553,V,M,0.3246,0.1607,9.5,4
553,V,N,0.4984,0.049,8,2
553,V,P,-0.5634,0.1626,4,2
553,V,Q,0.477,0.1264,4,2
553,V,R,-9.133,0.652,5,2
553,V,S,-0.06072,0.07182,7,2
553,V,T,-0.6126,0.2519,2,2
553,V,V,0,0,,4
553,V,W,0.1694,0.8106,5,2
553,V,Y,-0.01381,0.05315,5,2
554,T,-,-1.268,2.272,2,2
554,T,A,-0.4493,1.013,6.5,4
554,T,C,0.05718,0.03934,7,2
554,T,D,-1.2,0.3539,7.5,2
554,T,E,-2.143,0.111,3,2
554,T,F,-0.826,0.05431,4,2
554,T,G,0.5603,0.0116,3,2
554,T,H,-1.399,0.4115,9,2
554,T,I,-1.861,0.51,7.5,4
554,T,K,-3.87,1.229,7,4
554,T,L,-1.043,0.4352,9,2
554,T,M,-0.419,0.833,7,2
554,T,N,-1.795,0.09758,9,2
554,T,P,-4.748,0.2036,19,2
554,T,Q,-0.3915,0.06343,4,2
554,T,R,-3.934,0.09334,9,2
554,T,S,-1.649,0.02758,6,2
554,T,T,0,0,,4
554,T,V,-1.166,0.5066,4,2
554,T,W,-4.229,0.05162,8,2
554,T,Y,-2.824,0.268,9,2
555,V,-,-1.479,2.059,2,2
555,V,A,-0.01265,0.482,6.5,4
555,V,C,-7.421,0.466,9,2
555,V,D,-0.4361,1.274,2,2
555,V,E,-1.206,0.2993,8,4
555,V,F,-0.2283,0.1639,11.5,2
555,V,G,-1.531,1.211,6,2
555,V,H,0.4155,0.1065,7,2
555,V,I,0.1107,0.1243,12,2
555,V,K,-7.585,2.797,6,2
555,V,L,0.07176,0.5717,8,4
555,V,M,-0.7581,0.7779,18,4
555,V,N,-0.1966,0.0437,9,2
555,V,P,-1.673,0.1534,10,2
555,V,Q,-1.898,0.6435,5,2
555,V,R,-8.869,0.4434,7,2
555,V,S,-0.2185,0.658,3,2
555,V,T,-0.148,0.08399,12,2
555,V,V,0,0,,4
555,V,W,-1.329,0.0495,4,2
555,V,Y,0.7582,0.06208,5,2
556,I,-,-2.878,4.447,2,2
556,I,A,-2.013,0.7594,3,2
556,I,C,-1.688,0.2015,7,2
556,I,D,-7.224,2.095,7,2
556,I,E,-7.686,2.389,6.5,2
556,I,F,-0.6048,0.1343,9,2
556,I,G,-6.136,0.6725,5,2
556,I,H,-2.367,0.1061,8,2
556,I,I,0,0,,4
556,I,K,-9.68,0.1131,6,2
556,I,L,-0.4979,0.03458,7,2
556,I,M,-0.2314,0.1182,5,2
556,I,N,-7.076,3.27,5,2
556,I,P,-9.75,0.01909,9,2
556,I,Q,-3.418,0.08627,4,2
556,I,R,-8.873,0.0502,12,2
556,I,S,-9.415,0.3125,6,2
556,I,T,-3.431,2.348,4.5,4
556,I,V,-0.7954,0.2935,9.5,2
556,I,W,-5.777,0.8351,8,2
556,I,Y,-4.644,1.577,6,2
557,P,-,-0.9698,0.2252,2,2
557,P,A,-1.248,0.1563,6,2
557,P,C,-9.783,0.321,6.5,2
557,P,D,-3.011,0.1054,10,2
557,P,E,-3.708,0.4879,5.5,2
557,P,F,-9.498,0.01202,6,2
557,P,G,-2.245,0.9214,3,2
557,P,H,-8.758,1.381,10,4
557,P,I,-9.066,0.3274,10,2
557,P,K,-1.908,0.461,6,2
557,P,L,-6.268,5.069,6,4
557,P,M,-9.88,0.1478,8,2
557,P,N,-9.413,0.1534,4,2
557,P,P,0,0,,4
557,P,Q,-0.06195,0.3755,10,2
557,P,R,-7.465,0.9403,7,4
557,P,S,-0.6834,0.7711,4.5,4
557,P,T,-0.1024,0.5787,6,4
557,P,V,-9.271,0.3033,4,2
557,P,W,-9.404,0.04384,6,2
557,P,Y,-8.45,0.5671,10,2
558,N,-,-0.7073,0.4078,2,2
558,N,A,-0.3479,0.1273,9,2
558,N,C,-0.2258,0.5856,10,2
558,N,D,-3.986,2.468,5.5,4
558,N,E,-8.276,1.539,4,2
558,N,F,-4.678,0.4179,9,2
558,N,G,-0.3314,0.8667,5,2
558,N,H,-1.963,0.3924,3,2
558,N,I,-0.5072,0.1165,10,2
558,N,K,-1.811,1.636,4,4
558,N,L,-0.5177,0.06187,7.5,2
558,N,M,-0.9829,0.3707,9,2
558,N,N,0,0,,4
558,N,P,-2.64,0.3069,10,2
558,N,Q,-5.244,0.7057,2,2
558,N,R,-1.238,0.07425,5,2
558,N,S,-1.45,1.04,6,2
558,N,T,0.2286,0.2317,10,2
558,N,V,-0.123,0.01245,7,2
558,N,W,-9.13,0.5317,8,2
558,N,Y,-8.767,0.4596,9,2
559,T,-,-1.075,1.136,1.5,4
559,T,A,-1.362,1.412,6,2
559,T,C,-0.3116,0.05933,9,2
559,T,D,-2.802,0.5501,6,2
559,T,E,-0.9405,0.06124,5,2
559,T,F,0.4441,0.1177,5,2
559,T,G,-0.3039,0.3027,6,2
559,T,H,-0.0995,1.208,4,2
559,T,I,0.4877,0.3205,6.5,4
559,T,K,-1.002,0.2391,6,2
559,T,L,0.3613,0.279,6,2
559,T,M,-0.3222,0.3118,8,2
559,T,N,0.3424,0.3688,2.5,4
559,T,P,-6.474,3.254,7,2
559,T,Q,-0.704,0.06456,6,2
559,T,R,-0.06623,0.04233,10,2
559,T,S,0.1975,0.3109,7,2
559,T,T,0,0,,4
559,T,V,-0.3348,0.2495,6,2
559,T,W,0.684,0.03642,6,2
559,T,Y,0.6481,0.1117,10,2
560,V,-,0.2811,0.3077,2,4
560,V,A,0.5074,0.4609,10.25,4
560,V,C,0.5953,0.03889,9,2
560,V,D,-9.463,0.2496,6,2
560,V,E,-3.006,1.579,3.5,4
560,V,F,-0.6468,0.1795,5,2
560,V,G,-1.752,0.7389,7,2
560,V,H,-0.3429,1.376,5,2
560,V,I,-0.4858,0.8248,3,2
560,V,K,0.2242,0.8275,7,2
560,V,L,-2.346,2.92,8,4
560,V,M,-1.461,0.7872,17,4
560,V,N,-0.3086,0.1933,8,2
560,V,P,-0.0139,0.2605,5,2
560,V,Q,-0.5844,0.6259,6,2
560,V,R,-2.228,1.084,5,2
560,V,S,-1.433,0.215,10,2
560,V,T,-7.87,2.433,3,2
560,V,V,0,0,,4
560,V,W,-3.671,1.52,7,2
560,V,Y,-2.457,0.3818,10,2
561,G,*,-7.957,2.869,4,4
561,G,-,0.1131,0.4191,2,4
561,G,A,-0.1832,0.01704,11,2
561,G,C,-1.83,0.3281,9,2
561,G,D,-0.967,0.006293,4,2
561,G,E,-0.6563,0.4201,13.5,4
561,G,F,-1.577,0.08768,9.5,2
561,G,G,0,0,,4
561,G,H,-0.2292,0.5317,9,2
561,G,I,-8.277,1.042,7,2
561,G,K,0.06779,0.02899,9,2
561,G,L,-1.581,0.5247,7,2
561,G,M,0.2515,0.3343,7,2
561,G,N,-1.771,1.518,1,2
561,G,P,-8.644,1.896,8,2
561,G,Q,-0.8174,0.2272,7,2
561,G,R,-0.7103,0.7394,21,4
561,G,S,-1.664,0.8294,3,2
561,G,T,-2.527,1.964,3,2
561,G,V,-7.322,4.236,9.5,4
561,G,W,-1.62,0.2729,11,2
561,G,Y,-0.2168,0.3238,9,2
562,V,-,-1.108,2.761,1,4
562,V,A,-0.8335,0.9114,5,4
562,V,C,-1.147,0.02899,8,2
562,V,D,-9.288,0.08415,8,2
562,V,E,-7.868,1.385,8,4
562,V,F,-2.399,0.1103,14,2
562,V,G,-4.164,2.533,3,4
562,V,H,-1.909,0.4745,8,2
562,V,I,0.2211,0.3652,9,2
562,V,K,-2.865,0.1294,7,2
562,V,L,-0.1701,0.6471,6.5,4
562,V,M,-0.4134,0.4748,13.5,4
562,V,N,-2.489,0.09829,6,2
562,V,P,-1.145,0.3376,12,2
562,V,Q,-1.722,0.05445,5,2
562,V,R,-0.8763,1.234,6,2
562,V,S,-1.381,0.3352,6.5,2
562,V,T,-2.046,0.1138,5,2
562,V,V,0,0,,4
562,V,W,-1.509,0.04738,7,2
562,V,Y,-3.372,1.585,2,2
563,P,-,-0.1672,0.3455,1,2
563,P,A,-0.485,0.4906,5,2
563,P,C,0.4974,0.1603,8,2
563,P,D,-0.3907,0.1954,6,2
563,P,E,-1.097,0.2107,3,2
563,P,F,-1.744,0.309,3,2
563,P,G,-1.222,0.5622,3,2
563,P,H,0.1636,0.4875,10,4
563,P,I,-0.5135,1.217,2,2
563,P,K,0.2537,0.8341,6.5,2
563,P,L,-1.016,0.6061,9.5,4
563,P,M,-0.09391,0.1758,7,2
563,P,N,-0.7113,0.2201,2,2
563,P,P,0,0,,4
563,P,Q,0.1478,0.1585,2,2
563,P,R,-0.02285,0.2508,9,2
563,P,S,0.1041,0.2057,17.75,4
563,P,T,-1.084,1.363,7,4
563,P,V,-0.411,0.04158,7,2
563,P,W,-0.3236,0.03118,8,2
563,P,Y,-0.2516,0.4092,3,2
564,Y,*,-9.611,0.25,3,4
564,Y,-,-3.11,3.823,2,2
564,Y,A,-0.2232,0.3047,7,2
564,Y,C,-0.04259,0.6388,5.5,4
564,Y,D,-5.584,1.085,8,2
564,Y,E,-2.575,2.231,7,2
564,Y,F,0.5127,0.03168,13,2
564,Y,G,-1.742,0.2567,5,2
564,Y,H,-0.8995,1.103,8.5,4
564,Y,I,-0.8113,0.02949,10,2
564,Y,K,-0.2814,0.3584,10,2
564,Y,L,-0.4135,0.2047,8,2
564,Y,M,-0.693,0.3241,10,2
564,Y,N,-5.12,1.085,5.5,4
564,Y,P,-9.764,0.08344,6,2
564,Y,Q,-2.366,0.4412,3,2
564,Y,R,0.3,0.1459,5,2
564,Y,S,0.1675,0.2895,7,2
564,Y,T,-0.1359,0.3215,9,2
564,Y,V,-0.5515,0.1846,10,2
564,Y,W,-2.283,1.03,3,2
564,Y,Y,0,0,,4
565,K,*,-0.4438,0.7237,1,2
565,K,-,0.2669,0.517,3.5,4
565,K,A,-5.716,0.03889,21,2
565,K,C,-8.192,1.831,8,2
565,K,D,-9.413,0.1351,5,2
565,K,E,-9.569,0.2852,6.5,4
565,K,F,-5.065,1.061,3,2
565,K,G,-9.473,0.2432,4,2
565,K,H,0.0787,0.6691,7,2
565,K,I,-9.044,0.3635,9,2
565,K,K,0,0,,4
565,K,L,-6.46,0.2659,10,2
565,K,M,-3.362,0.6487,8,4
565,K,N,-2.594,1.535,7,4
565,K,P,-4.57,1.209,10,2
565,K,Q,-4.836,0.6562,5,2
565,K,R,-3.439,1.047,9.5,4
565,K,S,-4.135,0.3267,6,2
565,K,T,-3.7,2.169,6.5,4
565,K,V,-9.476,0.7693,5,2
565,K,W,-3.679,0.869,7,2
565,K,Y,-2.359,0.3111,8,2
566,T,-,-0.1959,1.592,3.5,4
566,T,A,-0.293,0.9363,5,4
566,T,C,-1.284,0.3387,11,2
566,T,D,-2.272,0.7375,7,2
566,T,E,-3.018,0.6491,8,2
566,T,F,-3.912,0.05869,5,2
566,T,G,-0.8517,0.1322,8,2
566,T,H,-4.099,0.3776,7,2
566,T,I,-0.188,0.3113,8.5,4
566,T,K,-3.265,0.03677,7,2
566,T,L,-1.147,0.6747,4,2
566,T,M,-4.924,2.188,7,2
566,T,N,-1.177,1.223,5.5,4
566,T,P,-8.901,1.317,14,2
566,T,Q,-2.458,0.1138,8.5,2
566,T,R,-0.2636,0.0688,8,2
566,T,S,-0.3715,3.316,6.5,4
566,T,T,0,0,,4
566,T,V,0.2768,0.09397,5,2
566,T,W,-8.459,1.634,8,2
566,T,Y,-5.381,2.796,9,2
567,L,-,0.5956,0.8306,4,4
567,L,A,0.3246,0.03062,10,2
567,L,C,-0.1084,0.3193,5,2
567,L,D,-4.687,0.8132,7,2
567,L,E,-4.107,0.2411,8,2
567,L,F,-0.1636,0.2725,10,2
567,L,G,-2.067,0.157,7,2
567,L,H,-0.8148,0.09504,6,2
567,L,I,-2.966,1.252,5,2
567,L,K,-2.369,0.08485,10,2
567,L,L,0,0,,4
567,L,M,0.00974,0.2789,9.5,4
567,L,N,-2.477,0.1626,8,2
567,L,P,-9.416,0.8282,14.5,4
567,L,Q,-1.57,1.362,6.5,4
567,L,R,-2.524,1.707,3,4
567,L,S,-1.363,0.5098,8,2
567,L,T,-2.708,0.251,10.5,2
567,L,V,0.00235,0.4673,3,2
567,L,W,0.5082,0.04172,1,2
567,L,Y,-0.3271,0.1281,13,2
568,V,-,-3.079,1.007,4.5,4
568,V,A,-0.1527,0.4371,3.5,4
568,V,C,-0.04792,0.05617,8,2
568,V,D,-9.801,0.1075,4,2
568,V,E,-9.711,0.215,6,2
568,V,F,-2.692,2.85,9,4
568,V,G,-7.857,1.611,2,4
568,V,H,-9.287,0.05374,13,2
568,V,I,-0.1388,0.2138,9.5,4
568,V,K,-9.218,0.00495,7,2
568,V,L,-0.4559,0.7808,8,2
568,V,M,-1.668,0.6435,5,2
568,V,N,-7.337,1.253,8,2
568,V,P,-9.586,0.1541,7,2
568,V,Q,-9.696,0.3988,11,2
568,V,R,-9.308,0.3069,12,2
568,V,S,-9.087,0.04596,8,2
568,V,T,-2.979,0.2878,11,2
568,V,V,0,0,,4
568,V,W,-8.634,0.816,8,2
568,V,Y,-9.391,0.5332,11,2
569,N,-,-3.966,3.281,4.5,4
569,N,A,0.2134,0.02913,7,2
569,N,C,-0.9371,0.5189,5,2
569,N,D,0.2862,0.2124,10,4
569,N,E,-0.1111,0.8631,4,2
569,N,F,-0.3037,0.009617,11,2
569,N,G,-0.9518,0.06237,8,2
569,N,H,-0.9022,0.07757,6,2
569,N,I,-0.498,0.8444,6,2
569,N,K,-0.4901,0.2699,6,4
569,N,L,-0.6314,0.03366,6,2
569,N,M,-0.5491,0.2449,10,2
569,N,N,0,0,,4
569,N,P,-2.708,0.2079,14,2
569,N,Q,-0.3945,0.2483,4,2
569,N,R,-0.7151,0.1377,11,2
569,N,S,0.4242,0.2126,5.5,4
569,N,T,-0.4888,0.3261,7.75,4
569,N,V,-0.533,0.1919,11,2
569,N,W,0.3753,0.6016,6,2
569,N,Y,-0.8211,0.4043,10,2
570,R,*,-6.796,3.465,2,2
570,R,-,-1.702,1.573,2,4
570,R,A,0.4529,0.08867,10,2
570,R,C,-3.559,0.6215,16,2
570,R,D,-9.378,0.4434,10.5,2
570,R,E,-7.691,0.6456,9,2
570,R,F,-0.9607,0.4078,9,2
570,R,G,-7.935,0.6016,9,4
570,R,H,-2.306,0.07425,11,2
570,R,I,-1.493,1.13,8,4
570,R,K,0.1937,1.618,9,4
570,R,L,-2.546,0.1301,7,2
570,R,M,-0.8735,0.01146,14,2
570,R,N,-0.58,0.3677,10,2
570,R,P,-8.489,0.9362,9,2
570,R,Q,-0.244,0.3133,11,2
570,R,R,0,0,,4
570,R,S,-1.68,0.1612,13,2
570,R,T,-3.907,1.935,5,4
570,R,V,-0.092,0.4448,9.5,2
570,R,W,-1.871,0.04808,10,2
570,R,Y,0.293,0.2833,11,2
571,P,-,-2.181,1.831,2,4
571,P,A,0.08145,0.2941,12,2
571,P,C,-3.288,0.6435,10,2
571,P,D,-2.627,0.553,2,2
571,P,E,-0.4516,0.08846,9,2
571,P,F,-0.06982,0.2281,10,2
571,P,G,-0.5912,0.1597,9,2
571,P,H,-0.2713,0.5351,7,4
571,P,I,-0.2667,0.1444,12,2
571,P,K,-0.9246,0.7203,5,2
571,P,L,-0.05994,0.2507,6.5,4
571,P,M,-0.5556,0.04759,10,2
571,P,N,-0.3682,0.1747,12.5,2
571,P,P,0,0,,4
571,P,Q,-0.3233,0.1698,10,2
571,P,R,0.1407,0.004667,8,2
571,P,S,-1.869,1.746,5.5,4
571,P,T,-1.652,0.8349,4.25,4
571,P,V,0.3492,0.3663,9,2
571,P,W,-0.6754,0.1141,8,2
571,P,Y,0.09133,0.03149,10,2
572,G,-,-0.4229,0.5324,2,4
572,G,A,-0.268,0.4011,5.75,4
572,G,C,-3.632,0.6119,6.5,4
572,G,D,-0.5744,0.5526,35.5,4
572,G,E,-0.2779,0.138,5,2
572,G,F,-0.3462,0.2693,9,2
572,G,G,0,0,,4
572,G,H,-0.6934,0.7561,9.5,2
572,G,I,-5.838,0.519,6,2
572,G,K,-2.753,0.1683,6,2
572,G,L,0.08249,0.1844,9,2
572,G,M,0.6163,0.2552,6,2
572,G,N,0.07559,0.215,3,4
572,G,P,-0.8263,0.1561,6,2
572,G,Q,-2.939,0.478,7.5,2
572,G,R,-1.229,2.553,4,4
572,G,S,-0.1744,0.6224,13,4
572,G,T,0.4357,0.07368,5,2
572,G,V,-3.595,0.1442,18,2
572,G,W,-3.48,1.226,10,2
572,G,Y,-0.2724,0.07439,6,2
573,Y,*,-9.562,0.2238,5.5,4
573,Y,-,-0.4431,2.297,1.5,4
573,Y,A,-2.335,0.1457,13,2
573,Y,C,-0.5637,0.2602,11,2
573,Y,D,-4.395,0.01131,8,2
573,Y,E,-9.529,0.03748,6,2
573,Y,F,-0.107,0.1348,7,2
573,Y,G,-9.052,0.3401,11,2
573,Y,H,-1.692,0.7202,6.5,4
573,Y,I,-4.459,7.222,3,2
573,Y,K,-1.841,0.01768,9,2
573,Y,L,-1.877,0.01485,10,2
573,Y,M,-1.304,0.4939,8,2
573,Y,N,-2.829,0.04455,16,2
573,Y,P,-9.117,0.2708,13.5,2
573,Y,Q,-3.669,0.4356,9,2
573,Y,R,-2.245,0.1945,8,2
573,Y,S,-0.9172,0.1213,7,2
573,Y,T,-1.508,0.0198,4,2
573,Y,V,-5.425,0.3726,7,2
573,Y,W,-1.102,0.02758,8,2
573,Y,Y,0,0,,4
574,S,A,-0.4487,0.4868,3,2
574,S,C,-8.192,2.048,7,2
574,S,D,-6.117,1.684,8,2
574,S,E,-9.649,0.2256,11,2
574,S,F,-8.152,1.778,7,2
574,S,G,-3.467,1.454,11,4
574,S,H,-9.379,0.3408,6,2
574,S,I,-4.433,3.064,6,4
574,S,K,-8.823,0.7467,5,2
574,S,L,-5.223,0.06081,5,2
574,S,M,-2.2,0.2814,9,2
574,S,N,-2.07,1.548,11.5,4
574,S,P,-9.598,0.05162,10.5,2
574,S,Q,-4.923,0.2121,7,2
574,S,R,-9.041,0.4705,8,4
574,S,S,0,0,,4
574,S,T,-0.642,0.04221,7,2
574,S,V,-5.766,0.8358,9,2
574,S,W,-9.524,0.1393,10,2
574,S,Y,-9.221,0.5091,6,2
575,P,A,-1.522,0.09687,13,2
575,P,C,-3.405,0.0891,7,2
575,P,D,-4.509,0.4144,13,2
575,P,E,-7.204,2.831,8,2
575,P,F,-3.891,1.384,8.5,2
575,P,G,-1.597,0.618,7,2
575,P,H,-4.21,0.1732,5,2
575,P,I,-1.84,0.3932,8,2
575,P,K,-6.582,1.362,4,2
575,P,L,-2.821,2.017,6,4
575,P,M,-1.912,0.1485,5,2
575,P,N,-3.199,0.02616,5,2
575,P,P,0,0,,4
575,P,Q,-4.195,0.2135,11,2
575,P,R,-8.373,1.439,10,2
575,P,S,-0.7861,1.257,6.5,4
575,P,T,-3.45,3.617,2.5,4
575,P,V,-2.968,0.05162,7,2
575,P,W,-6.093,2.631,6,2
575,P,Y,-3.456,0.08768,12,2
576,M,A,-3.202,0.2659,6,2
576,M,C,-2.278,0.4681,8,2
576,M,D,-9.001,1.126,5,2
576,M,E,-4.354,0.4617,6.5,2
576,M,F,0.2674,0.4085,14,2
576,M,G,-8.503,0.5904,9,2
576,M,H,-3.043,0.3175,5,2
576,M,I,-0.2918,0.1808,19,4
576,M,K,-0.748,1.12,6,4
576,M,L,-0.6602,0.7861,12,2
576,M,M,0,0,,4
576,M,N,-6.446,0.7821,14,2
576,M,P,-9.384,0.006364,14,2
576,M,Q,-0.5382,0.04723,12,2
576,M,R,-3.529,0.3656,6,2
576,M,S,-6.957,1.389,5,2
576,M,T,-1.167,1.089,5.5,4
576,M,V,-1.107,0.08839,20,2
576,M,W,-0.02301,0.1558,5,2
576,M,Y,-2.724,0.3415,8,2
577,V,-,-0.095,0.8583,1,2
577,V,A,-1.575,0.3663,7.5,2
577,V,C,-0.7771,0.0821,8,2
577,V,D,-8.625,1.121,6,2
577,V,E,-8.762,0.7036,9,2
577,V,F,-8.257,0.6633,10,2
577,V,G,-2.17,0.42,9,2
577,V,H,-7.517,0.9949,2,2
577,V,I,-0.9984,0.3176,4,2
577,V,K,-5.866,0.8499,8,2
577,V,L,-3.186,1.165,6,4
577,V,M,-2.637,0.392,11,4
577,V,N,-0.8456,0.1879,8.5,2
577,V,P,-8.122,1.526,8,2
577,V,Q,-4.273,0.8075,6,2
577,V,R,-9.407,0.03606,6,2
577,V,S,-1.41,0.1598,9,2
577,V,T,-0.2321,0.1773,9,2
577,V,V,0,0,,4
577,V,W,-9.655,0.3196,10,2
577,V,Y,-9.91,0.1407,6,2
578,L,-,-2.758,1.123,3,2
578,L,A,-2.74,0.5183,6,2
578,L,C,-1.1,0.5638,9,2
578,L,D,-9.675,0.01556,12,2
578,L,E,-4.954,0.9242,3,2
578,L,F,-1.958,0.3932,8,2
578,L,G,-8.384,0.5579,7,2
578,L,H,-9.505,0.2751,6,2
578,L,I,0.07834,0.00507,11,2
578,L,K,-9.159,0.9214,6,2
578,L,L,0,0,,4
578,L,M,-1.026,0.3114,8,4
578,L,N,-9.494,0.06435,9,2
578,L,P,-9.361,0.2467,15.5,4
578,L,Q,-9.706,0.1266,15.5,2
578,L,R,-7.096,2.942,6,4
578,L,S,-9.55,0.1732,7,2
578,L,T,-6.301,1.334,10,2
578,L,V,-0.2435,0.2827,10,2
578,L,W,-2.45,0.3076,5,2
578,L,Y,-3.189,0.1039,8,2
579,E,*,-3.176,4.231,5.5,4
579,E,-,-2.728,2.062,1.5,4
579,E,A,-1.309,0.3599,8,2
579,E,C,-3.182,0.1174,13,2
579,E,D,-0.1421,0.08604,9,2
579,E,E,0,0,,4
579,E,F,-9.305,0.1916,5.5,2
579,E,G,-2.248,0.9699,5.75,4
579,E,H,-2.728,0.08061,9.5,2
579,E,I,-0.412,0.2779,6,2
579,E,K,-2.373,0.3541,120.2,4
579,E,L,-3.301,0.9843,10,2
579,E,M,-7.1,0.6993,6,2
579,E,N,-2.032,0.08485,13,2
579,E,P,-7.738,0.4978,16,2
579,E,Q,-0.6521,0.4054,10,2
579,E,R,-2.262,0.07212,6,2
579,E,S,-0.3652,0.4724,8,2
579,E,T,-0.2953,0.05537,8,2
579,E,V,-1.272,0.1011,9,2
579,E,W,-7.361,2.898,10,2
579,E,Y,-5.066,0.338,9,2
580,M,-,-0.5156,0.833,1.5,4
580,M,A,-0.2747,0.2547,9,2
580,M,C,-1.227,0.1506,9,2
580,M,D,-6.607,0.1838,3,2
580,M,E,-9.796,0.3026,7,2
580,M,F,-0.1924,0.07297,6,2
580,M,G,-8.931,0.2461,11,2
580,M,H,-2.249,0.8556,7,2
580,M,I,0.1825,0.1072,44.75,4
580,M,K,-9.579,0.2864,6,2
580,M,L,0.479,0.3241,5.5,4
580,M,M,0,0,,4
580,M,N,-7.227,0.437,10,2
580,M,P,-9.003,0.1273,6,2
580,M,Q,-4.335,0.04525,7,2
580,M,R,-7.243,3.114,8.5,4
580,M,S,-3.959,0.4547,13,2
580,M,T,0.07335,0.6043,3.5,4
580,M,V,0.06373,0.2183,7,2
580,M,W,0.04122,0.01735,10,2
580,M,Y,0.1402,0.2326,4,2
581,E,*,-9.033,0.6725,4.5,4
581,E,-,-3.084,1.245,1.5,4
581,E,A,-1.569,0.2178,8,2
581,E,C,-3.204,0.8733,10,2
581,E,D,-3.002,0.7403,12,2
581,E,E,0,0,,4
581,E,F,-9.454,0.1952,4.5,2
581,E,G,-8.682,1.083,9.5,4
581,E,H,-0.678,0.18,6,2
581,E,I,-1.077,0.1865,4,2
581,E,K,-1.618,0.3016,55.25,4
581,E,L,-2.037,0.1096,12,2
581,E,M,-0.8789,0.02333,6,2
581,E,N,-1.154,0.334,7,2
581,E,P,-9.634,0.06647,11,2
581,E,Q,-0.6993,0.3956,7,2
581,E,R,-1.277,0.1881,11,2
581,E,S,-1.976,0.1796,6,2
581,E,T,0.156,0.1143,10,2
581,E,V,-1.335,0.437,5.25,4
581,E,W,-3.204,0.7113,9,2
581,E,Y,-1.408,0.04738,20,2
582,L,-,-3.463,0.8211,1.5,4
582,L,A,-4.704,0.4292,7.5,2
582,L,C,-8.159,0.8358,8,2
582,L,D,-9.55,0.02899,11,2
582,L,E,-9.829,0.01556,5,2
582,L,F,0.4187,0.3326,10,2
582,L,G,-9.067,0.5445,8,2
582,L,H,-9.523,0.03465,11.5,2
582,L,I,-0.7108,0.2769,5,2
582,L,K,-8.831,1.294,6,2
582,L,L,0,0,,4
582,L,M,-0.1788,0.09355,9,2
582,L,N,-8.55,0.2567,8,2
582,L,P,-5.232,1.963,7,4
582,L,Q,-6.92,1.677,2.25,4
582,L,R,-8.018,2.72,6.5,2
582,L,S,-9.021,0.3429,12,2
582,L,T,-3.856,0.1471,5,2
582,L,V,0.6843,0.2899,7,2
582,L,W,-1.115,0.07142,7,2
582,L,Y,-9.073,0.4094,10,2
583,L,-,0.7722,0.2606,2,2
583,L,A,-0.819,0.115,9,2
583,L,C,-0.8421,0.475,6,2
583,L,D,-0.8428,0.4047,9,2
583,L,E,0.1568,0.5189,5,2
583,L,F,-0.3746,0.0239,8,2
583,L,G,-1.809,0.08485,6,2
583,L,H,-0.2287,0.02333,10,2
583,L,I,-1.085,0.3055,9.5,2
583,L,K,0.6692,0.1971,6,2
583,L,L,0,0,,4
583,L,M,-1.502,1.879,6,4
583,L,N,-0.5479,0.2693,6,2
583,L,P,-8.392,3.3,5.5,4
583,L,Q,-0.377,0.002404,8,2
583,L,R,-0.1672,0.07764,9,2
583,L,S,-0.6594,0.02128,8,2
583,L,T,0.02405,0.3065,6,2
583,L,V,-0.8901,1.477,5,4
583,L,W,-1.983,0.4186,6,2
583,L,Y,-1.135,0.4056,5,2
584,S,*,0.3592,1.009,1,2
584,S,-,-3.013,2.555,1.5,4
584,S,A,0.1037,0.0722,14,2
584,S,C,-0.5195,0.3521,9.5,2
584,S,D,-0.8133,0.2028,11,2
584,S,E,-1.297,0.2397,7,2
584,S,F,-0.7986,0.8704,9,4
584,S,G,-0.2894,0.1577,7,2
584,S,H,0.3998,0.02058,13,2
584,S,I,0.4299,0.124,7,2
584,S,K,0.2198,0.1848,9,2
584,S,L,-0.2884,0.02044,6,2
584,S,M,0.6977,0.07389,5,2
584,S,N,-0.4325,0.01315,8,2
584,S,P,-9.067,0.1237,11,2
584,S,Q,0.248,0.08832,6,2
584,S,R,-0.7837,0.2195,8,2
584,S,S,0,0,,4
584,S,T,-0.09453,0.2511,7.5,4
584,S,V,-0.0155,0.2188,4,2
584,S,W,0.8666,0.03691,6,2
584,S,Y,-1.813,2.669,9,4
585,V,-,-0.5885,1.074,2,2
585,V,A,-0.1577,0.8072,24,4
585,V,C,-3.38,0.2058,9,2
585,V,D,-8.202,2.408,12,2
585,V,E,-3.082,0.9469,4.5,4
585,V,F,-1.13,0.07849,6,2
585,V,G,-8.585,1.037,8,2
585,V,H,-0.652,0.1568,6,2
585,V,I,-0.04664,0.05903,7,2
585,V,K,-8.04,0.4504,7,2
585,V,L,0.0649,0.8736,11.5,4
585,V,M,-0.4112,0.4513,12.75,4
585,V,N,-1.085,0.1513,17,2
585,V,P,-9.09,0.256,8.5,2
585,V,Q,-1.086,0.2295,4,2
585,V,R,-9.42,0.1259,11,2
585,V,S,-0.3825,0.1161,8,2
585,V,T,0.7258,0.04688,3,2
585,V,V,0,0,,4
585,V,W,-1.329,0.5298,9,2
585,V,Y,-2.059,0.01626,6,2
586,T,-,-1.811,3.665,2,2
586,T,A,0.08083,0.1042,11,2
586,T,C,0.01047,0.05571,5,2
586,T,D,-0.3286,0.1694,8,2
586,T,E,-0.5789,0.2059,12,2
586,T,F,-0.4266,0.06668,9,2
586,T,G,-0.6856,0.003041,6,2
586,T,H,-0.1438,0.09124,6,2
586,T,I,0.1002,0.1172,8.5,4
586,T,K,-1.51,0.5744,7,4
586,T,L,-1.621,0.9738,5,2
586,T,M,0.07595,0.009956,9,2
586,T,N,-0.2676,0.2174,7,2
586,T,P,-9.363,0.06718,14,2
586,T,Q,-0.3344,0.1101,4.5,2
586,T,R,-0.05665,0.5052,10,2
586,T,S,-0.05012,0.1432,8,2
586,T,T,0,0,,4
586,T,V,-1.173,0.09617,5.5,2
586,T,W,-2.228,0.4575,3,2
586,T,Y,-0.8511,0.1102,11,2
587,L,-,0.3877,0.3898,1,2
587,L,A,-1.254,0.1167,12,2
587,L,C,-5.514,0.4632,12,2
587,L,D,-5.32,0.7481,5,2
587,L,E,-3.088,0.1266,2,2
587,L,F,-9.297,0.2984,15,2
587,L,G,-9.923,0.02828,11,2
587,L,H,-2.93,0.891,5,2
587,L,I,-1.168,0.1711,6,2
587,L,K,-7.102,1.106,9,2
587,L,L,0,0,,4
587,L,M,-3.206,2.807,5,4
587,L,N,-1.609,0.5395,4,2
587,L,P,-9.293,4.962,9.25,4
587,L,Q,-1.07,2.02,8,4
587,L,R,-8.566,0.1853,12.5,2
587,L,S,-1.74,0.01061,6,2
587,L,T,-0.6479,0.2908,6,2
587,L,V,-1.389,0.2256,8,2
587,L,W,-9.653,0.0792,3,2
587,L,Y,-9.466,0.1973,11,2
588,E,*,-6.996,4.704,4,4
588,E,-,-2.09,1.438,1,2
588,E,A,-0.5841,0.3499,3,2
588,E,C,-0.0146,0.07173,10,2
588,E,D,-0.3996,0.04936,6,2
588,E,E,0,0,,4
588,E,F,0.4297,0.03599,9,2
588,E,G,-2.057,0.1131,11.5,2
588,E,H,-0.22,0.4229,14,2
588,E,I,-0.3872,0.6753,6,2
588,E,K,-0.3345,0.2135,46,4
588,E,L,-0.159,0.07297,8,2
588,E,M,-0.3427,0.1609,17,2
588,E,N,-0.7315,0.1306,9,2
588,E,P,-8.541,1.415,11,2
588,E,Q,-0.5805,0.2592,8,2
588,E,R,-2.491,0.07495,3,2
588,E,S,-0.4219,0.4526,8,2
588,E,T,-0.01135,0.44,7,2
588,E,V,-2.033,0.9723,5,2
588,E,W,0.05098,0.1915,5,2
588,E,Y,0.2821,0.1907,11.5,2
589,P,-,-0.628,1.249,1,2
589,P,A,-0.1261,0.1314,8,2
589,P,C,-9.492,0.08839,10,2
589,P,D,-8.789,0.9079,7.5,2
589,P,E,-9.219,0.2242,6,2
589,P,F,-8.457,1.687,5,2
589,P,G,-9.356,0.3352,5,2
589,P,H,-8.47,0.3394,7,4
589,P,I,-6.058,0.1739,7,2
589,P,K,-8.412,0.2814,7,2
589,P,L,-2.857,0.7794,7,4
589,P,M,-2.984,0.9645,7,2
589,P,N,-8.541,0.09617,10,2
589,P,P,0,0,,4
589,P,Q,-2.468,0.1527,13,2
589,P,R,-9.333,0.8061,6,2
589,P,S,-5.043,0.5204,16,4
589,P,T,-1.635,0.6521,5,4
589,P,V,-2.796,0.1902,7,2
589,P,W,-9.912,0.1803,8,2
589,P,Y,-8.312,0.449,4,2
590,T,-,0.506,0.3545,1,2
590,T,A,-0.9228,2.175,7,4
590,T,C,-8.154,1.288,8,2
590,T,D,-4.137,2.001,8,2
590,T,E,-2.566,1.193,3,2
590,T,F,-0.2612,0.5653,7,2
590,T,G,-0.7036,0.2828,6,2
590,T,H,-4.295,0.5784,6,2
590,T,I,-2.604,3.083,8.5,4
590,T,K,-5.245,0.3104,9,2
590,T,L,-1.789,0.06364,9,2
590,T,M,0.1765,0.07227,10,2
590,T,N,-1.423,0.3246,6,2
590,T,P,-9.742,0.01414,10,2
590,T,Q,-1.931,0.2263,7,2
590,T,R,-8.116,0.3239,6,2
590,T,S,0.5212,0.2694,9,2
590,T,T,0,0,,4
590,T,V,0.4818,0.2636,13,2
590,T,W,-2.338,0.2793,4,2
590,T,Y,-0.6087,0.4593,10,2
591,L,*,0.4476,0.3782,1,2
591,L,A,-5.489,0.4193,15,2
591,L,C,-1.131,0.1386,10,2
591,L,D,-9.79,0.08697,15,2
591,L,E,-7.633,1.742,3,2
591,L,F,-8.037,0.4985,6,2
591,L,G,-8.913,0.09405,5,2
591,L,H,-8.615,0.5487,5,2
591,L,I,-0.3046,0.1716,3,2
591,L,K,-7.811,0.08627,8,2
591,L,L,0,0,,4
591,L,M,-0.1741,0.5475,5.5,4
591,L,N,-9.695,0.222,6,2
591,L,P,-8.617,1.035,20.75,4
591,L,Q,-7.53,0.007778,5,2
591,L,R,-9.698,0.4985,23,2
591,L,S,-9.34,0.1054,2,2
591,L,T,-0.6932,0.3934,10.5,2
591,L,V,0.5753,0.3691,4,2
591,L,W,-9.678,0.04525,7.5,2
591,L,Y,-6.749,1.493,8,2
592,S,A,0.304,0.01577,13,2
592,S,C,-8.242,1.355,6.5,4
592,S,D,-0.9277,0.01336,11,2
592,S,E,-0.6172,0.3461,7,2
592,S,F,-0.06321,0.1263,9,2
592,S,G,0.08324,1.338,11,4
592,S,H,-1.07,0.5877,7,2
592,S,I,-1.139,0.7997,6.5,4
592,S,K,-0.3221,0.422,5,2
592,S,L,0.2691,0.07517,9,2
592,S,M,0.1028,0.09001,13,2
592,S,N,-0.1615,0.6344,11,4
592,S,P,-9.404,0.2227,22.5,2
592,S,Q,-0.6155,0.07142,10.5,2
592,S,R,0.3699,0.3926,4,4
592,S,S,0,0,,4
592,S,T,-0.134,0.3169,7,4
592,S,V,0.4335,0.2137,8,2
592,S,W,0.123,0.188,5.5,2
592,S,Y,-0.2625,0.1616,8,2
593,L,A,-2.207,0.08202,5,2
593,L,C,-4.127,0.09263,7,2
593,L,D,-9.64,0.3726,7,2
593,L,E,-3.699,0.1471,8,2
593,L,F,-2.926,0.03818,9,2
593,L,G,-8.54,0.6293,4,2
593,L,H,-1.57,0.2913,10,2
593,L,I,-0.3296,0.1327,5,2
593,L,K,-2.794,0.5841,6.5,2
593,L,L,0,0,,4
593,L,M,0.0146,0.414,10,4
593,L,N,-7.593,2.367,6,2
593,L,P,-9.276,1.254,14.5,4
593,L,Q,-1.212,0.5417,4,4
593,L,R,-2.101,1.851,3,2
593,L,S,-4.253,0.01414,8,2
593,L,T,-3.433,0.3585,9,2
593,L,V,-1.616,0.4115,8,2
593,L,W,-7.153,0.4214,13,2
593,L,Y,-8.934,0.3868,5,2
594,D,A,0.742,0.1101,11,2
594,D,C,-3.69,0.1853,13,2
594,D,D,0,0,,4
594,D,E,-0.05887,0.2345,10,4
594,D,F,-9.486,0.2927,17,2
594,D,G,-7.195,1.737,8,4
594,D,H,-3.224,0.3494,9,4
594,D,I,-0.6276,0.1856,12,2
594,D,K,-5.229,1.613,11,2
594,D,L,-7.403,2.097,20,2
594,D,M,-1.338,0.2602,9,2
594,D,N,-1.598,0.4539,17.5,4
594,D,P,-9.555,0.2305,12,2
594,D,Q,0.8185,0.05621,9,2
594,D,R,-7.923,0.4547,10,2
594,D,S,-0.01965,0.1933,10,2
594,D,T,-1.387,0.03253,19,2
594,D,V,0.0843,0.9486,9.5,4
594,D,W,-8.56,1.775,5,2
594,D,Y,-5.717,5.103,13,4
595,Y,*,-8.733,2.381,4,4
595,Y,-,-1.141,2.203,3,2
595,Y,A,-9.258,0.4384,13,2
595,Y,C,-9.223,0.3889,14,2
595,Y,D,-8.788,4.71,8.5,4
595,Y,E,-9.635,0.0495,10,2
595,Y,F,-0.9628,0.7342,8.5,2
595,Y,G,-9.622,0.09405,12,2
595,Y,H,-9.649,0.02899,16,2
595,Y,I,-8.749,0.1329,13,2
595,Y,K,-9.582,0.4837,11,2
595,Y,L,-9.855,0.1499,12,2
595,Y,M,-9.374,0.5827,10,2
595,Y,N,-4.281,5.132,3.5,4
595,Y,P,-9.405,0.7085,12.5,2
595,Y,Q,-9.241,0.3981,8.5,2
595,Y,R,-9.46,0.4144,9,2
595,Y,S,-9.366,0.1747,15,2
595,Y,T,-9.777,0.1209,15,2
595,Y,V,-9.662,0.02546,14,2
595,Y,W,-0.5556,0.3152,10,2
595,Y,Y,0,0,,4
596,I,-,-5.128,4.613,3,2
596,I,A,-3.932,0.2305,18,2
596,I,C,-5.726,0.1683,10.5,2
596,I,D,-8.588,0.2355,7,2
596,I,E,-4.854,0.8259,11,2
596,I,F,-2.677,1.622,4.5,4
596,I,G,-9.527,0.04455,15,2
596,I,H,-3.944,0.6039,10,2
596,I,I,0,0,,4
596,I,K,-9.581,0.2843,8,2
596,I,L,-3.966,0.5607,10,2
596,I,M,-1.598,0.164,11.5,2
596,I,N,-4.802,0.5148,22,2
596,I,P,-8.697,0.9907,19,2
596,I,Q,-2.955,0.3663,10,2
596,I,R,-5.896,1.371,11.5,2
596,I,S,-4.636,0.3599,7,2
596,I,T,-0.9332,1.578,6.5,4
596,I,V,-0.695,0.01923,12,2
596,I,W,-9.317,0.7905,9,2
596,I,Y,-1.077,0.5462,14,2
597,T,-,-0.0233,0.4425,3,2
597,T,A,-2.974,0.4985,12,2
597,T,C,-9.579,0.07,12,2
597,T,D,-9.162,0.2058,18,2
597,T,E,-9.651,0.2376,10,2
597,T,F,-9.666,0.04243,20.5,2
597,T,G,-9.55,0.04525,14,2
597,T,H,-9.462,0.01838,11,2
597,T,I,-8.644,2.045,12.5,4
597,T,K,-4.775,4.576,9,4
597,T,L,-9.322,0.309,4,2
597,T,M,-9.655,0.2531,12,2
597,T,N,-9.596,0.0898,10,2
597,T,P,-9.873,0.03111,18,2
597,T,Q,-9.748,0.01414,10,2
597,T,R,-9.664,0.02546,13,2
597,T,S,-0.7099,0.02673,14,2
597,T,T,0,0,,4
597,T,V,-2.926,0.3924,15,2
597,T,W,-9.697,0.0601,18,2
597,T,Y,-9.863,0.05445,8,2
598,C,*,-8.386,1.899,6,4
598,C,-,0.1504,0.2657,3,2
598,C,A,-9.419,0.4031,3,2
598,C,C,0,0,,4
598,C,D,-9.476,0.04738,12,2
598,C,E,-9.483,0.2744,8,2
598,C,F,-8.929,0.5722,10.5,4
598,C,G,-9.349,0.1039,13,2
598,C,H,-9.601,0.244,14,2
598,C,I,-9.648,0.09758,10,2
598,C,K,-9.43,0.5127,10.5,2
598,C,L,-9.47,0.1025,21,2
598,C,M,-8.962,0.6569,11,2
598,C,N,-9.393,0.2298,4,2
598,C,P,-8.713,0.4108,10,2
598,C,Q,-9.544,0.1817,10,2
598,C,R,-6.727,3.946,8.5,4
598,C,S,-5.023,4.616,10,4
598,C,T,-8.937,0.5049,8,2
598,C,V,-9.555,0.4653,14,2
598,C,W,-7.723,0.2864,14,2
598,C,Y,-9.379,0.2262,13,4
599,E,*,-4.344,2.962,2,4
599,E,-,-2.215,0.0297,3,2
599,E,A,0.5012,0.1597,10,2
599,E,C,-3.175,0.1959,12,2
599,E,D,-3.546,1.687,7,4
599,E,E,0,0,,4
599,E,F,-2.784,0.5388,10,2
599,E,G,-2.1,1.197,8,4
599,E,H,-0.9732,0.2556,9,2
599,E,I,-2.014,0.2729,12,2
599,E,K,-4.464,0.5999,20.75,4
599,E,L,-2.187,0.01131,9,2
599,E,M,-1.291,0.1245,12,2
599,E,N,-0.9576,0.9537,10,2
599,E,P,-2.509,0.08273,23,2
599,E,Q,-1.446,0.2331,7,4
599,E,R,-1.402,0.02687,9.5,2
599,E,S,0.2086,0.2418,8,2
599,E,T,-0.6895,0.3502,8,2
599,E,V,-2.165,0.3882,6.5,4
599,E,W,-8.393,1.604,7.5,2
599,E,Y,-2.585,0.05586,14,2
600,Y,*,-5.486,4.591,3,4
600,Y,-,0.3931,0.2486,1,2
600,Y,A,-6.187,0.1711,12,2
600,Y,C,-6.518,4.621,6.5,4
600,Y,D,-9.555,0.6258,7,2
600,Y,E,-8.56,0.8535,8,2
600,Y,F,-3.756,2.686,7.5,4
600,Y,G,-5.133,0.1322,10,2
600,Y,H,-3.484,1.935,5.5,4
600,Y,I,-7.85,0.8528,12,2
600,Y,K,-9.619,0.2143,9,2
600,Y,L,-9.584,0.1747,16,2
600,Y,M,-6.712,0.4384,13,2
600,Y,N,-9.633,0.003536,17,2
600,Y,P,-4.905,2.017,7.5,2
600,Y,Q,-9.694,0.0799,10,2
600,Y,R,-9.733,0.1386,4.5,2
600,Y,S,-4.479,0.8782,4,2
600,Y,T,-5.091,0.3967,7,2
600,Y,V,-9.582,0.2086,12,2
600,Y,W,-7.544,2.517,7,2
600,Y,Y,0,0,,4
601,K,*,-6.509,0.2121,1,2
601,K,-,-0.02395,1.216,1,2
601,K,A,0.06099,0.1987,15,2
601,K,C,-0.6206,0.1838,9,2
601,K,D,0.2391,0.3424,12,2
601,K,E,0.5458,0.06394,8,4
601,K,F,0.6458,0.0693,10,2
601,K,G,-0.4641,0.02468,10,2
601,K,H,0.5242,0.07319,17,2
601,K,I,0.6226,0.02602,8,2
601,K,K,0,0,,4
601,K,L,0.737,0.04957,8,2
601,K,M,0.2762,0.132,9,4
601,K,N,0.755,0.06972,14,4
601,K,P,-9.584,0.186,17,2
601,K,Q,0.6718,0.1252,8,2
601,K,R,0.3333,0.2333,10,4
601,K,S,0.6046,0.06095,9,2
601,K,T,0.5272,2.319,8.5,4
601,K,V,-0.2022,0.5148,13,2
601,K,W,0.1478,0.2109,16.5,2
601,K,Y,0.5707,0.172,14,2
602,T,-,-1.361,1.684,1,2
602,T,A,-1.815,1.616,6.5,4
602,T,C,-4.466,0.3472,12,2
602,T,D,-4.82,0.1994,11,2
602,T,E,-8.348,1.668,9,2
602,T,F,-9.468,0.1549,13,2
602,T,G,-9.646,0.05798,9,2
602,T,H,-9.371,0.1379,16,2
602,T,I,-0.7941,0.7808,10.25,4
602,T,K,-9.857,0.02192,4,2
602,T,L,-1.07,0.3556,6,2
602,T,M,-2.72,0.1237,15,2
602,T,N,0.05749,0.2664,8.5,4
602,T,P,-5.959,0.9249,14,2
602,T,Q,-9.663,0.3571,13,2
602,T,R,-9.441,0.02758,8,2
602,T,S,-2.515,0.5176,9,2
602,T,T,0,0,,4
602,T,V,-0.7338,0.05226,5,2
602,T,W,-9.015,0.4108,6,2
602,T,Y,-9.368,0.263,13,2
603,V,-,-1.086,1.074,1,2
603,V,A,-1.078,1.222,14,4
603,V,C,-0.3303,0.006505,15.5,2
603,V,D,-2.141,0.4108,16,2
603,V,E,-0.2411,0.5751,8,4
603,V,F,-0.9822,0.5753,9,2
603,V,G,-8.633,0.2114,16,2
603,V,H,-1.44,0.1004,7,2
603,V,I,-0.00355,0.1903,12,2
603,V,K,-3.595,0.4978,11,2
603,V,L,-0.4835,0.9677,10.5,4
603,V,M,-0.7528,0.6679,17,4
603,V,N,-0.08435,0.849,8,2
603,V,P,-9.553,0.3033,13,2
603,V,Q,0.0834,0.5754,8,2
603,V,R,-1.985,0.3847,9,2
603,V,S,-0.7704,0.02425,13,2
603,V,T,-0.06017,0.1625,10,2
603,V,V,0,0,,4
603,V,W,-3.647,0.2828,14,2
603,V,Y,-1.857,0.04243,14,2
604,I,-,-4.482,2.834,2,2
604,I,A,0.05661,0.05397,14,2
604,I,C,-0.4366,0.02638,13.5,2
604,I,D,-9.213,0.9907,12,2
604,I,E,-8.492,2.218,14,2
604,I,F,-1.152,0.1916,14,2
604,I,G,-8.596,1.732,9,2
604,I,H,-4.329,0.1146,14,2
604,I,I,0,0,,4
604,I,K,-4.2,0.09263,12,2
604,I,L,0.0459,0.6763,7.5,4
604,I,M,-0.4751,0.5678,5.5,4
604,I,N,-3.138,0.4207,9,2
604,I,P,-9.576,0.193,20,2
604,I,Q,-4.814,0.6145,13,2
604,I,R,-2.659,0.3642,8,2
604,I,S,-0.8791,0.1175,13,2
604,I,T,-0.2536,0.2061,11,2
604,I,V,0.1883,0.1793,11,2
604,I,W,-9.437,0.1831,10,2
604,I,Y,-9.611,0.01626,11,2
605,P,-,-2.409,2.567,2,2
605,P,A,-3.369,0.01273,6,2
605,P,C,-5.542,0.07425,12,2
605,P,D,-3.1,0.5954,9,2
605,P,E,-3.256,0.1068,12,2
605,P,F,-7.18,2.965,6,2
605,P,G,-2.709,0.5501,8,2
605,P,H,-8.2,2.978,5,4
605,P,I,-3.795,0.833,8,2
605,P,K,-7.318,2.226,9,2
605,P,L,-4.806,0.6519,10,4
605,P,M,-4.103,0.1704,12,2
605,P,N,-2.401,0.2751,9,2
605,P,P,0,0,,4
605,P,Q,-2.069,0.4957,9,2
605,P,R,-3.603,0.5565,12.5,2
605,P,S,-3.752,0.678,15.5,4
605,P,T,-0.5164,0.5464,6,4
605,P,V,-2.048,0.04596,7,2
605,P,W,-8.169,0.4476,15,2
605,P,Y,-4.008,0.05303,12,2
606,S,-,-3.317,0.8627,2,2
606,S,A,-3.111,0.03041,10,2
606,S,C,-9.372,0.6279,11,2
606,S,D,-9.114,0.2998,6.5,2
606,S,E,-7.872,0.9793,7.5,2
606,S,F,-9.25,0.7708,12,4
606,S,G,-4.402,0.1075,8,2
606,S,H,-8.908,0.5006,10,2
606,S,I,-7.835,1.845,6,2
606,S,K,-9.395,0.3288,8,2
606,S,L,-9.07,1.208,9,2
606,S,M,-7.695,1.277,7,2
606,S,N,-6.213,1.644,5,2
606,S,P,-6.057,1.472,8,4
606,S,Q,-9.002,0.128,9,2
606,S,R,-9.494,0.007071,8,2
606,S,S,0,0,,4
606,S,T,-8.383,2.576,5.5,4
606,S,V,-9.231,0.4964,11,2
606,S,W,-9.313,0.08627,7,2
606,S,Y,-9.224,0.7188,7,4
607,P,-,-0.1039,0.8021,1,2
607,P,A,-8.062,2.285,7,2
607,P,C,-9.658,0.1315,13,2
607,P,D,-9.579,0.1591,15,2
607,P,E,-9.746,0.3422,12,2
607,P,F,-9.401,0.4108,8,2
607,P,G,-8.918,1.447,7,2
607,P,H,-9.649,0.06364,10,2
607,P,I,-9.603,0.1103,9,2
607,P,K,-9.489,0.05374,12,2
607,P,L,-6.107,4.719,10,4
607,P,M,-9.317,0.1252,11,2
607,P,N,-9.579,0.0799,17,2
607,P,P,0,0,,4
607,P,Q,-6.447,2.575,6.75,4
607,P,R,-7.828,2.116,9,2
607,P,S,-9.438,0.5885,8.5,4
607,P,T,-8.808,0.7161,12.25,4
607,P,V,-9.361,0.1124,16,2
607,P,W,-9.756,0.05869,4,2
607,P,Y,-9.343,0.02616,11,2
608,Y,*,-8.729,0.6017,3.5,4
608,Y,A,-6.628,0.3437,7,2
608,Y,C,-8.907,3.207,9.5,4
608,Y,D,-7.702,2.188,11,2
608,Y,E,-4.795,1.954,9,2
608,Y,F,-0.4491,0.3845,14,2
608,Y,G,-4.842,0.2934,8,2
608,Y,H,-1.491,2.06,7,4
608,Y,I,-2.387,0.1315,15,2
608,Y,K,-7.631,0.2227,14,2
608,Y,L,-3.257,0.536,13,2
608,Y,M,-2.425,0.7474,3,2
608,Y,N,-4.559,0.06364,14,2
608,Y,P,-9.54,0.1994,12,2
608,Y,Q,-8.439,0.9482,5,2
608,Y,R,-6.592,0.6102,14,2
608,Y,S,-6.631,0.2489,15,2
608,Y,T,-7.719,0.2065,5,2
608,Y,V,-5.027,0.9991,10,2
608,Y,W,0.2171,0.4099,11,2
608,Y,Y,0,0,,4
609,V,A,-5.4,4.429,10.5,4
609,V,C,-9.814,0.1966,5,2
609,V,D,-9.479,0.2595,8,2
609,V,E,-9.458,0.3437,6,2
609,V,F,-9.715,0.01202,7,2
609,V,G,-8.825,2.357,6.5,4
609,V,H,-9.182,0.314,14,2
609,V,I,0.3037,0.5326,5.5,4
609,V,K,-9.332,0.09475,7,2
609,V,L,-2.16,0.7599,8.5,4
609,V,M,-8.282,1.242,9.5,4
609,V,N,-8.79,0.3656,3,2
609,V,P,-9.55,0.03818,11,2
609,V,Q,-8.245,1.221,4,2
609,V,R,-9.631,0.3458,9,2
609,V,S,-9.613,0.2135,6,2
609,V,T,-8.395,1.474,13,2
609,V,V,0,0,,4
609,V,W,-8.067,2.034,10,2
609,V,Y,-9.596,0.0396,6,2
610,K,*,-9.218,0.2673,2,2
610,K,A,-0.4959,0.3315,6,2
610,K,C,-3.155,0.7495,6,2
610,K,D,-2.73,0.2079,8,2
610,K,E,-2.373,1.854,4.5,4
610,K,F,-1.964,0.03536,7,2
610,K,G,-7.838,1.795,6,2
610,K,H,-1.149,0.4285,6,2
610,K,I,-3.663,1.002,7.5,2
610,K,K,0,0,,4
610,K,L,-1.563,0.08132,9,2
610,K,M,-0.6963,0.1951,10,2
610,K,N,-1.712,1.242,6.5,4
610,K,P,-9.652,0.1146,8,2
610,K,Q,-1.214,0.06647,9,2
610,K,R,-3.604,3.627,4,4
610,K,S,-1.877,0.2199,4,2
610,K,T,-3.61,0.367,7,2
610,K,V,-1.453,0.5565,11,2
610,K,W,-6.996,0.1287,9,2
610,K,Y,-2.241,0.1188,7,2
611,C,*,-8.313,1.36,6,4
611,C,-,-0.02748,2.298,2,4
611,C,A,-9.802,0.215,6,2
611,C,C,0,0,,4
611,C,D,-9.537,0.1605,7,2
611,C,E,-9.748,0.05586,12,2
611,C,F,-7.075,3.496,10,4
611,C,G,-9.628,0.05303,7,2
611,C,H,-8.901,1.034,9,2
611,C,I,-9.369,0.2185,15,2
611,C,K,-9.466,0.2899,9,2
611,C,L,-9.597,0.1061,11,2
611,C,M,-9.672,0.4426,9,2
611,C,N,-9.732,0.08839,9,2
611,C,P,-9.421,0.1775,10,2
611,C,Q,-9.181,0.7403,6,2
611,C,R,-4.938,5.47,6.5,4
611,C,S,-9.727,0.2086,5,2
611,C,T,-9.601,0.2517,11,2
611,C,V,-9.736,0.4292,8,2
611,C,W,-8.947,0.3755,11,2
611,C,Y,-9.288,0.2461,34.5,4
612,C,*,-4.757,3.854,2,4
612,C,-,0.02845,3.493,2,4
612,C,A,-9.321,0.1952,5,2
612,C,C,0,0,,4
612,C,D,-9.73,0.2256,5,2
612,C,E,-9.551,0.6774,8,2
612,C,F,-9.301,0.4444,9,4
612,C,G,-7.604,3.04,5,2
612,C,H,-9.695,0.1747,6,2
612,C,I,-4.822,2.838,5,2
612,C,K,-9.696,0.02121,5,2
612,C,L,-9.615,0.05374,12,2
612,C,M,-9.72,0.1202,6,2
612,C,N,-9.684,0.3882,9.5,2
612,C,P,-8.035,1.107,7,2
612,C,Q,-8.923,0.7354,9,2
612,C,R,-7.876,4.516,10.5,4
612,C,S,-9.508,1.029,7.5,4
612,C,T,-9.293,0.8577,8,2
612,C,V,-8.177,1.637,10,2
612,C,W,-7.151,3.659,8,4
612,C,Y,-9.523,0.1881,17.5,4
613,G,-,-0.0657,0.506,1,4
613,G,A,-1.412,0.2843,4,2
613,G,C,-9.252,0.9413,8,4
613,G,D,-7.44,1.693,22.5,4
613,G,E,-4.406,0.02546,6,2
613,G,F,-9.477,0.1697,11,2
613,G,G,0,0,,4
613,G,H,-3.769,0.8945,4.5,2
613,G,I,-9.264,0.1138,8.5,2
613,G,K,-3.152,0.3613,10,2
613,G,L,-8.958,1.059,9,2
613,G,M,-5.924,0.5515,9,2
613,G,N,-5.195,0.5996,11,2
613,G,P,-9.759,0.01061,7,2
613,G,Q,-2.74,0.8549,4,2
613,G,R,-4.919,0.2843,7,2
613,G,S,-1.787,0.4073,10,4
613,G,T,-8.551,0.07354,13,2
613,G,V,-8.935,0.9052,9,4
613,G,W,-9.599,0.1287,4,2
613,G,Y,-9.692,0.1676,11,2
614,T,-,0.04745,0.468,1,4
614,T,A,-1.189,1.978,3,4
614,T,C,-9.778,0.1047,8,2
614,T,D,-1.329,0.08839,7,2
614,T,E,-0.3045,0.0792,4,2
614,T,F,-2.351,0.2178,1,2
614,T,G,-2.944,0.9914,8.5,2
614,T,H,-3.487,1.451,7,2
614,T,I,-0.5777,0.2636,13,4
614,T,K,-9.428,0.2998,6,2
614,T,L,-0.9061,0.3336,4,2
614,T,M,-0.1794,0.1379,7,2
614,T,N,-0.4488,0.2643,4.25,4
614,T,P,-3.943,0.02121,7,2
614,T,Q,0.2949,0.0454,4,2
614,T,R,-9.582,0.2072,9,2
614,T,S,0.3561,0.06739,7,2
614,T,T,0,0,,4
614,T,V,-1.463,0.4978,9,2
614,T,W,-3.41,0.0297,5,2
614,T,Y,-3.037,0.2461,8,2
615,A,-,0.5424,0.3189,1,2
615,A,A,0,0,,4
615,A,C,-2.479,1.142,5,2
615,A,D,-5.447,1.593,8.25,4
615,A,E,-3.436,0.7007,4,2
615,A,F,-5.116,0.06364,11,2
615,A,G,-1.28,1.143,3.5,4
615,A,H,-3.458,0.8309,8,2
615,A,I,-0.3588,0.2571,10,2
615,A,K,-9.43,0.08768,7.5,2
615,A,L,-2.572,0.1167,6,2
615,A,M,-4.485,0.997,6,2
615,A,N,-2.237,0.1464,9,2
615,A,P,-2.593,0.3649,7,2
615,A,Q,-3.232,0.3062,11,2
615,A,R,-7.396,2.073,7,2
615,A,S,-1.014,0.5249,7.5,4
615,A,T,-0.0932,0.128,73.5,4
615,A,V,-0.04845,0.4604,9,4
615,A,W,-7.454,0.2157,6,2
615,A,Y,-4.322,0.3953,10,2
616,E,*,-9.099,1.971,3,4
616,E,-,-0.475,0.7537,1,4
616,E,A,-1.977,0.8188,5,2
616,E,C,-8.258,1.855,10,2
616,E,D,-5.337,1.936,6.5,4
616,E,E,0,0,,4
616,E,F,-4.434,0.6124,10,2
616,E,G,-2.851,1.251,5,4
616,E,H,-5.005,0.3217,5,2
616,E,I,-2.904,0.3486,8,2
616,E,K,-6.191,1.674,11.5,4
616,E,L,-4.145,0.1386,6,2
616,E,M,-2.45,0.4702,8,2
616,E,N,-3.198,1.014,4,2
616,E,P,-7.013,3.23,6,2
616,E,Q,-0.7649,0.9927,4,4
616,E,R,-5.211,0.007071,8,2
616,E,S,-1.294,0.05091,7,2
616,E,T,-2.387,0.0495,10,2
616,E,V,-1.755,0.1351,6,2
616,E,W,-4.754,0.5275,19,2
616,E,Y,-4.254,0.1994,6,2
617,C,*,-7.835,1.34,3.5,4
617,C,-,-0.6466,1.969,1,2
617,C,A,-7.47,1.703,2,2
617,C,C,0,0,,4
617,C,D,-9.583,0.02546,3,2
617,C,E,-9.428,0.2864,6,2
617,C,F,-8.942,0.7959,9.5,4
617,C,G,-8.277,0.4759,5,2
617,C,H,-9.658,0.297,8,2
617,C,I,-9.446,0.5289,4,2
617,C,K,-8.791,1.089,5,2
617,C,L,-8.129,0.355,8,2
617,C,M,-9.741,0.1846,3,2
617,C,N,-9.179,0.1584,11,2
617,C,P,-8.558,1.192,9,2
617,C,Q,-9.171,0.1732,6,2
617,C,R,-9.712,0.1042,7.5,4
617,C,S,-7.577,3.466,4,4
617,C,T,-9.513,0.4002,6,2
617,C,V,-9.663,0.1754,5,2
617,C,W,-9.178,0.3231,4,2
617,C,Y,-9.173,0.6712,27.25,4
618,K,*,-1.478,3.144,1,2
618,K,-,-2.572,2.207,2,4
618,K,A,-1.575,0.5961,4,2
618,K,C,-1.546,0.3316,13,2
618,K,D,-0.8857,0.09122,12,2
618,K,E,-1.054,0.8246,8,4
618,K,F,-0.3805,0.1092,5,2
618,K,G,0.1034,0.1191,11,2
618,K,H,0.1584,0.05855,14,2
618,K,I,-0.7442,0.2872,9,2
618,K,K,0,0,,4
618,K,L,-0.1136,0.09956,15,2
618,K,M,-0.1026,0.5617,9,4
618,K,N,-0.3302,0.6776,7.25,4
618,K,P,-1.481,0.4837,11,2
618,K,Q,-0.4999,0.23,11,2
618,K,R,0.1712,0.3943,9.25,4
618,K,S,-2.873,0.3741,5,2
618,K,T,-0.3226,0.01718,9,2
618,K,V,-0.9502,0.1341,11,2
618,K,W,-0.5275,0.2036,4,2
618,K,Y,-0.2827,0.7238,3,2
619,D,-,-3.543,1.706,3,2
619,D,A,0.2712,0.2443,4,2
619,D,C,-3.118,0.9065,10,2
619,D,D,0,0,,4
619,D,E,0.00255,0.3277,5,2
619,D,F,-0.8256,0.4376,5,2
619,D,G,0.03581,0.1677,4.5,4
619,D,H,-1.227,0.5318,6,2
619,D,I,0.09696,0.2525,4,2
619,D,K,-3.916,1.181,1,2
619,D,L,0.02675,0.5006,6,2
619,D,M,0.1827,0.5482,3,2
619,D,N,0.1497,0.4063,14.75,4
619,D,P,0.6199,0.1481,4,2
619,D,Q,-0.7636,0.3626,6,2
619,D,R,0.5004,0.2092,5,2
619,D,S,0.625,0.2415,4,2
619,D,T,-1.052,0.3932,5,2
619,D,V,0.2739,2.309,4.5,4
619,D,W,-0.364,0.1385,9,2
619,D,Y,0.5782,0.2324,8.5,4
620,K,*,0.3413,0.164,1,2
620,K,A,-0.2927,0.07191,8,2
620,K,C,-3.8,0.3168,11,2
620,K,D,-1.756,0.2199,8,2
620,K,E,-0.7033,0.8648,9,4
620,K,F,-0.2276,0.6517,4,2
620,K,G,-2.804,0.2044,10,2
620,K,H,0.3621,0.005303,13,2
620,K,I,-1.068,0.2966,6,2
620,K,K,0,0,,4
620,K,L,-3.187,2.251,2,2
620,K,M,-0.6527,0.9035,5,4
620,K,N,-1.106,1.195,9.75,4
620,K,P,-2.873,0.3408,7,2
620,K,Q,-0.4227,0.1538,9,2
620,K,R,-0.09995,0.1696,10.5,4
620,K,S,-0.6791,0.2546,10,2
620,K,T,-0.6712,0.2787,13,2
620,K,V,-0.2049,0.1034,9,2
620,K,W,-1.152,0.1103,11,2
620,K,Y,0.1537,0.3115,5,2
621,S,A,0.09901,0.2371,10.5,2
621,S,C,-0.7111,0.2937,4.5,4
621,S,D,-0.5775,0.1976,7,2
621,S,E,-0.6368,0.05183,7.5,2
621,S,F,0.3482,0.08139,6,2
621,S,G,0.01502,0.2505,6,4
621,S,H,0.2767,0.4469,6,2
621,S,I,0.3135,0.5449,6.5,4
621,S,K,-1.673,0.7948,5,2
621,S,L,-0.07076,0.2099,8,2
621,S,M,0.07195,0.1001,9,2
621,S,N,0.09148,0.1043,9,4
621,S,P,0.3441,0.6065,9,2
621,S,Q,0.02668,0.003507,5,2
621,S,R,0.0372,0.4486,12,4
621,S,S,0,0,,4
621,S,T,0.1243,0.1331,7.5,2
621,S,V,0.3059,0.02779,9,2
621,S,W,0.2775,0.07184,7,2
621,S,Y,-3.834,5.223,3,2
622,L,A,-1.154,0.5743,7,2
622,L,C,-4.66,0.5028,3,2
622,L,D,-0.5001,0.2527,4,2
622,L,E,-0.4274,0.2641,7,2
622,L,F,-0.3671,0.2947,8.5,2
622,L,G,-2.264,0.1237,9,2
622,L,H,-4.022,2.713,6,2
622,L,I,-0.5678,0.08811,13,2
622,L,K,-0.9456,0.1264,3,2
622,L,L,0,0,,4
622,L,M,0.3196,0.4714,7,4
622,L,N,-0.5474,0.03203,7.5,2
622,L,P,-5.828,2.15,12,4
622,L,Q,-0.9195,1.037,4.5,4
622,L,R,-0.699,0.04073,6,2
622,L,S,-1.76,0.1075,6,2
622,L,T,-0.17,0.05218,7,2
622,L,V,0.0089,0.208,10,2
622,L,W,-0.2552,0.31,12,2
622,L,Y,0.1139,1.01,5,2
623,P,A,-0.7033,0.5585,5,4
623,P,C,-8.442,0.1315,7,2
623,P,D,-8.607,1.251,7,2
623,P,E,-4.24,0.193,8,2
623,P,F,-5.112,0.6703,8,2
623,P,G,-1.927,0.432,4,2
623,P,H,-1.81,0.2029,7.5,4
623,P,I,-3.05,0.6385,7,2
623,P,K,-5.697,0.1464,7,2
623,P,L,-8.33,1.015,10,2
623,P,M,-5.178,0.02758,10,2
623,P,N,-2.719,1.469,3,2
623,P,P,0,0,,4
623,P,Q,-3.016,0.5812,5,2
623,P,R,-6.449,2.63,4,2
623,P,S,-1.3,0.9654,18,4
623,P,T,-1.096,3.591,6.5,4
623,P,V,0.0833,0.603,8,2
623,P,W,-3.974,0.6145,9.5,2
623,P,Y,-7.212,0.8082,7,2
624,D,A,-2.333,0.2029,6,2
624,D,C,-9.771,0.09122,13,2
624,D,D,0,0,,4
624,D,E,-0.6527,1.098,7,4
624,D,F,-9.216,0.0898,9,2
624,D,G,0.0489,0.4233,2.5,4
624,D,H,-5.442,0.4335,9,2
624,D,I,-9.534,0.2524,9,2
624,D,K,-9.018,0.8485,6,2
624,D,L,-9.72,0.1683,5,2
624,D,M,-7.668,1.953,7,2
624,D,N,-0.3605,0.8194,12.5,4
624,D,P,-9.558,0.2786,7,2
624,D,Q,-3.461,0.06364,6,2
624,D,R,-7.838,1.401,6,2
624,D,S,-0.8733,0.1207,7,2
624,D,T,-9.438,0.4158,8,2
624,D,V,-9.456,0.1633,6,2
624,D,W,-9.605,0.14,8,2
624,D,Y,-7.991,1.891,4.5,4
625,Y,*,-4.55,5.539,2,4
625,Y,-,0.401,0.6796,1,2
625,Y,A,-8.038,1.706,3,2
625,Y,C,-9.57,1.197,6.5,4
625,Y,D,-9.079,0.2355,7,2
625,Y,E,-9.008,0.2793,5,2
625,Y,F,-0.9764,0.1069,11,2
625,Y,G,-8.441,1.671,5,2
625,Y,H,-3.292,0.7022,7.5,4
625,Y,I,-9.46,0.502,6,2
625,Y,K,-9.838,0.1322,10,2
625,Y,L,-8.861,0.2072,15,2
625,Y,M,-9.264,1.026,6,2
625,Y,N,-8.633,0.8608,5,4
625,Y,P,-9.729,0.1336,4,2
625,Y,Q,-7.85,0.5834,12,2
625,Y,R,-8.995,1.399,13,2
625,Y,S,-6.978,0.6272,6,2
625,Y,T,-9.54,0.1096,5,2
625,Y,V,-8.691,1.112,7,2
625,Y,W,-2.043,0.1202,8,2
625,Y,Y,0,0,,4
626,S,A,0.3459,0.5841,3.5,4
626,S,C,-0.8367,0.1707,6,2
626,S,D,0.6886,0.1016,7,2
626,S,E,0.3793,0.003536,5,2
626,S,F,-0.4877,1.055,8,4
626,S,G,-0.3251,0.3484,8,2
626,S,H,-1.065,0.1467,6,2
626,S,I,-0.1916,0.2245,9,2
626,S,K,-1.53,0.9487,4,2
626,S,L,-2.368,0.1768,10,2
626,S,M,-0.04675,0.03808,9.5,2
626,S,N,-0.0963,0.3222,7,2
626,S,P,-9.35,0.07495,9,2
626,S,Q,0.4273,0.02036,8,2
626,S,R,0.08105,0.4061,3,2
626,S,S,0,0,,4
626,S,T,-0.2609,0.2083,8,2
626,S,V,-0.3888,0.5811,7,2
626,S,W,-3.697,0.1831,11,2
626,S,Y,-0.02215,0.784,9,4
627,C,*,-9.532,0.0378,6,4
627,C,A,-9.386,0.3111,11,2
627,C,C,0,0,,4
627,C,D,-8.73,1.194,5,2
627,C,E,-8.752,0.9412,9,2
627,C,F,-7.691,1.203,6,4
627,C,G,-9.259,0.5508,5,2
627,C,H,-9.431,0.1867,10,2
627,C,I,-9.039,0.3691,12,2
627,C,K,-9.817,0.1732,8,2
627,C,L,-7.722,2.247,4,2
627,C,M,-9.147,0.4073,8,2
627,C,N,-9.84,0.1266,8,2
627,C,P,-9.697,0.09687,13,2
627,C,Q,-9.393,0.2567,17,2
627,C,R,-9.393,0.1798,6,4
627,C,S,-9.709,0.09546,11,2
627,C,T,-8.929,0.8825,10,2
627,C,V,-9.707,0.2256,6,2
627,C,W,-9.962,0.1252,8,2
627,C,Y,-9.351,0.5534,18.25,4
628,K,*,-1.464,0.5218,1,2
628,K,A,-0.1908,0.1335,6.5,2
628,K,C,-1.577,0.2765,9,2
628,K,D,-0.9465,0.2864,5,2
628,K,E,-0.2828,0.289,4.5,4
628,K,F,-0.8196,0.2891,11,2
628,K,G,-1.132,0.06081,11,2
628,K,H,-0.5793,0.0326,9,2
628,K,I,-0.8489,0.3112,7,2
628,K,K,0,0,,4
628,K,L,-0.1198,0.0596,6,2
628,K,M,-1.233,0.8589,5,4
628,K,N,0.2336,0.5996,12.5,4
628,K,P,-8.95,0.8719,13,2
628,K,Q,-0.4746,0.1566,7,2
628,K,R,-0.04232,0.3839,7,4
628,K,S,-0.7901,0.3534,6,2
628,K,T,0.7085,0.0594,4,2
628,K,V,-0.1687,0.1924,8,2
628,K,W,-0.5607,0.2106,8,2
628,K,Y,-0.3592,0.5765,4,2
629,V,A,-0.4845,0.6399,6.5,4
629,V,C,-6.781,0.4426,1,2
629,V,D,-7.252,1.422,13,2
629,V,E,-3.069,1.456,2,4
629,V,F,-9.115,0.4752,10,2
629,V,G,-3.822,1.231,1,2
629,V,H,-8.468,0.7573,6,2
629,V,I,0.0878,0.2922,3,2
629,V,K,-7.819,2.576,6,2
629,V,L,-4.79,2.846,7.5,4
629,V,M,-4.059,0.8513,15,4
629,V,N,-7.713,2.237,4,2
629,V,P,-5.057,1.696,6,2
629,V,Q,-4.948,0.939,10,2
629,V,R,-9.176,0.03111,4,2
629,V,S,-6.075,2.565,8,2
629,V,T,-0.9073,0.4126,3,2
629,V,V,0,0,,4
629,V,W,-9.689,0.1796,10,2
629,V,Y,-9.076,0.4759,5,2
630,F,A,-9.45,0.1365,7,2
630,F,C,-9.943,0.08061,9,2
630,F,D,-5.575,0.1068,7,2
630,F,E,-5.087,1.102,2,2
630,F,F,0,0,,4
630,F,G,-9.656,0.06788,8,2
630,F,H,-2.689,0.4144,6,2
630,F,I,-7.155,1.071,4.5,4
630,F,K,-9.467,0.1867,6,2
630,F,L,-9.069,1.005,13.5,4
630,F,M,-7.081,2.246,11,2
630,F,N,-8.766,0.7778,4,2
630,F,P,-9.16,0.06718,12,2
630,F,Q,-9.776,0.1457,12,2
630,F,R,-7.005,1.405,8.5,2
630,F,S,-4.893,2.249,3,4
630,F,T,-9.248,0.2319,7,2
630,F,V,-8.085,1.146,10,2
630,F,W,0.2231,0.2342,3,2
630,F,Y,-0.9214,0.8806,4.75,4
631,T,A,-0.1023,1.402,6.5,4
631,T,C,-7.686,1.095,7,2
631,T,D,-1.487,0.07566,3,2
631,T,E,-0.4033,0.2361,7,2
631,T,F,-0.1206,0.1024,6,2
631,T,G,0.2963,0.01909,9,2
631,T,H,0.3126,0.08591,6,2
631,T,I,-0.1401,0.5408,13.5,4
631,T,K,-1.085,0.5486,6,2
631,T,L,-0.5333,0.1066,7,2
631,T,M,0.1312,0.2578,8,2
631,T,N,-0.6675,1.737,7,4
631,T,P,0.4577,0.08683,7,2
631,T,Q,0.5082,0.03309,6,2
631,T,R,-3.085,0.01556,6,2
631,T,S,-0.2337,1.352,6.25,4
631,T,T,0,0,,4
631,T,V,-0.4249,0.07531,8,2
631,T,W,-0.2681,0.1922,10,2
631,T,Y,0.3245,0.2114,11,2
632,G,A,-1.391,1.145,5.25,4
632,G,C,-9.258,0.2482,8,4
632,G,D,0.1059,0.2749,40.5,4
632,G,E,-2.06,0.6873,6,2
632,G,F,-5.842,1.094,5,2
632,G,G,0,0,,4
632,G,H,-3.93,0.2814,3,2
632,G,I,-9.174,0.4101,9,2
632,G,K,-7.003,2.981,5,2
632,G,L,-8.427,1.766,11,2
632,G,M,-1.873,0.5904,5,2
632,G,N,-0.5445,0.405,5,2
632,G,P,-7.889,0.7191,5,2
632,G,Q,-1.737,0.338,7,2
632,G,R,-5.408,0.5183,9,2
632,G,S,-0.3305,0.5392,13,4
632,G,T,-3.858,1.165,6.5,2
632,G,V,-8.974,0.5111,6,4
632,G,W,-9.572,0.08768,7,2
632,G,Y,-1.627,0.2694,9,2
633,V,A,-5.787,4.136,6.5,4
633,V,C,-9.463,0.2326,13,2
633,V,D,-9.605,0.07212,5,2
633,V,E,-9.694,0.07707,8.5,2
633,V,F,-9.301,0.5261,5,2
633,V,G,-9.639,0.2659,9,2
633,V,H,-8.705,1.646,7,2
633,V,I,-2.535,0.1881,11,2
633,V,K,-0.9887,1.126,3,2
633,V,L,-9.322,0.6656,7.5,4
633,V,M,-8.675,1.046,17,4
633,V,N,-8.264,0.09829,5,2
633,V,P,-9.762,0.01556,6,2
633,V,Q,-9.409,0.519,6,2
633,V,R,-9.5,0.07354,10,2
633,V,S,-9.709,0.1011,8,2
633,V,T,-9.712,0.4207,7,2
633,V,V,0,0,,4
633,V,W,-9.192,0.4243,8,2
633,V,Y,-9.004,0.9475,6,2
634,Y,*,-4.249,3.318,2.5,4
634,Y,A,-9.056,0.1393,5,2
634,Y,C,-8.907,2.389,6,4
634,Y,D,-9.54,0.2793,5,2
634,Y,E,-9.567,0.3069,3,2
634,Y,F,-9.072,0.9016,9,2
634,Y,G,-9.671,0.4568,9,2
634,Y,H,-9.407,0.6127,12,4
634,Y,I,-9.603,0.4822,6,2
634,Y,K,-9.346,0.5169,5,2
634,Y,L,-9.482,0.1492,11,2
634,Y,M,-9.178,0.8309,6,2
634,Y,N,-8.589,1.852,8,2
634,Y,P,-8.665,0.7517,3,2
634,Y,Q,-9.566,0.3005,7,2
634,Y,R,-9.612,0.1754,8,2
634,Y,S,-5.58,3.07,4,4
634,Y,T,-9.431,0.1195,9,2
634,Y,V,-9.749,0.4108,7,2
634,Y,W,-9.523,0.3903,9,2
634,Y,Y,0,0,,4
635,P,A,-6.918,2.76,7,2
635,P,C,-9.517,0.1817,3,2
635,P,D,-8.04,0.9447,6.5,2
635,P,E,-9.149,0.7488,6.5,2
635,P,F,-9.196,0.5077,6,2
635,P,G,-9.464,0.01556,8,2
635,P,H,-9.498,0.2176,6,4
635,P,I,-8.072,0.8379,3,2
635,P,K,-8.966,1.326,5,2
635,P,L,-7.443,3.499,4.5,4
635,P,M,-9.277,0.2737,10,2
635,P,N,-9.344,0.03111,5,2
635,P,P,0,0,,4
635,P,Q,-9.669,0.03536,4,2
635,P,R,-8.828,0.04101,3,2
635,P,S,-8.71,2.059,3.5,4
635,P,T,-8.573,4.083,3.5,4
635,P,V,-9.497,0.14,4,2
635,P,W,-9.596,0.1287,4,2
635,P,Y,-9.134,0.02263,6,2
636,F,-,-6.698,0.09829,1,2
636,F,A,-9.574,0.1032,8,2
636,F,C,-8.256,1.848,6,2
636,F,D,-9.849,0.1082,10,2
636,F,E,-9.265,0.07637,9,2
636,F,F,0,0,,4
636,F,G,-6.174,0.9504,3,2
636,F,H,-9.765,0.1909,8,2
636,F,I,-9.15,0.6891,11,4
636,F,K,-9.706,0.0297,5,2
636,F,L,-2.8,0.4247,16.5,4
636,F,M,-3.494,0.5211,3,2
636,F,N,-9.715,0.08273,6,2
636,F,P,-9.355,0.03465,6,2
636,F,Q,-5.25,4.598,2,2
636,F,R,-9.243,0.3055,5,2
636,F,S,-9.493,0.2042,6,4
636,F,T,-8.879,0.2694,9,2
636,F,V,-9.602,0.7851,7,4
636,F,W,-8.457,1.733,4.5,2
636,F,Y,-3.769,0.1174,3.5,4
637,M,A,-8.041,1.049,6,2
637,M,C,-9.768,0.1846,9,2
637,M,D,-9.519,0.1598,7,2
637,M,E,-9.582,0.2249,11,2
637,M,F,-5.864,0.2963,6,2
637,M,G,-9.738,0.04101,6,2
637,M,H,-9.755,0.1563,10,2
637,M,I,-8.288,0.9913,13,4
637,M,K,-9.306,0.3703,8,4
637,M,L,-1.23,0.03818,6,2
637,M,M,0,0,,4
637,M,N,-9.074,0.2036,11,2
637,M,P,-9.274,0.1591,7,2
637,M,Q,-8.605,1.526,10,2
637,M,R,-8.32,1.984,6.5,4
637,M,S,-8.696,0.7736,4,2
637,M,T,-4.263,4.757,6.5,4
637,M,V,-1.106,1.293,3.5,4
637,M,W,-9.706,0.06152,7,2
637,M,Y,-3.865,0.111,11,2
638,W,*,-9.22,0.2406,9,4
638,W,A,-9.658,0.009899,6,2
638,W,C,-9.537,0.1432,8,4
638,W,D,-5.758,2.855,1,2
638,W,E,-9.29,0.1591,3,2
638,W,F,-9.305,0.1952,13,2
638,W,G,-9.604,0.0601,12,2
638,W,H,-9.556,0.2227,18,2
638,W,I,-9.807,0.2206,9,2
638,W,K,-9.822,0.1916,9,2
638,W,L,-7.61,4.899,9.25,4
638,W,M,-9.654,0.07142,6,2
638,W,N,-9.875,0.2192,9,2
638,W,P,-8.823,0.2143,9,2
638,W,Q,-9.28,0.4335,5,2
638,W,R,-9.065,0.5515,8,4
638,W,S,-9.488,0.6258,4,2
638,W,T,-9.449,0.6265,5,2
638,W,V,-7.998,1.1,6,2
638,W,W,0,0,,4
638,W,Y,-9.468,0.2503,6,2
639,G,-,-0.2733,0.9421,1,2
639,G,A,-9.2,0.384,8,2
639,G,C,-7.646,2.671,7.5,4
639,G,D,-9.123,0.1612,14.25,4
639,G,E,-9.471,0.2729,9,2
639,G,F,-8.238,0.1761,4,2
639,G,G,0,0,,4
639,G,H,-9.659,0.1838,9.5,2
639,G,I,-9.811,0.03748,7,2
639,G,K,-9.576,0.009192,13,2
639,G,L,-8.711,1.114,6,2
639,G,M,-9.276,0.1308,12,2
639,G,N,-9.654,0.1803,10,2
639,G,P,-9.622,0.2256,5,2
639,G,Q,-9.239,0.2404,12,2
639,G,R,-8.791,0.8994,8,2
639,G,S,-8.84,0.5716,10,4
639,G,T,-9.449,0.3521,10,2
639,G,V,-9.722,0.297,12,2
639,G,W,-9.814,0.07283,4,2
639,G,Y,-9.775,0.2652,12,2
640,G,*,-3.52,2.496,2.5,4
640,G,-,-0.2274,0.9737,1,2
640,G,A,-9.603,0.1499,10,2
640,G,C,-9.462,0.2312,4,2
640,G,D,-9.866,0.001414,9,2
640,G,E,-8.595,0.5165,8,4
640,G,F,-9.905,0.1273,14,2
640,G,G,0,0,,4
640,G,H,-1.597,,1,1
640,G,I,-9.386,0.1018,7,2
640,G,K,-9.607,0.2454,5,2
640,G,L,-9.679,0.3182,5,2
640,G,M,-9.413,0.1195,9,2
640,G,N,-9.273,0.2892,8,2
640,G,P,-7.136,1.998,4,2
640,G,Q,-9.767,0.03323,12,2
640,G,R,-9.713,0.04944,15,4
640,G,S,-9.267,0.1513,9,2
640,G,T,-9.424,0.02333,8,2
640,G,V,-9.052,0.9893,6,4
640,G,W,-9.782,0.1344,5,2
640,G,Y,-9.518,0.7248,9,2
641,A,-,-1.188,2.622,1,2
641,A,A,0,0,,4
641,A,C,-5.845,5.459,2,2
641,A,D,-5.076,1.156,10.5,4
641,A,E,-8.49,1.082,13,2
641,A,F,-8.275,2.36,9.5,2
641,A,G,-1.916,0.4469,6,2
641,A,H,-9.449,0.6053,6,2
641,A,I,-8.648,0.4144,6,2
641,A,K,-9.405,0.01414,6,2
641,A,L,-9.536,0.05515,13,2
641,A,M,-6.361,1.155,9,2
641,A,N,-2.288,0.4985,10,2
641,A,P,-5.604,4.791,4.5,4
641,A,Q,-9.579,0.1322,5,2
641,A,R,-9.567,0.02687,5.5,2
641,A,S,-3.103,0.7414,6,4
641,A,T,-9.701,1.366,11,4
641,A,V,-9.765,0.3708,9.75,4
641,A,W,-7.489,0.6145,3,2
641,A,Y,-6.933,3.014,7,2
642,Y,*,-8.263,2.07,3,4
642,Y,-,-1.802,1.821,1,4
642,Y,A,-8.361,0.9157,7,2
642,Y,C,-9.732,0.05162,3,2
642,Y,D,-9.098,0.5862,12,2
642,Y,E,-7.479,3.258,11,2
642,Y,F,-0.03795,1.067,3,4
642,Y,G,-9.593,0.169,9,2
642,Y,H,-6.364,1.632,7,4
642,Y,I,-3.929,0.4292,8,2
642,Y,K,-8.626,0.222,11,2
642,Y,L,-2.018,0.05303,5,2
642,Y,M,-1.901,0.384,9,2
642,Y,N,-9.607,0.4349,8,2
642,Y,P,-9.502,0.09405,5,2
642,Y,Q,-7.836,2.114,2,2
642,Y,R,-9.077,0.792,4,2
642,Y,S,-9.441,0.623,6,2
642,Y,T,-4.519,0.2588,7,2
642,Y,V,-0.9077,0.1319,12,2
642,Y,W,-6.346,2.126,4,2
642,Y,Y,0,0,,4
643,C,*,-8.492,4.241,3,4
643,C,-,-5.58,2.896,2.5,4
643,C,A,-9.761,0.04738,5,2
643,C,C,0,0,,4
643,C,D,-9.369,0.4052,6,2
643,C,E,-9.745,0.3217,8,2
643,C,F,-8.453,1.422,6.5,4
643,C,G,-9.364,0.56,6,2
643,C,H,-9.256,0.04455,4,2
643,C,I,-8.152,2.121,3,2
643,C,K,-9.47,0.2362,8,2
643,C,L,-9.543,0.06293,8,2
643,C,M,-9.732,0.21,10,2
643,C,N,-8.76,1.31,8.5,2
643,C,P,-9.71,0.355,11,2
643,C,Q,-8.584,0.7276,7,2
643,C,R,-8.548,2.185,8,4
643,C,S,-8.877,0.5811,6,4
643,C,T,-9.674,0.1563,5,2
643,C,V,-9.562,0.2425,10,2
643,C,W,-5.668,4.715,4,4
643,C,Y,-9.075,0.5823,14,4
644,F,-,-2.339,3.242,1,4
644,F,A,-8.77,1.384,15,2
644,F,C,-6.291,1.666,3,4
644,F,D,-9.721,0.1308,9,2
644,F,E,-9.759,0.05869,4,2
644,F,F,0,0,,4
644,F,G,-9.602,0.3323,9,2
644,F,H,-9.614,0.3231,7,2
644,F,I,-5.01,0.495,13,2
644,F,K,-9.803,0.1124,7,2
644,F,L,-5.881,1.127,11.75,4
644,F,M,-9.238,0.4964,10.5,2
644,F,N,-9.662,0.007071,7.5,2
644,F,P,-9.654,0.2821,5,2
644,F,Q,-9.623,0.2659,9,2
644,F,S,-4.732,4.404,3.5,4
644,F,T,-8.941,1.206,4,2
644,F,V,-7.888,0.06293,10,2
644,F,W,-0.04736,0.05103,6,2
644,F,Y,-8.942,2.265,6.5,4
645,C,*,-1.626,0.4624,1,2
645,C,-,-0.0215,0.5993,1,2
645,C,A,-8.936,1.062,8,2
645,C,C,0,0,,4
645,C,D,-9.633,0.2694,6,2
645,C,E,-8.869,1.232,3.5,2
645,C,F,-9.207,0.3709,7.5,4
645,C,G,-9.588,0.4745,3,2
645,C,H,-9.509,0.07354,10,2
645,C,I,-9.841,0.04808,10,2
645,C,K,-9.681,0.006364,6,2
645,C,L,-8.509,0.6399,7,2
645,C,M,-9.808,0.02616,6,2
645,C,N,-9.674,0.2807,7,2
645,C,P,-9.258,0.8584,9,2
645,C,Q,-9.62,0.2496,9,2
645,C,R,-8.903,0.9956,6.5,4
645,C,S,-8.803,1.096,5,4
645,C,T,-9.72,0.1655,5,2
645,C,V,-9.585,0.4639,5,2
645,C,W,-9.699,0.1471,14,2
645,C,Y,-9.297,0.1609,11.5,4
646,D,-,-3.159,4.128,1,4
646,D,A,-3.25,0.4405,6,2
646,D,C,-8.737,0.04101,12,2
646,D,D,0,0,,4
646,D,E,-0.08117,0.1978,8.5,4
646,D,F,-7.093,2.225,4,2
646,D,G,-8.815,0.5669,6.5,4
646,D,H,-1.413,1.067,6,4
646,D,I,-3.843,0.2341,5,2
646,D,K,-9.586,0.1598,8,2
646,D,L,-8.893,0.1874,2,2
646,D,M,-2.322,0.4497,6,2
646,D,N,-1.111,0.3611,9,4
646,D,P,-9.447,0.3981,9,2
646,D,Q,-2.765,0.007071,8,2
646,D,R,-9.504,0.3649,12.5,2
646,D,S,-1.654,0.06081,11,2
646,D,T,-2.132,0.3493,9,2
646,D,V,-1.571,0.152,9,2
646,D,W,-5.441,0.8669,9,2
646,D,Y,-4.598,2.469,4.5,4
647,T,-,-3.51,3.871,1,4
647,T,A,0.2692,1.039,3,4
647,T,C,-9.151,0.09263,9,2
647,T,D,0.2913,0.2305,5,2
647,T,E,-2.158,0.1768,6,2
647,T,F,-2.35,0.7099,7,2
647,T,G,-0.7056,0.04391,6,2
647,T,H,-2.063,2.484,2,2
647,T,I,-2.13,1.628,9.5,4
647,T,K,-7.282,1.401,6,2
647,T,L,-1.634,0.1089,5,2
647,T,M,-0.8508,0.2139,6,2
647,T,N,0.02665,0.3766,5,4
647,T,P,-3.674,0.09617,14,2
647,T,Q,-1.34,0.509,5,2
647,T,R,-2.466,0.3974,3,2
647,T,S,-0.1909,0.8619,2.5,4
647,T,T,0,0,,4
647,T,V,-0.5444,0.03005,16,2
647,T,W,-2.081,0.239,8,2
647,T,Y,-0.8836,0.2551,8,2
648,E,*,-9.081,0.3987,4.5,4
648,E,-,-5.554,0.9419,1,2
648,E,A,-6.197,2.977,8,2
648,E,C,-9.366,0.3677,8,2
648,E,D,-1.121,1.593,7,4
648,E,E,0,0,,4
648,E,F,-2.035,0.4335,5,2
648,E,G,-8.47,1.17,8,2
648,E,H,-4.553,0.7078,8,2
648,E,I,-9.117,0.5148,6,2
648,E,K,-8.428,1.051,17.5,4
648,E,L,-6.457,0.3776,5,2
648,E,M,-8.992,0.1131,4,2
648,E,N,-9.682,0.1556,4,2
648,E,P,-8.865,0.1131,10,2
648,E,Q,-2.239,0.256,4,2
648,E,R,-9.758,0.3132,6.5,2
648,E,S,-8.232,2.032,5,2
648,E,T,-8.114,0.152,9,2
648,E,V,-5.966,4.024,9,4
648,E,W,-4.873,1.061,5,2
648,E,Y,-8.577,1.461,7,2
649,N,-,-2.031,0.7142,1,2
649,N,A,-9.479,0.0396,10,2
649,N,C,-5.989,4.088,3,2
649,N,D,-8.606,1.063,4,4
649,N,E,-9.311,0.4518,10,2
649,N,F,-8.764,1.01,10,2
649,N,G,-9.815,0.2036,6,2
649,N,H,-8.899,0.0898,5,2
649,N,I,-8.7,0.07,14,2
649,N,K,-6.098,3.489,7.5,4
649,N,L,-9.412,0.007778,5,2
649,N,M,-9.646,0.5424,13,2
649,N,N,0,0,,4
649,N,P,-9.766,0.2333,4,2
649,N,Q,-9.13,1.273,8,2
649,N,R,-9.739,0.04879,7,2
649,N,S,-2.716,4.129,2,4
649,N,T,-8.286,0.2701,5,2
649,N,V,-9.135,0.4045,4,2
649,N,W,-9.524,0.00495,9,2
649,N,Y,-9.948,0.1725,9,2
650,T,A,-0.1418,0.8115,4.5,4
650,T,C,-2.22,0.4073,5,2
650,T,D,-0.6768,0.1098,11,2
650,T,E,-0.6964,0.1861,7,2
650,T,F,-9.531,0.1457,4,2
650,T,G,-3.813,0.09192,7,2
650,T,H,-2.399,0.2227,8,2
650,T,I,-1.09,0.4663,8,4
650,T,K,-9.54,0.07566,4,2
650,T,L,-8.849,0.3189,7,2
650,T,M,-0.2001,0.05013,5,2
650,T,N,-2.923,2.021,4.5,4
650,T,P,-9.412,0.1874,11,2
650,T,Q,-1.74,0.1803,3,2
650,T,R,-9.732,0.3231,10,2
650,T,S,-1.318,3.04,3,4
650,T,T,0,0,,4
650,T,V,0.2509,0.519,5,2
650,T,W,-9.662,0.1499,7,2
650,T,Y,-8.231,0.4851,13,2
651,Q,*,-6.19,2.326,8.5,4
651,Q,A,-9.809,0.2425,11,2
651,Q,C,-9.48,0.1032,7,2
651,Q,D,-9.459,0.1089,12,2
651,Q,E,-9.213,0.3507,11,2
651,Q,F,-9.386,0.02192,11,2
651,Q,G,-7.761,1.843,6,2
651,Q,H,-8.155,0.8294,9.5,4
651,Q,I,-9.242,0.5933,9,2
651,Q,K,-9.375,0.8252,9.5,4
651,Q,L,-9.569,0.01202,11.5,2
651,Q,M,-9.114,0.9603,10.5,2
651,Q,N,-9.643,0.02899,8,2
651,Q,P,-6.514,4.329,5,4
651,Q,Q,0,0,,4
651,Q,R,-9.037,3.049,6.5,4
651,Q,S,-9.654,0.2645,9,2
651,Q,T,-9.582,0.2326,5,2
651,Q,V,-8.375,1.389,9,2
651,Q,W,-9.252,0.2927,8,2
651,Q,Y,-9.727,0.2454,7,2
652,L,A,-6.386,2.254,2,2
652,L,C,-5.962,0.3868,5,2
652,L,D,-9.259,0.9242,7,2
652,L,E,-2.383,0.6633,3,2
652,L,F,-5.22,0.8167,9,2
652,L,G,-9.614,0.07354,4,2
652,L,H,-6.081,0.01556,6,2
652,L,I,-2.271,0.08768,3,2
652,L,K,-2.417,0.2963,2,2
652,L,L,0,0,,4
652,L,M,-0.2939,0.2533,8.5,4
652,L,N,-8.534,1.312,3,2
652,L,P,-5.261,5.193,4.5,4
652,L,Q,-3.33,2.38,7,4
652,L,R,-3.179,1.861,5,2
652,L,S,-7.604,2.169,5,2
652,L,T,-1.962,0.2425,14.5,2
652,L,V,-0.6861,1.713,3,2
652,L,W,-9.611,0.1216,4,2
652,L,Y,-7.061,0.6831,4,2
653,S,A,-3.032,2.255,3,2
653,S,C,-3.295,0.8121,5,4
653,S,D,-9.014,0.9963,5,2
653,S,E,-1.493,1.091,10,2
653,S,F,-9.056,0.2892,13,2
653,S,G,-3.561,1.759,3.5,4
653,S,H,-9.508,0.1061,10,2
653,S,I,-8.669,4.35,8,4
653,S,K,-9.807,0.1669,5,2
653,S,L,-8.451,0.1252,6,2
653,S,M,-9.238,0.8754,5.5,2
653,S,N,-9.54,0.4637,12,4
653,S,P,-9.414,0.4073,10.5,2
653,S,Q,-9.152,0.08202,2,2
653,S,R,-8.372,1.292,9.5,4
653,S,S,0,0,,4
653,S,T,-7.097,2.206,8,2
653,S,V,-8.795,0.7509,5,2
653,S,W,-4.985,0.6265,2,2
653,S,Y,-9.793,0.1018,12,2
654,E,*,-5.085,2.899,3.5,4
654,E,-,-1.828,0.6541,1,2
654,E,A,-6.598,2.727,11,2
654,E,C,-9.776,0.02758,7,2
654,E,D,-3.605,1.026,7.5,4
654,E,E,0,0,,4
654,E,F,-6.811,2.088,8,2
654,E,G,-8.959,0.8946,5.75,4
654,E,H,-7.602,1.977,7,2
654,E,I,-6.551,0.1266,11,2
654,E,K,-8.88,1.021,12,4
654,E,L,-9.2,0.5777,7,2
654,E,M,-7.496,0.362,8,2
654,E,N,-7.783,1.975,10,2
654,E,P,-9.254,0.3564,17,2
654,E,Q,-6.219,1.789,4,2
654,E,R,-8.553,0.8605,14,2
654,E,S,-6.702,2.51,11,2
654,E,T,-5.344,0.0594,8,2
654,E,V,-5.242,0.9433,8,2
654,E,W,-7.207,3.446,7,2
654,E,Y,-6.1,2.612,7,2
655,A,*,-4.497,5.425,1,2
655,A,-,-0.7004,1.148,1,2
655,A,A,0,0,,4
655,A,C,-3.3,0.3889,13,2
655,A,D,-7.508,4.378,5.5,4
655,A,E,-9.724,0.1817,4,2
655,A,F,-9.036,0.9263,6,2
655,A,G,-0.8396,0.49,3,2
655,A,H,-9.811,0.09051,5,2
655,A,I,-1.24,0.06505,7,2
655,A,K,-9.442,0.05869,9,2
655,A,L,-1.795,0.3097,4,2
655,A,M,-3.357,0.5918,9,2
655,A,N,-9.633,0.3288,11,2
655,A,P,-9.562,0.3231,5,2
655,A,Q,-9.581,0.02616,5,2
655,A,R,-9.747,0.009192,8,2
655,A,S,-3.06,0.8445,8.5,4
655,A,T,-4.668,1.569,26.75,4
655,A,V,-2.476,1.308,11.5,4
655,A,W,-8.897,0.06647,9,2
655,A,Y,-8.683,0.4589,8,2
656,H,-,-1.851,2.219,1,2
656,H,A,-3.099,1.084,4,2
656,H,C,-5.638,0.7913,10,2
656,H,D,-9.21,0.5735,9,2
656,H,E,-8.45,1.836,5,2
656,H,F,-1.558,0.1195,9,2
656,H,G,-9.082,0.4023,9,2
656,H,H,0,0,,4
656,H,I,-9.648,0.3705,7,2
656,H,K,-9.041,0.05091,6,2
656,H,L,-9.113,0.2022,4,2
656,H,M,-3.676,0.6866,7,2
656,H,N,-1.979,2.071,4,4
656,H,P,-9.421,0.2807,32,2
656,H,Q,-6.376,1.367,7.5,4
656,H,R,-7.89,1.617,6,4
656,H,S,-0.876,0.2304,3,2
656,H,T,-6.447,1.73,5,2
656,H,V,-9.107,0.3868,9,2
656,H,W,-0.0056,0.7722,3,2
656,H,Y,-2.4,1.271,5,4
657,V,-,-0.3539,0.8291,1,2
657,V,A,-3.364,1.002,8.25,4
657,V,C,-4.381,0.2008,4,2
657,V,D,-9.678,0.08556,2,2
657,V,E,-8.948,0.8335,4.5,4
657,V,F,-9.575,0.3422,5,2
657,V,G,-9.831,0.1421,9.5,2
657,V,H,-8.699,1.345,8,2
657,V,I,-0.00865,0.5984,8.5,2
657,V,K,-9.337,0.02828,6,2
657,V,L,-2.079,1.294,10.5,4
657,V,M,-7.817,1.786,15.5,4
657,V,N,-9.575,0.2977,10,2
657,V,P,-7.457,0.4837,8.5,2
657,V,Q,-9.47,0.06718,10,2
657,V,R,-9.62,0.3472,7,2
657,V,S,-0.3655,0.3715,2,2
657,V,T,-2.371,0.4469,10,2
657,V,V,0,0,,4
657,V,W,-2.715,4.008,1,2
657,V,Y,-9.322,0.2737,6,2
658,E,*,-4.299,2.68,2,4
658,E,-,-1.205,1.592,1.5,4
658,E,A,-0.3367,0.4954,1,2
658,E,C,-1.106,0.5156,6,2
658,E,D,-0.6778,0.2045,8,2
658,E,E,0,0,,4
658,E,F,-0.5006,0.09461,4,2
658,E,G,-0.1672,0.3293,6,4
658,E,H,-2.147,0.3741,9,2
658,E,I,-1.454,0.2489,6,2
658,E,K,-1.124,0.2901,69.5,4
658,E,L,-0.4897,0.3732,6,2
658,E,M,-0.0967,1.188,3,2
658,E,N,-0.7652,0.04278,4,2
658,E,P,-8.97,1.514,7,2
658,E,Q,-0.1522,0.364,6,2
658,E,R,-2.784,0.8301,3,2
658,E,S,-1.151,0.1959,5,2
658,E,T,-1.599,0.4426,8,2
658,E,V,-0.2858,0.09178,8,2
658,E,W,-2.663,0.7502,4,2
658,E,Y,-1.871,0.1994,3,2
659,K,*,-2.312,3.469,1,2
659,K,-,-2.302,2.664,2,2
659,K,A,-1.776,0.1039,7,2
659,K,C,-6.389,2.688,7.5,2
659,K,D,-9.655,0.2737,7,2
659,K,E,-2.458,0.9323,4,4
659,K,F,-4.064,0.123,5,2
659,K,G,-5.292,0.4914,6,2
659,K,H,-2.696,0.6541,5,2
659,K,I,-2.392,2.177,3.5,2
659,K,K,0,0,,4
659,K,L,-2.03,1.23,5,2
659,K,M,-1.519,4.03,3,4
659,K,N,-3.255,0.3111,12,2
659,K,P,-2.642,0.1937,7,2
659,K,Q,-1.602,0.1923,3,2
659,K,R,-0.6754,0.6704,12,4
659,K,S,-2.509,0.4978,9,2
659,K,T,-3.661,0.6703,8,2
659,K,V,-3.421,0.2383,6,2
659,K,W,-2.541,0.1372,11.5,2
659,K,Y,-3.734,0.1789,11,2
660,S,-,-0.5518,1.82,2,2
660,S,A,-0.8243,0.503,6,2
660,S,C,-3.93,3.205,3,4
660,S,D,-8.534,1.124,5,2
660,S,E,-2.189,0.07142,7,2
660,S,F,-9.416,0.4115,5,2
660,S,G,0.1835,0.4503,12.5,4
660,S,H,-8.918,0.7898,7,2
660,S,I,-5.816,1.783,5.5,4
660,S,K,-6.113,0.244,6,2
660,S,L,-5.61,1.831,9,2
660,S,M,0.1396,0.021,4,2
660,S,N,-8.626,0.8329,15,4
660,S,P,0.7877,0.07396,7,2
660,S,Q,-1.371,0.8299,6.5,2
660,S,R,-5.487,2.737,5.5,4
660,S,S,0,0,,4
660,S,T,-0.4738,0.2275,13,2
660,S,V,-2.298,0.5544,6,2
660,S,W,-7.442,3.236,6,2
660,S,Y,-8.457,1.262,8,2
661,E,*,-6.984,2.257,3,4
661,E,-,-3.065,3.369,2,2
661,E,A,0.5329,0.3705,8,2
661,E,C,-2.053,0.02263,8.5,2
661,E,D,-0.7727,1.003,8.5,4
661,E,E,0,0,,4
661,E,F,0.000115,0.07845,6,2
661,E,G,-1.216,1.13,4,4
661,E,H,0.578,0.1933,7,2
661,E,I,-0.5437,0.1531,11,2
661,E,K,-4.654,0.654,10.5,4
661,E,L,-1.592,0.4059,6,2
661,E,M,-0.9354,0.4068,12,2
661,E,N,-1.404,0.1216,4,2
661,E,P,-1.923,0.1817,4,2
661,E,Q,-2.08,0.08556,8,2
661,E,R,-4.784,0.553,4,2
661,E,S,-0.2536,0.3086,5,2
661,E,T,-0.9736,0.6582,6,2
661,E,V,-1.159,0.3951,6,2
661,E,W,0.3246,0.07623,4,2
661,E,Y,0.0508,0.5607,5,2
662,S,-,-1.45,1.164,2,2
662,S,A,-0.4399,0.01485,6,2
662,S,C,-7.963,1.348,7,2
662,S,D,-9.229,0.6449,7,2
662,S,E,-9.645,0.2128,7,2
662,S,F,-8.909,0.3295,10,2
662,S,G,0.356,1.967,3.5,4
662,S,H,-9.439,0.1506,5,2
662,S,I,-7.04,3.073,6,4
662,S,K,-9.445,0.04243,6,2
662,S,L,-9.76,0.1711,10,2
662,S,M,-7.909,0.4144,6,2
662,S,N,-8.921,0.3988,12.5,4
662,S,P,-9.476,0.2326,32,2
662,S,Q,-9.48,0.6993,5,2
662,S,R,-9.378,0.2546,7,4
662,S,S,0,0,,4
662,S,T,-9.489,0.04243,3,2
662,S,V,-2.921,1.365,3,2
662,S,W,-9.18,0.07283,8,2
662,S,Y,-8.05,1.819,12,2
663,C,*,-3.255,5.22,5,4
663,C,-,-0.8441,1.431,2,2
663,C,A,-8.816,0.2864,9,2
663,C,C,0,0,,4
663,C,D,-8.392,1.474,3,2
663,C,E,-8.79,0.7255,3,2
663,C,F,-8.861,0.3542,7.5,4
663,C,G,-9.396,0.02333,8,2
663,C,H,-7.848,0.1824,6,2
663,C,I,-8.52,0.008485,10,2
663,C,K,-9.531,0.08485,6,2
663,C,L,-9.258,0.3323,4,2
663,C,M,-9.755,0.06152,6,2
663,C,N,-8.15,2.328,4,2
663,C,P,-9.634,0.008485,11,2
663,C,Q,-9.596,0.3359,4,2
663,C,R,-8.655,1.73,10.5,4
663,C,S,-5.121,5.201,10.5,4
663,C,T,-9.82,0.2828,7,2
663,C,V,-9.769,0.1457,9,2
663,C,W,-9.606,0.09192,6,2
663,C,Y,-9.181,0.2077,55,4
664,K,-,0.04675,0.6892,2,2
664,K,A,-0.9693,0.08719,10,2
664,K,C,-0.8302,0.1381,8,2
664,K,D,-1.127,0.0502,6,2
664,K,E,-1.169,1.293,4.5,4
664,K,F,-0.5597,0.03246,13,2
664,K,G,-1.843,0.28,8,2
664,K,H,-0.06677,0.01877,11,2
664,K,I,-0.938,0.01648,7,2
664,K,K,0,0,,4
664,K,L,-1.031,0.3084,2,2
664,K,M,-0.07737,0.2081,11,2
664,K,N,0.07462,0.4853,7,4
664,K,P,-1.694,0.152,8,2
664,K,Q,-0.5589,0.8571,3,2
664,K,R,0.4899,0.4194,8,2
664,K,S,-0.7635,0.3967,7.5,2
664,K,T,-0.3365,0.1124,10,2
664,K,V,-1.104,0.1565,9,2
664,K,W,-1.165,0.01273,3,2
664,K,Y,0.2457,0.0659,9,2
665,T,-,-3.554,4.525,3,2
665,T,A,0.2445,0.0425,3,2
665,T,D,-4.21,0.4356,7,2
665,T,E,0.2219,0.4203,3,2
665,T,F,-0.7426,0.5705,7,2
665,T,G,-1.37,0.5648,7,2
665,T,H,0.261,0.1768,5,2
665,T,I,-0.9447,1.112,8.5,4
665,T,K,-2.216,0.007778,6,2
665,T,L,-0.9018,0.3864,7,2
665,T,M,-0.2466,0.01916,10,2
665,T,N,-1.256,0.7274,7,4
665,T,P,-9.524,0.3069,7,2
665,T,Q,0.4199,0.008415,1,2
665,T,R,-2.49,0.3345,6,2
665,T,S,-1.052,0.1558,9,2
665,T,T,0,0,,4
665,T,V,-0.2182,0.04172,4,2
665,T,W,-1.228,0.4293,6,2
665,T,Y,-0.7418,0.1713,5,2
666,E,*,-9.142,0.7557,4,4
666,E,-,-2.792,1.874,2,2
666,E,A,-9.756,0.2135,6,2
666,E,C,-9.754,0.2333,12,2
666,E,D,-8.975,0.4257,11,2
666,E,E,0,0,,4
666,E,F,-7.457,0.5013,8,2
666,E,G,-8.303,0.6151,2,4
666,E,H,-2.441,1.206,2,2
666,E,I,-8.383,1.165,7,2
666,E,K,-7.726,1.826,15.5,4
666,E,L,-8.324,1.529,4,2
666,E,M,-7.268,1.092,6,2
666,E,N,-8.252,1.76,8,2
666,E,P,-7.389,1.431,11,2
666,E,Q,-6.656,2.379,8,2
666,E,R,-8.931,0.495,9,2
666,E,S,-9.259,0.08344,3,2
666,E,T,-9.615,0.08202,4,2
666,E,V,-7.721,0.01838,7,2
666,E,W,-8.762,0.2036,11,2
666,E,Y,-9.639,0.1464,12.5,2
667,F,-,-0.3137,1.146,1,2
667,F,A,-4.228,0.181,8,2
667,F,C,-9.653,0.2404,5,2
667,F,D,-8.914,0.0693,2,2
667,F,E,-9.579,0.4624,10,2
667,F,F,0,0,,4
667,F,G,-8.123,2.616,7,2
667,F,H,-0.08265,0.2497,5,2
667,F,I,-6.265,3.34,4.5,4
667,F,K,-3.114,1.899,4,2
667,F,L,-5.603,4.248,5,4
667,F,M,-1.165,0.3779,6,2
667,F,N,-6.341,3.292,3,2
667,F,P,-9.502,0.4893,6,2
667,F,Q,-9.018,0.198,2,2
667,F,R,-3.425,0.1435,4,2
667,F,S,-1.813,0.6732,2,4
667,F,V,-2.052,0.3104,11,2
667,F,W,-0.5397,0.6177,2,2
667,F,Y,-0.3588,0.1975,4,2
668,A,-,-3.348,4.877,1,2
668,A,A,0,0,,4
668,A,C,-9.575,0.1117,4.5,2
668,A,D,-8.726,0.9217,8,4
668,A,E,-9.049,0.5883,4,2
668,A,F,-8.976,0.1591,10,2
668,A,G,-6.146,3.219,7,2
668,A,H,-9.671,0.3557,4,2
668,A,I,-9.755,0.432,7,2
668,A,K,-9.413,0.4921,5,2
668,A,L,-8.882,0.9504,5,2
668,A,M,-4.419,0.005657,4,2
668,A,N,-9.688,0.05586,4,2
668,A,P,-8.194,0.8082,6.5,2
668,A,Q,-9.542,0.2432,9,2
668,A,R,-4.656,0.49,4,2
668,A,S,-3.607,0.5388,9,4
668,A,T,-8.608,1.09,22,4
668,A,V,-0.7568,0.4094,24,4
668,A,W,-8.979,1.16,4,2
668,A,Y,-9.764,0.3613,8,2
669,S,A,0.2616,0.06293,4,2
669,S,C,-0.8285,0.1344,8,2
669,S,D,-7.257,1.13,9,2
669,S,E,-0.5341,0.1058,8,2
669,S,F,-1.246,0.04031,14,2
669,S,G,0.1149,0.1871,8,4
669,S,H,-0.9797,0.2832,8,2
669,S,I,-0.1744,0.6274,10,4
669,S,K,-0.2038,0.06824,7,2
669,S,L,-0.9638,0.2195,5,2
669,S,M,-0.4579,0.2025,7,2
669,S,N,-0.4777,0.6337,8,4
669,S,P,-9.409,0.2687,10.5,2
669,S,Q,0.09851,0.1202,5,2
669,S,R,-1.692,0.7837,7,4
669,S,S,0,0,,4
669,S,T,-0.01081,0.1173,5.5,2
669,S,V,-0.14,0.4671,6,2
669,S,W,-1.07,0.02333,3,2
669,S,Y,-0.5835,0.2379,9,2
670,A,A,0,0,,4
670,A,C,-0.1053,0.1564,5,2
670,A,D,-9.66,0.3219,6.5,4
670,A,E,-9.567,0.2135,12,2
670,A,F,-9.204,0.792,5,2
670,A,G,-0.3005,1.386,5.5,4
670,A,H,-8.883,1.178,11,2
670,A,I,-9.592,0.04101,12,2
670,A,K,-7.468,1.682,5,2
670,A,L,-3.839,0.06647,8,2
670,A,M,-3.588,0.8436,7,2
670,A,N,-9.398,0.4059,10,2
670,A,P,-9.78,0.007071,8,2
670,A,Q,-8.07,2.41,6,2
670,A,R,-9.304,0.4766,9,2
670,A,S,-2.497,3.208,8.5,4
670,A,T,-0.09299,0.2129,20.5,4
670,A,V,-2.888,1.112,9,4
670,A,W,-8.163,1.033,7,2
670,A,Y,-9.095,0.3663,6,2
671,Y,A,-1.289,0.005657,8,2
671,Y,C,-1.543,0.1442,8.5,2
671,Y,D,-9.684,0.1718,13,2
671,Y,E,-8.022,0.6272,5,2
671,Y,F,0.7886,0.1547,7,2
671,Y,G,-9.198,0.8337,8,2
671,Y,H,-0.8286,0.5594,10.5,4
671,Y,I,-0.413,0.4469,7,2
671,Y,K,-9.829,0.05586,7,2
671,Y,L,0.5428,0.06696,10,2
671,Y,M,0.4308,0.1813,10,2
671,Y,N,-2.029,1.813,5,4
671,Y,P,-8.492,1.716,7,2
671,Y,Q,-2.258,0.1174,4,2
671,Y,R,-9.582,0.1973,7,2
671,Y,S,-2.206,0.659,11,2
671,Y,T,-7.093,0.6484,8,2
671,Y,V,-1.709,0.08132,7,2
671,Y,W,-0.2813,0.08542,4,2
671,Y,Y,0,0,,4
672,R,*,-0.617,0.2689,1,2
672,R,-,-2.382,1.674,2,2
672,R,A,0.5116,0.1097,4,2
672,R,C,-2.064,0.1308,11,2
672,R,D,-1.577,0.2029,6,2
672,R,E,-0.7721,0.3251,4,2
672,R,F,-0.6118,0.6014,6,2
672,R,G,-2.166,0.2859,8,4
672,R,H,-0.7946,0.2839,10,2
672,R,I,-0.102,0.4993,11.5,4
672,R,K,0.02968,0.09765,14,4
672,R,L,-1.087,0.1862,10,2
672,R,M,-0.1425,0.09773,5,2
672,R,N,-0.723,0.2589,6,2
672,R,P,-9.697,0.3267,10,2
672,R,Q,-0.307,0.183,8,2
672,R,R,0,0,,4
672,R,S,-2.462,2.621,5.5,4
672,R,T,-0.548,0.1113,4,2
672,R,V,-0.6726,0.1026,12,2
672,R,W,-0.3054,0.2257,9,2
672,R,Y,-0.0578,0.3366,6,2
673,A,-,-6.507,0.3111,2,2
673,A,A,0,0,,4
673,A,C,-1.821,0.7616,4,2
673,A,D,-8.934,0.245,6,4
673,A,E,-9.8,0.1888,10.5,2
673,A,F,-8.998,0.9122,13,2
673,A,G,-1.38,0.2645,9,2
673,A,H,-9.185,0.1287,8,2
673,A,I,0.07885,0.9493,5,2
673,A,K,-9.601,0.2934,4,2
673,A,L,-5.905,1.197,3,2
673,A,M,-8.075,2.449,9,2
673,A,N,-9.681,0.1124,6,2
673,A,P,-5.431,2.948,2.5,4
673,A,Q,-1.051,0.2272,7,2
673,A,R,-9.543,0.03111,3,2
673,A,S,-0.5895,0.3757,5,4
673,A,T,-0.3718,0.8392,14,4
673,A,V,-0.7374,1.104,13,4
673,A,W,-9.263,0.1344,3.5,2
673,A,Y,-8.386,2.017,3,2
674,H,-,-3.966,0.3748,3,2
674,H,A,-1.491,0.2008,8,2
674,H,C,-8.539,1.424,4,2
674,H,D,-8.116,1.74,8,2
674,H,E,-1.943,0.07071,22,2
674,H,F,-3.905,0.7,10,2
674,H,G,-9.702,0.0792,10,2
674,H,H,0,0,,4
674,H,I,-3.205,2.872,2,2
674,H,K,0.1564,0.743,5,2
674,H,L,-0.533,0.152,6,2
674,H,M,-0.7489,0.3172,6,2
674,H,N,-0.7021,0.1861,6,4
674,H,P,-9.285,0.6421,5,2
674,H,Q,-1.134,0.6154,10,4
674,H,R,-1.455,1.101,5,4
674,H,S,-1.288,0.1577,7,2
674,H,T,-0.5281,0.3765,8,2
674,H,V,-0.6962,0.1816,8,2
674,H,W,0.1566,0.2485,3,2
674,H,Y,-3.256,0.1435,6.5,2
675,T,A,-9.043,4.138,4,4
675,T,C,-9.767,0.1153,11.5,2
675,T,D,-8.051,1.666,10,2
675,T,E,-9.107,0.4172,10,2
675,T,F,-9.295,0.2885,9,2
675,T,G,-5.142,4.529,5,4
675,T,H,-8.71,0.1697,10,2
675,T,I,-0.3147,1.326,10,4
675,T,K,-7.916,3.906,8.75,4
675,T,L,-3.456,0.09617,10,2
675,T,M,-8.77,0.7651,4,2
675,T,N,-9.59,0.1464,15,2
675,T,P,-9.011,0.1061,10.5,2
675,T,Q,-9.521,0.292,3,2
675,T,R,-9.062,0.8287,8,2
675,T,S,-0.3886,0.0002121,8,2
675,T,T,0,0,,4
675,T,V,-0.3315,0.02574,2,2
675,T,W,-8.446,0.7297,5,2
675,T,Y,-7.604,0.531,6,2
676,A,-,-4.42,2.877,2.5,4
676,A,A,0,0,,4
676,A,C,-3.535,0.7389,2,2
676,A,D,-4.458,2.279,6,4
676,A,E,-9.382,0.4872,6,2
676,A,F,-9.482,0.2701,10,2
676,A,G,0.2189,1.166,4.5,4
676,A,H,-9.707,0.2326,5,2
676,A,I,-9.388,0.2319,3,2
676,A,K,-9.265,0.5805,9,2
676,A,L,-4.337,5.893,5.5,4
676,A,M,-9.7,0.4151,6,2
676,A,N,-9.595,0.05445,6,2
676,A,P,-9.194,0.6739,8,2
676,A,Q,-8.451,1.7,7,2
676,A,R,-6.788,2.406,4,2
676,A,S,-0.0843,0.6155,9,4
676,A,T,-7.828,1.739,11,4
676,A,V,-4.655,1.302,11.5,4
676,A,W,-9.3,0.8365,7,2
676,A,Y,-9.334,0.5777,8.5,2
677,S,-,-3.868,2.545,2.5,4
677,S,A,-0.1308,3.159,6.5,4
677,S,C,0.2314,0.5086,4,2
677,S,D,-1.267,2.189,2,2
677,S,E,0.186,0.03755,6,2
677,S,F,-0.4886,2.439,4,4
677,S,G,-0.5754,0.4293,6,2
677,S,H,0.3644,0.6691,6.5,2
677,S,I,0.8881,0.01181,4,2
677,S,K,0.4754,0.1022,1,2
677,S,L,0.4533,0.09567,12,2
677,S,M,-0.9831,0.04221,3.5,2
677,S,N,0.5836,0.04957,4,2
677,S,P,-8.517,0.8007,11.25,4
677,S,Q,0.3172,0.1295,11,2
677,S,R,-0.4487,0.003394,5,2
677,S,S,0,0,,4
677,S,T,0.4431,0.2313,7.5,4
677,S,V,-0.5266,0.1632,6,2
677,S,W,-0.454,0.1645,10.5,2
677,S,Y,-0.3907,0.8398,3.5,4
678,A,A,0,0,,4
678,A,C,-0.3216,0.2708,2,2
678,A,D,-4.438,1.719,4.5,4
678,A,E,-1.651,0.4122,8,2
678,A,F,-0.02766,0.04502,9,2
678,A,G,0.05186,0.009334,5,2
678,A,H,-0.09964,0.0749,7,2
678,A,I,0.05313,0.1282,8,2
678,A,K,-0.5047,0.2876,5,2
678,A,L,-0.8624,0.01174,5,2
678,A,M,-0.4307,0.1548,4,2
678,A,N,0.1409,0.103,7,2
678,A,P,-8.716,1.232,9,2
678,A,Q,-0.2091,1.121,4,2
678,A,R,0.3863,0.2553,3,2
678,A,S,-0.2066,0.6642,3.75,4
678,A,T,0.1184,0.3521,16.5,4
678,A,V,-0.1022,0.3138,27.75,4
678,A,W,-7.643,2.287,2,2
678,A,Y,-0.2038,0.8108,6,2
679,S,A,-0.307,0.08973,8,2
679,S,C,-0.9054,0.1904,6,2
679,S,D,-1.012,0.2859,3,4
679,S,E,-0.1048,0.2436,9,2
679,S,F,-0.181,0.6224,9,4
679,S,G,-0.7041,0.6689,8,2
679,S,H,-0.3825,0.06378,6,2
679,S,I,-1.696,0.5728,5,2
679,S,K,-2.073,1.389,3,2
679,S,L,-1.438,0.2178,8,2
679,S,M,-0.7973,0.1912,6,2
679,S,N,-1.749,0.5558,7,2
679,S,P,-6.94,1.431,8.5,4
679,S,Q,-0.6188,0.09716,6,2
679,S,R,-0.06765,0.27,4,2
679,S,S,0,0,,4
679,S,T,-0.2679,0.7444,6.5,4
679,S,V,-0.3385,0.1198,7,2
679,S,W,-0.2792,0.566,1,2
679,S,Y,0.112,0.4636,7.5,4
680,A,*,-3.977,5.794,1,2
680,A,-,-3.585,4.185,1.25,4
680,A,A,0,0,,4
680,A,C,0.3327,0.4302,3,2
680,A,D,-8.468,0.6598,6.5,4
680,A,E,-9.603,0.2546,3,2
680,A,F,-3.757,0.4384,5,2
680,A,G,-1.51,0.3359,6,2
680,A,H,-3.314,0.3995,5,2
680,A,I,-9.531,0.3635,7,2
680,A,K,-9.715,0.432,8,2
680,A,L,-2.47,0.2461,7,2
680,A,M,-0.772,1.038,6,2
680,A,N,-9.987,0.0891,9,2
680,A,P,-9.287,0.1874,8,2
680,A,Q,-9.543,0.1824,5,2
680,A,R,-9.878,0.1633,8,2
680,A,S,0.4962,0.4778,4,4
680,A,T,-0.8924,0.2866,35.5,4
680,A,V,-8.597,1.75,13,4
680,A,W,-5.918,0.9214,4,2
680,A,Y,-5.48,0.1471,8,2
681,K,*,-8.717,0.1273,1,2
681,K,-,-0.8894,0.7773,1,2
681,K,A,-0.7259,0.34,5.5,2
681,K,C,-0.09213,0.1725,7,2
681,K,D,-3.266,0.06152,6,2
681,K,E,-1.695,1.047,10,4
681,K,F,-0.9496,0.3641,4,2
681,K,G,-0.7537,0.227,10,2
681,K,H,-0.4845,0.2585,11,2
681,K,I,-1.044,0.07587,11,2
681,K,K,0,0,,4
681,K,L,-0.6165,0.424,13,2
681,K,M,-1.148,1.382,5,4
681,K,N,-0.3695,0.5794,9.75,4
681,K,P,-9.368,0.2447,6,2
681,K,Q,-2.686,0.7241,5,2
681,K,R,0.4712,0.1691,12,2
681,K,S,-2.067,1.563,11,2
681,K,T,-0.4851,0.8102,8,2
681,K,V,-0.1444,0.5115,7,2
681,K,W,-1.514,0.2418,4,2
681,K,Y,-0.6086,0.48,8,2
682,L,-,-2.88,1.114,3,2
682,L,A,-2.807,0.1329,10,2
682,L,C,-2.876,2.124,9,2
682,L,D,-9.446,0.09192,8,2
682,L,E,-9.803,0.111,4,2
682,L,F,-0.4046,0.07212,9,2
682,L,G,-9.747,0.1308,3,2
682,L,H,-8.918,0.6265,9.5,2
682,L,I,-0.1187,1.015,2,2
682,L,K,-8.424,0.7474,5,2
682,L,L,0,0,,4
682,L,M,-0.2505,0.3831,8,4
682,L,N,-9.713,0.2157,13,2
682,L,P,-9.51,0.1477,10.5,4
682,L,Q,-9.68,0.0799,11,2
682,L,R,-9.486,0.1888,10,2
682,L,S,-3.566,4.172,3,2
682,L,T,-4.689,1.098,7,2
682,L,V,-0.266,0.08563,9,2
682,L,W,-1.651,1.059,5,2
682,L,Y,-2.556,0.3033,4,2
683,R,*,-8.25,1.624,4.5,4
683,R,-,-4.519,2.615,3,2
683,R,A,-4.49,0.5006,11,2
683,R,C,-9.184,0.5303,7,2
683,R,D,-8.565,0.9822,9.5,2
683,R,E,-9.497,0.07707,10,2
683,R,F,-6.274,3.299,2,2
683,R,G,-7.399,0.7658,7.5,4
683,R,H,-2.686,0.3528,11,2
683,R,I,-7.646,1.792,9,4
683,R,K,-0.2735,0.4657,11.75,4
683,R,L,-5.141,2.559,6,2
683,R,M,-2.7,0.2673,6,2
683,R,N,-1.114,0.07212,10,2
683,R,P,-8.357,0.8733,11,2
683,R,Q,-1.213,0.1881,8,2
683,R,R,0,0,,4
683,R,S,-1.44,1.312,4,4
683,R,T,-1.309,2.607,5.5,4
683,R,V,-2.623,0.3924,11,2
683,R,W,-6.812,1.518,6,2
683,R,Y,-5.901,0.06435,6,2
684,V,-,-4.261,1.962,3,2
684,V,A,0.03447,0.104,7,2
684,V,C,-0.2077,0.1505,8,2
684,V,D,-9.209,0.1245,8,2
684,V,E,-7.558,2.793,4.5,4
684,V,F,-0.3387,0.3171,9,2
684,V,G,-6.985,3.744,4,4
684,V,H,-9.7,0.08839,8,2
684,V,I,-0.6656,1.02,7,2
684,V,K,-9.565,0.1068,3,2
684,V,L,-0.3072,0.211,15.5,2
684,V,M,-0.137,0.1427,11.75,4
684,V,N,-8.749,0.3062,5,2
684,V,P,-9.688,0.285,12,2
684,V,Q,-9.502,0.3613,4,2
684,V,R,-9.657,0.01485,9,2
684,V,S,-6.7,0.4115,4,2
684,V,T,-0.8579,0.1137,29,2
684,V,V,0,0,,4
684,V,W,-4.37,1.778,5,2
684,V,Y,-4.742,0.8457,10,2
685,L,-,-1.447,1.35,2,2
685,L,A,-0.1824,0.02652,10.5,2
685,L,C,-0.07151,0.05782,8,2
685,L,D,-2.002,0.9977,3,2
685,L,E,-1.27,0.4471,10,2
685,L,F,-1.06,0.3776,4,2
685,L,G,-0.9142,0.1023,4,2
685,L,H,-0.7761,0.109,8,2
685,L,I,-0.7023,0.4409,6,2
685,L,K,-0.193,0.09645,6,2
685,L,L,0,0,,4
685,L,M,0.2342,0.5012,10,4
685,L,N,-1.055,0.581,13,2
685,L,P,-7.719,3.673,6.5,4
685,L,Q,0.06945,1.156,4,4
685,L,R,0.3836,0.8287,6.25,4
685,L,S,0.1303,0.3146,2,2
685,L,T,-0.3663,0.2144,8,2
685,L,V,-0.1714,0.6646,4.5,4
685,L,W,0.07195,1.071,4,2
685,L,Y,-0.5188,0.1008,4,2
686,Y,*,-8.601,0.3409,4.5,4
686,Y,-,-2.252,2.37,3,2
686,Y,A,-0.7756,0.354,15,2
686,Y,C,-1.589,1.3,4,4
686,Y,D,-9.464,0.4568,8.5,2
686,Y,E,-9.041,0.5127,9,2
686,Y,F,0.02225,0.2239,8,2
686,Y,G,-9.069,1.064,7,2
686,Y,H,0.1074,0.9131,6,4
686,Y,I,0.3649,0.0927,7,2
686,Y,K,-3.03,0.3797,13,2
686,Y,L,0.1504,0.02927,9,2
686,Y,M,0.1467,0.3092,9,2
686,Y,N,-5.233,0.4504,6.5,2
686,Y,P,-9.643,0.2708,9,2
686,Y,Q,-0.8963,0.004738,7,2
686,Y,R,-6.002,0.5204,6,2
686,Y,S,-0.2149,0.08294,7,2
686,Y,T,-1.679,0.3896,12,2
686,Y,V,0.1535,0.3996,6,2
686,Y,W,-0.5111,0.5937,6,2
686,Y,Y,0,0,,4
687,Q,*,-8.322,1.429,8,4
687,Q,-,-1.143,0.7396,3,2
687,Q,A,-0.3342,0.06661,6.5,2
687,Q,C,0.2685,0.06604,7,2
687,Q,D,-1.723,0.449,2,2
687,Q,E,-0.1638,0.348,6,2
687,Q,F,0.06799,0.1426,12,2
687,Q,G,0.3173,0.2301,5,2
687,Q,H,-0.00599,0.2639,7,4
687,Q,I,0.3971,0.5126,8,2
687,Q,K,0.01163,0.1849,10.5,4
687,Q,L,0.7673,0.3713,6.75,4
687,Q,M,0.378,0.05325,12,2
687,Q,N,-0.6909,0.1587,9.5,2
687,Q,P,0.03972,0.2615,6.5,4
687,Q,Q,0,0,,4
687,Q,R,0.4596,0.5103,15,4
687,Q,S,-0.4102,0.2005,10,2
687,Q,T,-0.09252,0.05413,10,2
687,Q,V,-0.1593,0.07927,6,2
687,Q,W,0.0723,0.3147,5,2
687,Q,Y,-0.1928,0.06272,12,2
688,G,-,0.5231,0.01605,2,2
688,G,A,-0.9431,0.1582,16.5,2
688,G,C,-2.393,0.4009,24,2
688,G,D,-1.337,0.09311,62.5,4
688,G,E,-0.4861,0.2253,7,2
688,G,F,-1.757,0.7269,12.5,2
688,G,G,0,0,,4
688,G,H,-0.2942,0.01492,4,2
688,G,I,-7.806,0.3988,10,2
688,G,K,-0.7362,0.1731,10,2
688,G,L,-1.52,0.0799,10,2
688,G,M,-2.115,0.2638,10,2
688,G,N,0.0033,0.8801,7,2
688,G,P,-9.57,0.1994,12,2
688,G,Q,-3.034,0.2432,4,2
688,G,R,0.3569,0.09058,4,2
688,G,S,0.09459,0.1935,9,4
688,G,T,-0.5039,0.1871,6,2
688,G,V,-6.357,1.232,6,4
688,G,W,-1.997,0.3267,11.5,2
688,G,Y,-1.701,0.07071,7,2
689,N,-,-0.3886,1.422,2,2
689,N,A,-0.3832,0.1581,12,2
689,N,C,-1.08,1.302,4,2
689,N,D,0.4446,0.1568,8,2
689,N,E,-4.556,1.199,3,2
689,N,F,0.3407,0.04745,6.5,2
689,N,G,0.4852,0.02135,8,2
689,N,H,0.5075,0.06131,10,2
689,N,I,0.2697,0.02178,3,2
689,N,K,-0.9634,0.5224,4.5,4
689,N,L,-0.959,0.3337,4,2
689,N,M,0.1491,0.1219,12.5,2
689,N,N,0,0,,4
689,N,P,-8.524,0.2461,13,2
689,N,Q,-0.1311,0.1087,6,2
689,N,R,-0.3626,0.1226,6,2
689,N,S,-0.2497,2.376,5.5,4
689,N,T,-1.145,0.04879,6,2
689,N,V,-0.5574,0.1843,7,2
689,N,W,0.191,0.6947,5.5,2
689,N,Y,-0.4012,0.5204,8,2
690,N,-,-0.1033,0.1081,1,2
690,N,A,-2.912,0.3239,7,2
690,N,C,-9.357,0.7403,12,2
690,N,D,-2.45,0.4633,6,4
690,N,E,-2.774,0.2341,4,2
690,N,F,-2.803,0.2864,7,2
690,N,G,-9.649,0.08415,4,2
690,N,H,-2.095,0.9121,2.5,4
690,N,I,-6.31,1.259,5.5,4
690,N,K,-3.119,2.974,4,4
690,N,L,-4.194,0.5445,14,2
690,N,M,-2.623,1.195,4,2
690,N,N,0,0,,4
690,N,P,-5.675,0.7884,15,2
690,N,Q,-1.925,0.01202,9,2
690,N,R,-2.041,0.1782,5,2
690,N,S,-1.772,0.8833,7.5,4
690,N,T,-2.825,0.3048,8,2
690,N,V,-3.437,0.939,5,2
690,N,W,-4.465,0.3267,6,2
690,N,Y,-2.102,3.65,4,4
691,V,-,-0.1276,1.128,1,2
691,V,A,-0.6269,0.8807,4.5,4
691,V,C,-0.6279,0.1638,7,2
691,V,D,-1.797,0.3818,5,2
691,V,E,-0.3125,0.09412,8,2
691,V,F,-0.7637,0.1259,6.5,2
691,V,G,-0.4248,0.6586,6,2
691,V,H,0.2709,0.0944,7,2
691,V,I,0.164,0.5426,5,2
691,V,K,0.07779,0.1232,8,2
691,V,L,-0.09105,0.7078,10.75,4
691,V,M,0.1298,0.2667,9.5,4
691,V,N,-0.2928,0.02157,7,2
691,V,P,-8.614,0.9864,8,2
691,V,Q,-1.108,0.1539,7,2
691,V,R,0.3609,0.144,6,2
691,V,S,-0.6817,0.06908,4,2
691,V,T,-0.1996,0.3374,14,2
691,V,V,0,0,,4
691,V,W,-0.431,0.06046,6,2
691,V,Y,-1.611,0.4377,8,2
692,T,-,-0.04295,0.5239,1,2
692,T,A,-6.427,1.57,14.5,4
692,T,C,-7.21,1.756,9,2
692,T,D,-7.827,1.365,10,2
692,T,E,-1.703,0.05162,4,2
692,T,F,-1.321,0.01202,8,2
692,T,G,-9.523,0.1322,7,2
692,T,H,-2.559,0.02687,8,2
692,T,I,-4.744,4.711,14.5,4
692,T,K,-5.324,3.758,6.5,4
692,T,L,-1.451,0.2348,8,2
692,T,M,-1.778,0.6003,6,2
692,T,N,-1.483,0.7699,5.5,2
692,T,P,-9.576,0.0502,12,2
692,T,Q,-3.651,0.7644,11,2
692,T,R,-6.968,0.09051,14,2
692,T,S,-0.3042,0.3082,6,2
692,T,T,0,0,,4
692,T,V,-0.7057,0.2504,3,2
692,T,W,-6.441,1.177,8,2
692,T,Y,-0.9148,0.2181,8,2
693,V,-,-0.6587,0.9211,1,2
693,V,A,-0.4748,0.8524,6.75,4
693,V,C,-0.4914,0.04236,4,2
693,V,D,-9.544,0.6265,8,2
693,V,E,-8.492,0.8365,11,2
693,V,F,-0.3419,0.7794,8,2
693,V,G,-4.099,0.4236,2,2
693,V,H,-6.679,2.823,2,2
693,V,I,-0.7921,0.2321,7,2
693,V,K,-3.579,0.05445,7,2
693,V,L,-0.1392,0.5911,6.5,4
693,V,M,-0.2932,1.015,15,4
693,V,N,-7.609,1.633,8,2
693,V,P,-9.43,0.06859,14,2
693,V,Q,0.7949,0.07113,1,2
693,V,R,-3.349,0.2807,12,2
693,V,S,-4.897,0.2185,11,2
693,V,T,-0.6462,0.6433,7,2
693,V,V,0,0,,4
693,V,W,-1.003,0.1028,19,2
693,V,Y,-0.8243,0.3248,7,2
694,S,-,-1.365,1.791,1,2
694,S,A,0.1426,0.4088,13,2
694,S,C,0.3692,0.6853,1,4
694,S,D,-1.251,0.621,3,2
694,S,E,-1.524,0.08627,4,2
694,S,F,0.1085,1.088,6.5,4
694,S,G,0.3984,0.1462,6,2
694,S,H,0.3667,0.1384,7,2
694,S,I,-0.9374,0.3332,9,2
694,S,K,0.5207,0.1509,3,2
694,S,L,-0.5895,0.1252,9,2
694,S,M,-0.1061,0.07159,5,2
694,S,N,-0.7432,0.1748,7,2
694,S,P,-0.9251,1.385,11.25,4
694,S,Q,-0.4426,0.1025,5,2
694,S,R,0.7961,0.04031,6,2
694,S,S,0,0,,4
694,S,T,-1.466,0.6761,4.5,4
694,S,V,-1.517,0.2051,4,2
694,S,W,0.7961,0.05926,4,2
694,S,Y,-0.7333,1.433,5.5,4
695,A,-,-0.0695,0.4808,1,2
695,A,A,0,0,,4
695,A,C,-0.04101,0.007863,8,2
695,A,D,-5.165,1.303,4.5,4
695,A,E,-5.929,1.059,7,2
695,A,F,-0.6678,0.173,13,2
695,A,G,-0.7119,0.611,5.5,2
695,A,H,-1.491,1.364,4,2
695,A,I,0.1857,0.01096,9,2
695,A,K,-9.07,0.6251,11,2
695,A,L,-0.0785,0.7825,5,2
695,A,M,-2.238,0.9588,5,2
695,A,N,-1.048,0.1544,6,2
695,A,P,-1.111,0.4224,5,2
695,A,Q,-2.704,0.2298,10,2
695,A,R,-9.207,0.2524,7,2
695,A,S,-0.1252,0.5715,8,4
695,A,T,-0.6393,0.538,41.75,4
695,A,V,0.5541,0.7997,5,4
695,A,W,-8.556,0.4688,6,2
695,A,Y,-3.651,0.565,4.5,2
696,Y,*,-9.47,0.766,8.5,4
696,Y,-,-0.7163,0.3072,1,2
696,Y,A,-2.141,0.239,7,2
696,Y,C,-7.94,4.042,3,4
696,Y,D,-3.442,0.9624,6,2
696,Y,E,-2.372,0.77,4,2
696,Y,F,-0.2479,0.4404,8,2
696,Y,G,-4.779,0.1711,6,2
696,Y,H,-1.282,1.53,8,4
696,Y,I,-8.571,1.741,4,2
696,Y,K,-9.499,0.09687,7,2
696,Y,L,-6.865,1.572,9,2
696,Y,M,-3.518,0.06435,9,2
696,Y,N,-2.929,0.08697,5,2
696,Y,P,-8.684,0.1895,6,2
696,Y,Q,-1.988,0.04667,8,2
696,Y,R,-2.686,0.2319,5,2
696,Y,S,-3.636,1.241,10,2
696,Y,T,-2.885,0.09263,5,2
696,Y,V,-8.847,0.7729,9,2
696,Y,W,-0.3905,0.06852,8,2
696,Y,Y,0,0,,4
697,A,-,-1.871,1.998,3.5,4
697,A,A,0,0,,4
697,A,C,-0.4572,0.06307,5,2
697,A,D,-4.484,0.7771,8.5,4
697,A,E,-8.832,1.148,6,2
697,A,F,-3.197,0.3033,10,2
697,A,G,-1.241,0.3676,7,2
697,A,H,-5.155,0.9878,8,2
697,A,I,-0.4517,0.5131,11,2
697,A,K,-9.45,0.2383,9,2
697,A,L,-0.393,0.0003536,12,2
697,A,M,-0.9149,0.2292,9,2
697,A,N,-0.545,0.1812,4,2
697,A,P,-0.1765,0.6,6,4
697,A,Q,-3.218,0.2531,10,2
697,A,R,-9.505,0.09263,7,2
697,A,S,-1.958,1.214,5,4
697,A,T,-0.796,0.2003,26.5,4
697,A,V,-0.2826,0.2251,9.5,4
697,A,W,-9.091,1.11,10,2
697,A,Y,-9.262,0.0502,8,2
698,N,-,-2.742,1.405,4,4
698,N,A,-0.8088,0.06944,6,2
698,N,C,-3.673,0.2977,4,2
698,N,D,0.5376,2.149,4,4
698,N,E,-1.389,0.3712,6,2
698,N,F,-1.369,0.3401,9,2
698,N,G,0.3689,0.3888,4,4
698,N,H,0.387,0.2169,7,2
698,N,I,-0.09169,0.1773,7,2
698,N,K,-0.6261,0.2603,7,4
698,N,L,-0.2367,0.03338,8,2
698,N,M,-0.02611,0.1626,6,2
698,N,N,0,0,,4
698,N,P,-4.124,0.2058,10,2
698,N,Q,-0.338,0.3135,8.5,2
698,N,R,-2.572,0.06152,5,2
698,N,S,-0.5334,0.5179,4.5,4
698,N,T,0.04085,0.1046,3,2
698,N,V,-2.806,0.2524,7,2
698,N,W,-1.289,0.4219,10,2
698,N,Y,-0.3279,0.5125,3,2
699,G,-,-3.075,2.065,3.5,4
699,G,A,-0.8805,0.251,9,2
699,G,C,-7.021,2.67,5.5,4
699,G,D,-3.56,1.462,16,4
699,G,E,-5.387,1.495,4,2
699,G,F,-3.481,0.08202,7,2
699,G,G,0,0,,4
699,G,H,-2.529,0.536,8,2
699,G,I,-6.519,0.8719,9,2
699,G,K,-9.395,0.3726,7,2
699,G,L,-6.657,0.886,11,2
699,G,M,-6.362,3.852,7,2
699,G,N,-3.596,0.309,6,2
699,G,P,-6.253,0.2249,6,2
699,G,Q,-2.537,0.3599,8,2
699,G,R,-6.888,2.035,4,4
699,G,S,-1.381,0.5633,5.5,4
699,G,T,-2.972,0.3422,8,2
699,G,V,-7.554,1.67,6.5,4
699,G,W,-3.877,0.3882,6,2
699,G,Y,-3.973,0.3953,6,2
700,D,-,-1.7,2.224,3,4
700,D,A,-0.01395,0.02116,5,2
700,D,C,-1.151,0.08061,5,2
700,D,D,0,0,,4
700,D,E,0.7016,0.04746,4,4
700,D,F,0.493,0.03323,10,2
700,D,G,-1.245,1.201,4.5,4
700,D,H,0.7227,0.04985,9,2
700,D,I,0.8417,0.02574,5,2
700,D,K,-8.979,0.5975,7,2
700,D,L,-0.2059,0.3484,9,2
700,D,M,0.4361,0.08726,5.5,2
700,D,N,0.1197,0.6278,10.5,4
700,D,P,-3.176,0.4568,6,2
700,D,Q,-0.2392,0.3069,9,2
700,D,R,-8.989,0.3161,8,2
700,D,S,-9.851,0.2383,9,2
700,D,T,-9.134,0.1372,6,2
700,D,V,0.4686,0.222,5,2
700,D,W,0.729,0.02213,4,2
700,D,Y,0.6217,0.1432,5,4
701,H,-,-2.337,2.504,3,4
701,H,A,-0.5916,0.2509,3,2
701,H,C,-3.481,0.04031,8,2
701,H,D,-1.236,0.6225,4,2
701,H,E,0.08902,0.2012,8,2
701,H,F,-0.7302,0.1511,8,2
701,H,G,-0.4078,0.3212,6.5,2
701,H,H,0,0,,4
701,H,I,-3.753,2.512,3,2
701,H,K,-0.7692,0.199,7,2
701,H,L,-0.5032,0.1878,6,2
701,H,M,0.3508,0.3239,9,2
701,H,N,-1.044,0.7224,10.5,4
701,H,P,-3.461,0.2121,3,2
701,H,Q,-0.5463,0.5751,6.5,4
701,H,R,-0.3388,1.09,5,4
701,H,S,-0.3225,0.8407,4.5,4
701,H,T,0.659,0.2851,6,2
701,H,V,-0.6095,0.2577,7,2
701,H,W,0.1709,0.2673,3,2
701,H,Y,0.05384,0.3503,6,4
702,A,-,0.3188,0.6263,4,2
702,A,A,0,0,,4
702,A,C,-0.3694,0.2462,5,2
702,A,D,-1.052,1.461,6.5,4
702,A,E,-0.6289,0.5976,40,4
702,A,F,0.7974,0.008768,4,2
702,A,G,-0.3601,1.107,7,2
702,A,H,0.8711,0.04632,6,2
702,A,I,0.3757,0.0432,7,2
702,A,K,-0.4519,0.4419,5,2
702,A,L,0.7375,0.04702,1,2
702,A,M,-0.2111,0.2387,7,2
702,A,N,-2.521,0.1273,8,2
702,A,P,-0.3018,0.2188,7,2
702,A,Q,0.7167,0.1191,3,2
702,A,R,0.3508,0.0886,12,2
702,A,S,0.4587,0.4439,3,4
702,A,T,0.1276,0.2837,8.75,4
702,A,V,0.6178,0.03159,61.5,4
702,A,W,0.03234,0.1344,3,2
702,A,Y,0.4504,0.1959,5,2
703,V,-,-2.409,1.792,6,2
703,V,A,-0.6836,0.2929,6,2
703,V,C,-1.928,0.5148,7,2
703,V,E,-1.165,0.6187,8,2
703,V,F,-4.006,0.6661,5,2
703,V,G,-1.899,0.8847,41,4
703,V,H,-1.284,0.02475,2,2
703,V,I,-1.259,0.2461,6,2
703,V,K,-0.5377,0.1947,7,2
703,V,L,-0.7667,0.5196,9.25,4
703,V,M,-0.4387,0.2716,10,4
703,V,N,-1.077,0.4446,3,2
703,V,P,-7.228,0.28,5,2
703,V,Q,-0.7706,0.3866,3,2
703,V,R,0.4716,0.1319,8,2
703,V,S,-1.68,0.1202,5,2
703,V,T,0.3861,0.03005,8,2
703,V,V,0,0,,4
703,V,W,-2.779,0.3394,2,2
703,V,Y,-1.474,2.607,1,2
704,T,-,-1.911,2.674,6,2
704,T,A,0.2854,0.2132,5,4
704,T,C,-0.8825,0.1718,9,2
704,T,D,-0.8573,0.5172,11,2
704,T,E,0.1346,0.1257,2.5,2
704,T,F,-0.2056,0.1191,3,2
704,T,G,0.4396,0.03818,13,2
704,T,H,0.6665,0.06746,7,2
704,T,I,-0.2767,0.5076,12.5,4
704,T,K,0.8586,0.04992,6,2
704,T,L,-0.25,0.2669,5,2
704,T,M,-0.0132,0.3865,4,2
704,T,N,0.1089,0.1667,8,4
704,T,P,-0.02425,1.236,5,2
704,T,Q,-0.3211,0.1949,4,2
704,T,R,0.7632,0.1541,6,2
704,T,S,-0.5288,0.8049,8,2
704,T,T,0,0,,4
704,T,V,0.5217,0.1239,5,2
704,T,W,0.173,0.597,5,2
704,T,Y,0.0814,0.3586,6,2
705,V,-,-1.031,0.6602,6,2
705,V,A,-0.1764,0.4409,9.5,4
705,V,C,-0.5004,0.0495,6,2
705,V,D,0.004,0.5865,4,2
705,V,E,-1.239,0.07637,6,2
705,V,F,-2.556,0.06152,5,2
705,V,G,-0.2517,0.1909,9,2
705,V,H,0.2938,0.1538,4,2
705,V,I,-0.208,0.7057,5,2
705,V,K,-1.159,0.4509,1,2
705,V,L,-0.6612,0.5119,6,4
705,V,M,-0.03126,0.0615,20,4
705,V,N,-0.8062,0.2454,7,2
705,V,P,-3.803,0.1768,7,2
705,V,Q,-0.6376,0.1553,10,2
705,V,R,-0.0603,0.08981,9,2
705,V,S,0.1263,0.02369,9,2
705,V,T,0.1005,0.008874,10,2
705,V,V,0,0,,4
705,V,W,-1.176,0.2482,6,2
705,V,Y,0.8221,0.01492,7,2
706,K,*,-7.575,0.222,1,2
706,K,-,-1.175,1.341,6,2
706,K,A,0.4325,0.3506,6,2
706,K,C,-0.724,0.2493,5.5,2
706,K,D,-1.475,0.2277,3,2
706,K,E,-2.042,1.655,6,4
706,K,F,-1.158,0.2701,8,2
706,K,G,-0.5847,0.2017,9,2
706,K,H,-0.1612,0.3806,8,2
706,K,I,-1.706,0.321,3,2
706,K,K,0,0,,4
706,K,L,0.1309,0.4971,6,2
706,K,M,-0.3171,1.269,3.5,4
706,K,N,-0.1807,0.3374,13,4
706,K,P,-2.682,0.5841,7,2
706,K,Q,-0.5246,0.08344,7,2
706,K,R,-1.362,1.238,6,4
706,K,S,-0.7265,0.004738,9,2
706,K,T,0.2161,0.9904,3.5,4
706,K,V,-0.6841,0.04667,9,2
706,K,W,-2.65,1.32,6,2
706,K,Y,-1.65,0.4596,5,2
707,D,*,-7.885,0.461,1,2
707,D,-,-0.6416,1.582,6,2
707,D,A,0.2049,0.1009,6,2
707,D,C,-3.101,0.3316,12.5,2
707,D,D,0,0,,4
707,D,E,0.3367,0.2342,5.25,4
707,D,F,0.5932,0.1101,3,2
707,D,G,0.4529,0.8269,5.5,4
707,D,H,0.8341,1.988,3.5,4
707,D,I,-4.784,0.9758,4,2
707,D,K,0.8109,0.005798,3,2
707,D,L,0.3503,0.1446,4,2
707,D,M,-1.289,0.5518,5,2
707,D,N,0.1928,0.5055,14.5,4
707,D,P,-3.418,0.4851,4,2
707,D,Q,0.9141,0.05063,4,2
707,D,R,0.6521,0.2266,7,2
707,D,S,0.2398,1.377,3.5,4
707,D,T,0.00483,0.03516,8,2
707,D,V,-3.246,2.85,3.5,4
707,D,W,-0.6551,0.0263,4,2
707,D,Y,-0.872,2.814,10.5,4
708,A,-,-0.9261,1.35,5,2
708,A,A,0,0,,4
708,A,C,0.406,0.2741,9,2
708,A,D,-8.437,1.864,9,4
708,A,E,-7.776,2.486,4.5,2
708,A,F,-0.1768,1.356,7,2
708,A,G,-0.0059,1.074,2.25,4
708,A,H,0.4115,0.5541,9,2
708,A,I,0.06477,0.08278,10,2
708,A,K,-0.7468,0.0939,5.5,2
708,A,L,-1.022,0.2876,4,2
708,A,M,0.225,0.178,3,2
708,A,N,-0.0507,0.573,3,2
708,A,P,-9.494,0.2044,8,2
708,A,Q,0.1774,0.193,3,2
708,A,R,-0.6773,0.1086,12,2
708,A,S,-0.7076,1.246,7,4
708,A,T,0.1085,0.2408,118,4
708,A,V,-0.3044,0.9837,6,4
708,A,W,-8.587,0.2673,3.5,2
708,A,Y,-0.2147,0.002616,11,2
709,K,-,-3.792,4.933,5,2
709,K,A,-0.05228,0.1675,7,2
709,K,C,-0.4598,0.7034,5,2
709,K,D,-1.036,0.06512,8,2
709,K,E,-1.093,0.1641,10.5,2
709,K,F,-0.7302,0.02772,5,2
709,K,G,-1.543,0.309,16.5,2
709,K,H,0.8028,0.07764,3,2
709,K,I,-0.6688,0.2769,6,2
709,K,K,0,0,,4
709,K,L,-0.0447,1.247,8,2
709,K,M,-0.1594,0.3108,2.5,4
709,K,N,-2.266,0.7072,5,4
709,K,P,-5.787,0.2355,5,2
709,K,Q,-1.507,1.228,4.5,2
709,K,R,-0.308,0.7208,4.5,4
709,K,S,-0.7629,0.02305,5,2
709,K,T,-0.5546,0.0705,9,2
709,K,V,-0.2524,0.04313,6,2
709,K,W,-0.3049,0.07481,6,2
709,K,Y,-1.437,0.09263,6,2
710,F,-,-1.479,1.475,5,2
710,F,A,-1.543,0.7794,5,2
710,F,C,-2.242,0.8422,3,2
710,F,D,-9.22,0.07707,9,2
710,F,E,-9.522,0.2673,8,2
710,F,F,0,0,,4
710,F,G,-9.565,0.5918,7,2
710,F,H,-9.751,0.1541,3,2
710,F,I,-1.154,0.5806,2,4
710,F,K,-9.146,0.01061,6,2
710,F,L,-1.099,0.7718,9,4
710,F,M,-0.5926,0.6384,1,2
710,F,N,-9.819,0.07495,7,2
710,F,P,-9.528,0.3465,9,2
710,F,Q,-9.692,0.1739,8,2
710,F,R,-9.478,0.08202,7,2
710,F,S,-8.855,1.615,4,4
710,F,T,-3.905,2.626,3,2
710,F,V,-0.6645,0.9602,2.5,4
710,F,W,-0.09585,1.328,4,2
710,F,Y,-0.7872,0.1227,6,2
711,I,-,-1.89,2.092,1.5,4
711,I,A,-0.4292,0.3581,7,2
711,I,C,-0.7488,0.04929,3,2
711,I,D,-6.203,0.157,3,2
711,I,E,-0.2512,0.2401,4,2
711,I,F,-0.3011,0.07778,6,2
711,I,G,-1.179,0.03606,4,2
711,I,H,-0.6179,0.7384,6.5,2
711,I,I,0,0,,4
711,I,K,-9.127,0.2341,8,2
711,I,L,0.3911,0.07969,4,2
711,I,M,0.5474,0.5698,3.5,4
711,I,N,0.4275,0.2061,3,2
711,I,P,-8.695,0.5148,8,2
711,I,Q,-0.38,0.1063,7.5,2
711,I,R,-1.052,0.6479,3,2
711,I,S,0.2654,0.006081,10,2
711,I,T,0.2355,0.2754,5.25,4
711,I,V,-1.885,0.01768,5,2
711,I,W,-0.443,0.2172,4,2
711,I,Y,0.2835,0.006223,4,2
712,V,-,-1.256,1.164,1,4
712,V,A,-0.9992,0.6426,6.5,4
712,V,C,-0.1756,0.1466,5,2
712,V,D,-9.369,0.2807,6,2
712,V,E,-8.683,1.136,6,4
712,V,F,-0.0704,0.1052,6,2
712,V,G,-9.076,0.9383,9,2
712,V,H,-9.808,0.3281,9,2
712,V,I,-0.2911,0.237,5,2
712,V,K,-9.685,0.09334,9.5,2
712,V,L,-0.1226,0.4637,6,4
712,V,M,-1.183,0.294,15,4
712,V,N,-9.448,0.05728,10,2
712,V,P,-2.072,0.2164,13,2
712,V,Q,-9.232,1.009,7,2
712,V,R,-9.456,0.6102,5,2
712,V,S,-4.016,1.115,7,2
712,V,T,-1.514,0.08132,7,2
712,V,V,0,0,,4
712,V,W,-3.551,1.292,7,2
712,V,Y,-0.4026,0.5336,6,2
713,G,-,-0.9449,1.969,1,4
713,G,A,-9.803,0.1732,12,2
713,G,C,-7.701,3.253,7.5,4
713,G,D,-9.812,0.1944,14.5,4
713,G,E,-9.685,0.2517,9,2
713,G,F,-6.179,0.8337,12,2
713,G,G,0,0,,4
713,G,H,-3.181,0.09617,7,2
713,G,I,-9.651,0.3691,18,2
713,G,K,-8.252,0.5544,7,2
713,G,L,-5.717,1.44,4,2
713,G,M,-5.407,0.3026,11,2
713,G,N,-8.887,0.8238,5,2
713,G,P,-9.595,0.4646,7,2
713,G,Q,-5.997,1.737,4,2
713,G,R,-9.714,0.1146,5,2
713,G,S,-8.037,2.364,9.5,4
713,G,T,-8.253,1.039,4,2
713,G,V,-9.413,0.3415,18,2
713,G,W,-9.287,0.5013,2,2
713,G,Y,-3.321,0.3125,2,2
714,P,-,-0.9369,2.041,1,4
714,P,A,-2.128,0.2758,4,2
714,P,C,-9.566,0.08768,9,2
714,P,D,-9.529,0.02192,5,2
714,P,E,-9.303,0.6908,4,2
714,P,F,-9.607,0.2086,6,2
714,P,G,-3.853,0.8033,5,2
714,P,H,-9.177,0.8973,15,4
714,P,I,-9.783,0.0891,8,2
714,P,K,-9.217,0.1315,3,2
714,P,L,-8.512,2.97,11,4
714,P,M,-6.144,1.976,5,2
714,P,N,-8.992,0.8181,4,2
714,P,P,0,0,,4
714,P,Q,-8.072,2.24,4,2
714,P,R,-5.197,4.812,4.5,4
714,P,S,-2.369,0.848,9.5,4
714,P,T,-2.591,0.7593,10,4
714,P,V,-9.618,0.1626,9,2
714,P,W,-9.729,0.2843,11,2
714,P,Y,-8.957,0.3762,3,2
715,M,-,-4.33,4.372,2,2
715,M,A,-0.3661,0.171,7,2
715,M,C,-8.942,0.07283,8,2
715,M,D,-9.706,0.3741,9,2
715,M,E,-2.519,0.4243,7,2
715,M,F,-0.6283,0.3017,6,2
715,M,G,-5.681,3.323,4,2
715,M,H,-2.666,0.8245,5,2
715,M,I,0.1205,0.3282,16.25,4
715,M,K,-2.682,0.1909,6,2
715,M,L,0.2379,0.1206,20,2
715,M,M,0,0,,4
715,M,N,-9.651,0.2623,8,2
715,M,P,-9.605,0.2058,10,2
715,M,Q,-0.1265,0.397,6,2
715,M,R,-8.943,0.3677,14,2
715,M,S,-0.189,0.2582,5,2
715,M,T,-0.8827,0.8524,5.5,4
715,M,V,-0.318,0.4303,4.5,4
715,M,W,-3.486,0.6739,6,2
715,M,Y,-4.589,0.7311,3,2
716,S,-,-2.019,1.211,2,2
716,S,A,0.1004,0.02383,6,2
716,S,C,-9.235,0.239,9,2
716,S,D,-9.71,0.2036,6,2
716,S,E,-8.949,0.04101,10,2
716,S,F,-8.3,3.835,9,4
716,S,G,-1.59,0.3734,9,2
716,S,H,-9.628,0.07425,7,2
716,S,I,-9.148,0.169,4,2
716,S,K,-6.28,0.1464,1,2
716,S,M,-9.624,0.04738,7,2
716,S,N,-9.239,0.003536,8,2
716,S,P,-1.326,2.817,6,4
716,S,Q,-9.538,0.06505,8,2
716,S,R,-9.723,0.1266,5,2
716,S,S,0,0,,4
716,S,T,0.3014,0.5637,3.5,4
716,S,V,-6.735,3.56,3,2
716,S,W,-7.198,2.845,3,2
716,S,Y,-9.239,0.1617,7,4
717,S,-,-2.059,3.754,1.5,4
717,S,A,-0.4138,0.3343,5,2
717,S,C,-6.99,0.2164,11,2
717,S,D,-0.7642,0.6078,5,2
717,S,E,-0.1481,0.01308,4,2
717,S,F,-1.057,0.1448,6,2
717,S,G,-1.073,3.411,7,4
717,S,H,-1.597,0.00495,10,2
717,S,I,0.3737,0.7273,6.5,4
717,S,K,-1.152,2.029,1,2
717,S,L,-1.494,0.1718,9,2
717,S,M,-1.515,0.8757,7,2
717,S,N,-0.1297,0.2568,10,4
717,S,P,-9.437,0.2418,6,2
717,S,Q,-0.601,0.2024,8,2
717,S,R,-9.601,0.2965,12,4
717,S,S,0,0,,4
717,S,T,0.5084,0.4723,5,2
717,S,V,-0.1177,0.1583,10,2
717,S,W,-1.927,0.1846,6,2
717,S,Y,-2.202,0.08697,7,2
718,A,-,-0.7751,1.9,1,4
718,A,A,0,0,,4
718,A,C,-8.828,1.022,9,2
718,A,D,-8.15,1.924,4,4
718,A,E,-9.232,0.7347,7,2
718,A,F,-0.1551,0.3231,5,2
718,A,G,-5.3,0.3231,2,2
718,A,H,-6.195,1.817,1,2
718,A,I,-2.816,0.4412,3,2
718,A,K,-9.187,0.8719,4,2
718,A,L,-0.2598,0.07085,9,2
718,A,M,-0.2515,0.0688,6.5,2
718,A,N,-6.107,0.09263,7,2
718,A,P,-1.054,0.5151,5,2
718,A,Q,-8.234,1.923,2,2
718,A,R,-9.37,0.3309,9,2
718,A,S,-1.659,2.402,5.5,4
718,A,T,-1.193,0.9543,13.25,4
718,A,V,-0.3149,0.4007,8.5,4
718,A,W,-2.881,1.126,6,2
718,A,Y,-7.298,2.823,5,2
719,W,*,-9.194,0.5182,28.25,4
719,W,-,-0.553,2.013,1,4
719,W,A,-6.509,1.056,9,2
719,W,C,-8.649,0.2807,8.5,4
719,W,D,-7.278,0.1188,5,2
719,W,E,-6.359,0.3175,3,2
719,W,F,0.5267,0.07326,4,2
719,W,G,-8.06,1.122,6,4
719,W,H,-2.007,0.0997,6,2
719,W,I,-5.586,2.606,1,2
719,W,K,-0.8966,1.466,1,2
719,W,L,-8.607,2.419,5.5,4
719,W,M,-2.462,1.177,3,2
719,W,N,-8.399,0.169,9,2
719,W,P,-8.367,0.6937,5,2
719,W,Q,-1.372,3.07,2,2
719,W,R,-9.008,0.783,22,4
719,W,S,-8.614,0.5112,10,2
719,W,T,-3.249,1.044,6,2
719,W,V,-3.54,0.2447,8,2
719,W,W,0,0,,4
719,W,Y,0.02637,0.003125,5,2
720,T,-,-0.8193,0.8284,1.5,4
720,T,A,-1.422,0.2552,9.5,4
720,T,C,-9.431,0.2001,11,2
720,T,D,-3.753,1.009,6,2
720,T,E,-9.297,0.874,5,2
720,T,F,-9.789,0.1683,10,2
720,T,G,-0.2737,0.4183,3,2
720,T,H,-9.604,0.292,7,2
720,T,I,-8.72,0.2195,9,4
720,T,K,-7.356,4.281,4.5,4
720,T,L,-9.513,0.297,3.5,2
720,T,M,-9.415,0.6746,6,2
720,T,N,-3.357,0.5098,5,2
720,T,P,-9.55,0.2708,9,2
720,T,Q,-9.683,0.1817,7.5,2
720,T,R,-9.257,0.6689,7.5,2
720,T,S,-1.469,1.133,5,2
720,T,T,0,0,,4
720,T,V,-8.832,0.8563,5,2
720,T,W,-8.234,0.601,6,2
720,T,Y,-9.476,0.4759,4,2
721,P,-,-0.548,1.353,1.5,4
721,P,A,-4.019,0.8422,7,2
721,P,C,-9.841,0.05091,14,2
721,P,D,-9.267,0.3203,4,2
721,P,E,-9.659,0.2666,7,2
721,P,F,-9.57,0.1061,10,2
721,P,G,-3.909,5.173,5,2
721,P,H,-8.812,1.145,5,4
721,P,I,-9.233,0.4469,7,2
721,P,K,-7.701,2.36,3,2
721,P,L,-5.367,1.806,6,4
721,P,M,-9.755,0.001414,4,2
721,P,N,-9.072,0.1605,3,2
721,P,P,0,0,,4
721,P,Q,-9.249,0.5141,7,2
721,P,R,-9.669,0.2178,4,2
721,P,S,-8.179,1.721,7,4
721,P,T,-6.668,4.765,6.5,4
721,P,V,-4.834,0.1315,10,2
721,P,W,-7.817,1.581,9,2
721,P,Y,-9.285,0.07707,7,2
722,F,-,0.0348,0.4645,1.5,4
722,F,A,-9.421,0.5812,7,2
722,F,C,-9.678,0.01202,7,2
722,F,D,-8.244,0.3585,4,2
722,F,E,-6.188,2.638,3,2
722,F,F,0,0,,4
722,F,G,-7.978,0.1096,8,2
722,F,H,-7.254,1.113,6,2
722,F,I,-6.559,1.289,10.5,4
722,F,K,-8.181,0.7212,7,2
722,F,L,-4.749,0.8489,13.75,4
722,F,M,-8.527,1.036,11,2
722,F,N,-9.738,0.4137,7,2
722,F,P,-9.473,0.01626,5,2
722,F,Q,-9.27,0.3606,3,2
722,F,R,-9.362,0.7608,8,2
722,F,S,-8.457,4.054,4.5,4
722,F,T,-9.446,0.06223,4,2
722,F,V,-9.408,0.8655,12,2
722,F,W,-9.681,0.3104,6,2
722,F,Y,-5.085,1.926,8.5,4
723,D,-,-1.555,1.278,3,4
723,D,A,-4.102,2.249,5,2
723,D,C,-8.785,0.9383,2,2
723,D,D,0,0,,4
723,D,E,-0.4391,0.9566,4,4
723,D,F,-2.088,0.5119,7,2
723,D,G,-0.8858,1.787,4.5,4
723,D,H,-2.707,0.8047,9,2
723,D,I,-1.679,0.8351,4,2
723,D,K,-8.812,1.44,4,2
723,D,L,-3.062,0.2128,6,2
723,D,M,-2.76,0.3861,3,2
723,D,N,0.06717,0.3019,12.5,4
723,D,P,-4.036,0.01485,9,2
723,D,Q,-1.333,0.3104,4,2
723,D,R,-9.621,0.1768,4,2
723,D,S,-0.8357,0.5237,7,2
723,D,T,-0.3079,0.29,7.5,2
723,D,V,-6.409,2.085,12,2
723,D,W,-0.1579,0.5948,6,2
723,D,Y,-4.04,1.936,4.5,4
724,N,-,-9.114,0.6475,16.5,4
724,N,A,-0.9,0.2702,4,2
724,N,C,-3.024,0.03253,4,2
724,N,D,-0.5347,0.005445,11,2
724,N,E,-1.46,0.08768,7,2
724,N,F,0.344,0.3318,6,2
724,N,G,-0.06995,0.01345,11,2
724,N,H,-0.4678,0.02157,10,2
724,N,I,0.0047,0.8014,6.5,4
724,N,K,-0.1806,0.5973,7.5,4
724,N,L,-0.6301,0.2149,7,2
724,N,M,-0.1739,0.08365,13,2
724,N,N,0,0,,4
724,N,P,-0.05836,0.09495,7,2
724,N,Q,0.7021,0.1454,5,2
724,N,R,0.2642,0.1781,10,2
724,N,S,-1.143,0.4724,4,4
724,N,T,-0.956,0.01633,5,2
724,N,V,-1.064,0.1843,6,2
724,N,W,-1.384,0.03818,5,2
724,N,Y,-0.4477,0.4876,3,2
725,K,*,-4.11,5.053,1,2
725,K,-,-1.093,1.447,2.5,4
725,K,A,-3.505,0.009899,12,2
725,K,C,-4.71,0.01768,11,2
725,K,D,-8.204,2.162,5,2
725,K,E,-0.7628,1.608,7,4
725,K,F,-3.054,0.2242,7,2
725,K,G,-3.088,2.139,5,4
725,K,H,-1.626,0.3147,7,2
725,K,I,-9.74,0.04808,11,2
725,K,K,0,0,,4
725,K,L,-3.932,0.4837,16,2
725,K,M,-1.462,0.2044,7,2
725,K,N,-0.8575,0.4177,6,4
725,K,P,-9.502,0.06718,12,2
725,K,Q,-0.0957,0.1751,7,2
725,K,R,-0.2373,0.4328,9.5,2
725,K,S,-1.112,0.14,10,2
725,K,T,-1.578,0.6244,10,2
725,K,V,-9.568,0.2135,8,2
725,K,W,-8.86,0.7757,6,2
725,K,Y,-0.5416,1.751,1.5,2
726,I,-,-0.3592,0.4906,2.5,4
726,I,A,-9.827,0.06788,12,2
726,I,C,-9.677,0.3111,9,2
726,I,D,-9.824,0.04384,7,2
726,I,E,-9.24,0.3422,7,2
726,I,F,-3.422,2.574,5,4
726,I,G,-9.679,0.2348,6,2
726,I,H,-7.306,0.9313,3,2
726,I,I,0,0,,4
726,I,K,-9.046,0.04455,4,2
726,I,L,-0.6566,0.2341,5,2
726,I,M,-0.888,0.1599,7,2
726,I,N,-9.575,0.2507,6,4
726,I,P,-9.415,0.1952,7,2
726,I,Q,-9.738,0.1188,6,2
726,I,R,-9.531,0.21,6,2
726,I,S,-9.255,0.1393,12,2
726,I,T,-8.359,3.19,6.5,4
726,I,V,-0.7508,0.4161,8,2
726,I,W,-9.443,0.03394,13,2
726,I,Y,-9.518,0.07354,10,2
727,V,-,-0.5731,1.263,2.5,4
727,V,A,-1.688,0.4751,5,4
727,V,C,-4.043,0.5834,9,2
727,V,D,-9.451,0.186,7,2
727,V,E,-4.381,5.891,5.5,4
727,V,F,-9.681,0.06293,7,2
727,V,G,-4.148,5.2,4,4
727,V,H,-8.989,0.3946,4,2
727,V,I,-0.9241,0.07191,3,2
727,V,K,-9.508,0.07354,7,2
727,V,L,-4.174,1.456,6.5,4
727,V,M,-9.601,0.1432,16.5,4
727,V,N,-9.729,0.0799,5,2
727,V,P,-7.723,1.371,7,2
727,V,Q,-9.72,0.2079,8,2
727,V,R,-9.689,0.0198,10,2
727,V,S,-4.864,4.677,3.5,2
727,V,T,-0.7859,1.96,5,2
727,V,V,0,0,,4
727,V,W,-9.805,0.02192,4,2
727,V,Y,-9.506,0.01838,8,2
728,V,-,-0.51,0.5096,2,4
728,V,A,-2.083,1.705,6,4
728,V,C,-3.478,0.6088,5,2
728,V,D,-9.673,0.2659,9,2
728,V,E,-1.526,0.3889,15,2
728,V,F,-9.221,0.4306,7,2
728,V,G,-9.627,0.1103,7,2
728,V,H,-0.8009,0.7454,2,2
728,V,I,-0.8749,0.2534,11.5,2
728,V,K,-4.343,0.1223,9.5,2
728,V,L,-1.891,0.6643,7.75,4
728,V,M,-2.212,0.3133,17,4
728,V,N,-9.672,0.03818,3.5,2
728,V,P,-8.928,0.2871,2,2
728,V,Q,-1.5,0.6972,9,2
728,V,R,-9.928,0.1308,6,2
728,V,S,-3.197,0.6498,7,2
728,V,V,0,0,,4
728,V,W,-9.611,0.1365,3,2
728,V,Y,-9.514,0.5112,6,2
729,Y,*,-1.103,2.46,1,2
729,Y,-,-0.01075,0.5325,1.5,4
729,Y,A,-9.07,0.1598,6.5,2
729,Y,C,-8.061,2.197,5.5,4
729,Y,D,-9.12,0.3967,8,2
729,Y,E,-9.337,0.4391,11,2
729,Y,F,-3.332,0.3769,12,2
729,Y,G,-9.778,0.3564,10,2
729,Y,H,-1.935,1.148,7,4
729,Y,I,-7.088,0.1598,5,2
729,Y,K,-8.545,0.4936,7,2
729,Y,L,-9.242,0.01697,8,2
729,Y,M,-7.023,0.6307,6,2
729,Y,N,-8.517,1.387,3.75,4
729,Y,P,-9.648,0.2086,13,2
729,Y,Q,-9.028,0.7736,9,2
729,Y,R,-9.139,0.1605,8.5,2
729,Y,S,-9.386,0.49,5,2
729,Y,T,-9.248,0.5183,4,2
729,Y,V,-9.633,0.2404,10,2
729,Y,W,-4.206,0.2828,4,2
729,Y,Y,0,0,,4
730,K,*,-4.464,6.57,2,2
730,K,A,-1.105,0.3045,11,2
730,K,C,-4.035,0.2072,18,2
730,K,D,-5.241,1.595,9.5,2
730,K,E,-4.645,1.699,6,4
730,K,F,-1.263,0.02263,11,2
730,K,G,-0.7188,0.9985,7,4
730,K,H,-1.093,0.1805,8,2
730,K,I,-5.934,0.6505,5.5,2
730,K,K,0,0,,4
730,K,L,-2.73,0.09475,10,2
730,K,M,-1.618,0.9356,8,4
730,K,N,-2.027,0.6171,11,4
730,K,P,-9.815,0.08415,8,2
730,K,Q,-1.45,0.2546,11,2
730,K,R,0.5762,0.2674,9,4
730,K,S,-0.3979,0.1699,10,2
730,K,T,-5.431,0.09617,17,2
730,K,V,-3.98,0.4228,8,2
730,K,W,-2.769,0.4773,13,2
730,K,Y,-3.463,0.1662,9,2
731,G,-,0.1699,0.6707,1,2
731,G,A,-0.1211,0.364,12.5,2
731,G,C,-1.436,1.046,3,4
731,G,D,0.06095,0.4433,13,4
731,G,E,-0.579,0.2884,7,2
731,G,F,-1.038,1.247,9,2
731,G,G,0,0,,4
731,G,H,0.1367,0.03719,11,2
731,G,I,-0.7742,0.2506,5,2
731,G,K,-1.429,0.05374,6,2
731,G,L,-0.4385,0.9892,6,2
731,G,M,0.6673,0.1394,5,2
731,G,N,-0.4152,0.002758,8,2
731,G,P,-9.152,0.2242,7,2
731,G,Q,-0.06725,0.2702,10,2
731,G,R,-1.445,0.8005,5,2
731,G,S,-0.03359,0.2127,6.75,4
731,G,T,0.4337,0.05028,10,2
731,G,V,-0.3199,0.06633,14,2
731,G,W,0.4399,0.4377,12,2
731,G,Y,-0.3895,0.1405,11,2
732,D,-,-1.209,1.961,2,2
732,D,A,-0.4322,0.07517,9,2
732,D,C,-2.03,0.285,9,2
732,D,D,0,0,,4
732,D,E,-0.1961,0.3464,8.5,4
732,D,F,-1.27,0.2086,13,2
732,D,G,-2.299,1.464,4,4
732,D,H,-1.199,0.07354,5,2
732,D,I,-8.017,2.384,10,2
732,D,K,-2.942,0.3896,5,2
732,D,L,-3.873,0.4151,10,2
732,D,M,-3.999,1.754,7,2
732,D,N,-2.015,0.5743,22.75,4
732,D,P,-9.795,0.05374,9,2
732,D,Q,-1.661,1.048,2,2
732,D,R,-6.88,2.555,2,2
732,D,S,-0.5002,0.1964,10,2
732,D,T,-2.9,0.1174,3,2
732,D,V,-1.071,0.2036,5,2
732,D,W,-2.671,0.05657,8,2
732,D,Y,-0.5095,0.6644,7,4
733,V,-,-0.03073,0.1824,1,2
733,V,A,-2.241,1.136,4,4
733,V,C,-0.8877,0.2423,7,2
733,V,D,-9.363,0.5883,8,2
733,V,E,-9.591,0.005657,11,2
733,V,F,-9.067,0.4366,7.5,4
733,V,G,-9.803,0.0898,9,2
733,V,H,-8.855,0.4914,8,2
733,V,I,-4.018,3.286,8.5,4
733,V,K,-8.656,0.9482,9.5,2
733,V,L,-2.508,0.06788,9,2
733,V,M,-8.66,0.1662,4,2
733,V,N,-9.723,0.002121,7,2
733,V,P,-9.672,0.09546,14,2
733,V,Q,-6.599,0.4412,8,2
733,V,R,-9.706,0.001414,6,2
733,V,S,-9.826,0.2404,8,2
733,V,T,-2.956,0.1626,10,2
733,V,V,0,0,,4
733,V,W,-9.873,0.111,9,2
733,V,Y,-9.34,0.4179,9,2
734,Y,*,-9.082,0.2355,2.5,4
734,Y,-,0.4007,0.1792,2,2
734,Y,A,-9.875,0.2758,8,2
734,Y,C,-4.88,5.017,5.5,4
734,Y,D,-9.401,0.3662,4.5,4
734,Y,E,-9.823,0.01273,5,2
734,Y,F,-1.476,0.2927,5,2
734,Y,G,-9.709,0.116,7,2
734,Y,H,-1.863,2.112,8.5,4
734,Y,I,-5.484,3.057,1,2
734,Y,K,-9.825,0.1294,6,2
734,Y,L,-9.677,0.05869,11,2
734,Y,M,-8.845,0.9617,9,2
734,Y,N,-9.709,0.4391,8,2
734,Y,P,-9.455,0.1457,14,2
734,Y,Q,-9.108,0.2659,12,2
734,Y,R,-9.447,0.5155,5,2
734,Y,S,-9.349,0.77,6,2
734,Y,T,-7.749,2.671,6,2
734,Y,V,-9.857,0.1556,11,2
734,Y,W,-0.6934,0.0215,14,2
734,Y,Y,0,0,,4
735,N,-,-3.736,2.674,3,2
735,N,A,-9.618,0.004243,7,2
735,N,C,-5.988,0.8761,9,2
735,N,D,-6.417,1.132,4.5,4
735,N,E,-9.403,0.06647,5,2
735,N,F,-9.757,0.1973,5.5,2
735,N,G,-4.35,5.243,4.5,4
735,N,H,-9.475,0.03394,12.5,2
735,N,I,-9.745,0.01202,10,2
735,N,K,-8.969,0.5324,6.5,4
735,N,L,-4.078,0.4709,6,2
735,N,M,-8.309,0.06859,10,2
735,N,N,0,0,,4
735,N,P,-9.832,0.2171,8,2
735,N,Q,-9.625,0.3444,9,2
735,N,R,-9.747,0.02121,4,2
735,N,S,-4.5,0.2956,13,2
735,N,T,-9.518,0.3005,5,2
735,N,V,-5.123,1.684,4,2
735,N,W,-9.555,0.08132,13,2
735,N,Y,-9.419,0.3684,9,2
736,M,-,-1.42,1.822,2,2
736,M,A,-0.2947,0.07707,7,2
736,M,C,-1.713,1.109,5,2
736,M,D,-2.085,0.2496,2,2
736,M,E,-0.07839,0.1211,6,2
736,M,F,-0.208,0.1937,7,2
736,M,G,-9.165,0.8556,6,2
736,M,H,-0.737,0.2532,7,2
736,M,I,-0.1051,0.1038,23.75,4
736,M,K,-0.8217,0.2915,5.5,4
736,M,L,-0.8514,0.1057,12,2
736,M,M,0,0,,4
736,M,N,-1.542,0.1103,10,2
736,M,P,-8.503,1.119,7,2
736,M,Q,-0.2739,0.0413,6,2
736,M,R,-1.665,0.4957,3.5,4
736,M,S,-1.235,0.1457,12,2
736,M,T,-0.4929,0.08514,10,2
736,M,V,-1.522,0.8584,7.5,4
736,M,W,-0.1597,0.349,6,2
736,M,Y,-0.9364,0.4789,9,2
737,D,-,-1.319,1.282,2,2
737,D,A,-0.503,0.0227,10,2
737,D,C,-4.843,0.3132,9,2
737,D,D,0,0,,4
737,D,E,-1.446,1.147,8.5,4
737,D,F,-0.1003,0.1947,14,2
737,D,G,-0.3368,1.296,5,4
737,D,H,0.6525,0.0004243,9,2
737,D,I,0.1651,0.03635,8,2
737,D,K,-9.861,0.07212,6,2
737,D,L,-1.512,0.09122,11,2
737,D,M,-2.002,0.1245,3,2
737,D,N,-0.2051,0.3039,15,4
737,D,P,-0.9233,0.1085,7,2
737,D,Q,-0.1737,0.0577,11,2
737,D,R,-9.22,0.1188,14,2
737,D,S,-9.783,0.2609,12,2
737,D,T,-9.643,0.01768,9,2
737,D,V,-0.04928,0.07597,14,2
737,D,W,-1.542,0.4349,5,2
737,D,Y,-1.667,1.237,3.5,4
738,Y,*,-7.613,1.18,2.5,4
738,Y,-,-0.6814,1.771,1,2
738,Y,A,-9.695,0.4144,13,2
738,Y,C,-9.6,0.3434,9,4
738,Y,D,-9.302,0.2666,11,2
738,Y,E,-7.088,0.321,8.5,2
738,Y,F,-0.9827,0.3696,9,2
738,Y,G,-9.293,0.4193,6,2
738,Y,H,-5.753,1.26,8,4
738,Y,I,-9.687,0.5275,7,2
738,Y,K,-9.084,0.4568,12,2
738,Y,L,-8.635,1.534,8,2
738,Y,M,-9.209,0.8429,5,2
738,Y,N,-8.961,1.037,13,2
738,Y,P,-9.377,0.0601,12,2
738,Y,Q,-8.686,0.1047,4,2
738,Y,R,-9.287,0.5176,4,2
738,Y,S,-9.82,0.0502,16,2
738,Y,T,-9.88,0.09192,5,2
738,Y,V,-9.482,0.06293,6,2
738,Y,W,-0.3614,1.207,3,2
738,Y,Y,0,0,,4
739,P,-,-0.464,1.182,1,2
739,P,A,-0.8135,0.4221,4,2
739,P,C,-8.599,1.256,9,2
739,P,D,-0.9199,0.2901,5,2
739,P,E,-1.681,0.09334,8,2
739,P,F,-3.362,0.2758,7,2
739,P,G,-9.248,0.5325,3,2
739,P,H,-2.954,0.3688,10.25,4
739,P,I,-2.353,0.297,6,2
739,P,K,-4.914,0.1216,2,2
739,P,L,-2.044,0.1768,15,2
739,P,M,-2.538,0.03606,10,2
739,P,N,-2.472,0.2333,7,2
739,P,P,0,0,,4
739,P,Q,-1.821,0.5162,7,2
739,P,R,-9.136,0.1421,7,2
739,P,S,-2.066,2.025,7.5,4
739,P,T,-0.5791,0.9564,7,4
739,P,V,-0.4052,0.7493,3,2
739,P,W,-9.207,0.886,5,2
739,P,Y,-9.009,1.198,8.5,2
740,P,-,-3.359,1.403,2,2
740,P,A,-0.3184,0.2813,2.5,4
740,P,C,-2.779,0.2737,11,2
740,P,D,-0.6051,0.2654,5,2
740,P,E,-0.8802,0.8002,4,2
740,P,F,-1.062,0.4125,9.5,2
740,P,G,-0.1563,0.05784,11,2
740,P,H,0.04755,0.1572,6,2
740,P,I,0.6874,0.08613,11.5,2
740,P,K,-1.727,0.1846,8,2
740,P,L,-1.314,1.105,3.5,4
740,P,M,-0.0259,0.3564,8,2
740,P,N,-0.2525,0.03422,10,2
740,P,P,0,0,,4
740,P,Q,0.1202,0.1871,7.5,4
740,P,R,0.5508,0.1369,11,2
740,P,S,-0.0562,0.7271,9.25,4
740,P,T,-0.6488,3.843,5,4
740,P,V,-0.1166,0.0995,8,2
740,P,W,-0.2185,0.1546,9,2
740,P,Y,-0.3514,0.136,15,2
741,F,-,-0.4237,0.6428,1,2
741,F,A,-2.516,0.3981,6,2
741,F,C,-7.21,0.01131,9.5,2
741,F,D,-9.352,0.3019,10.5,2
741,F,E,-5.699,0.84,8.5,2
741,F,F,0,0,,4
741,F,G,-7.976,0.4313,6,2
741,F,H,-1.998,0.1619,8,2
741,F,I,-1.325,1.627,7,4
741,F,K,-8.707,0.2376,7,2
741,F,L,-2.771,1.36,12.5,4
741,F,M,-1.726,0.3345,4,2
741,F,N,-2.591,0.8782,4,2
741,F,P,-2.332,0.0997,5,2
741,F,Q,-3.713,0.03323,15,2
741,F,R,-8.764,0.1096,5,2
741,F,S,-2.469,1.406,5.5,4
741,F,T,-2.955,0.3613,8,2
741,F,V,-2.716,0.0898,8,2
741,F,W,-1.424,0.01131,7,2
741,F,Y,0.6646,0.6729,5.5,4
742,G,*,-4.922,4.945,3,4
742,G,A,-1.458,0.07707,10,2
742,G,C,-2.484,0.4773,7,2
742,G,D,-4.728,0.1973,16,2
742,G,E,-3.236,0.5557,9.5,4
742,G,F,-1.714,1.355,4,2
742,G,G,0,0,,4
742,G,H,-6.413,1.275,9,2
742,G,I,-8.995,0.0502,13,2
742,G,K,-8.447,1.525,6,2
742,G,L,-0.1388,0.08774,1,2
742,G,M,-0.9634,0.4067,7,2
742,G,N,0.7041,0.03076,3,2
742,G,P,-9.809,0.2843,10,2
742,G,Q,-0.7309,0.09921,8,2
742,G,R,-7.297,1.666,26.5,4
742,G,S,-1.741,0.1598,12,2
742,G,T,-5.249,1.256,14,2
742,G,V,-9.051,0.5019,7,4
742,G,W,-1.356,0.1838,4,2
742,G,Y,-3.622,0.02758,3,2
743,A,A,0,0,,4
743,A,C,-7.216,2.922,6,2
743,A,D,-0.6424,0.5029,6,4
743,A,E,-1.609,0.3246,6,2
743,A,F,-1.306,0.06081,9,2
743,A,G,-0.4793,0.5251,8,2
743,A,H,-3.398,0.2616,5,2
743,A,I,-1.561,0.1146,9,2
743,A,K,-9.793,0.09122,7,2
743,A,L,-1.462,0.2779,3,2
743,A,M,-0.7162,0.108,6,2
743,A,N,-0.303,0.0181,3,2
743,A,P,-9.486,0.1117,13,2
743,A,Q,-0.6668,0.005303,6,2
743,A,R,-1.079,0.1068,6,2
743,A,S,-0.5547,0.4292,10.5,4
743,A,T,-0.143,0.244,14.5,4
743,A,V,-3.662,2.632,17,4
743,A,W,-3.332,0.2468,4,2
743,A,Y,-3.009,0.256,4,2
744,G,*,-2.981,4.026,1,2
744,G,A,-0.8753,0.1561,5,2
744,G,C,-0.3841,0.6868,3.5,4
744,G,D,-8.704,0.1691,108.5,4
744,G,E,-9.655,0.111,7,2
744,G,F,-9.522,0.09051,11,2
744,G,G,0,0,,4
744,G,H,-8.72,1.05,8,2
744,G,I,-8.695,0.2298,12,2
744,G,K,-9.677,0.4709,5,2
744,G,L,-4.082,0.3359,16,2
744,G,M,0.4434,0.358,4,2
744,G,N,-0.7252,0.2802,9,2
744,G,P,-0.2389,0.01365,9,2
744,G,Q,-3.068,0.3903,9,2
744,G,R,-8.768,0.3953,8,2
744,G,S,-1.66,0.7835,20.5,4
744,G,T,-0.1235,0.4339,2.5,2
744,G,V,-4.029,1.19,9.5,4
744,G,W,-9.673,0.06505,6,2
744,G,Y,-9.716,0.3132,15,2
745,R,A,-0.3777,0.3886,7,2
745,R,C,-4.866,0.2843,5,2
745,R,D,-0.906,0.009192,14,2
745,R,E,-0.3936,0.1957,7,2
745,R,F,-2.855,0.4582,4,2
745,R,G,-0.887,0.5089,5.5,4
745,R,H,0.303,0.1517,3,2
745,R,I,-1.837,1.31,6.5,4
745,R,K,-1.249,0.8756,8.5,4
745,R,L,0.03291,0.1546,6,2
745,R,M,-0.6508,0.01584,5,2
745,R,N,-1.516,0.7854,6,2
745,R,P,-1.601,0.4702,9,2
745,R,Q,0.007625,0.1395,8,2
745,R,R,0,0,,4
745,R,S,-0.4649,0.5299,5,4
745,R,T,-0.5132,0.4189,6,2
745,R,V,-1.305,0.2079,11.5,2
745,R,W,-3.071,0.6555,5,2
745,R,Y,-2.34,0.04031,4,2
746,P,-,-1.793,3.164,1,2
746,P,A,-1.586,0.2114,3,2
746,P,C,-3.42,0.4844,1,2
746,P,D,-7.48,1.076,8,2
746,P,E,-4.046,0.3019,6,2
746,P,F,-6.88,0.14,8,2
746,P,G,-4.377,0.1407,5,2
746,P,H,-6.928,1.586,14,4
746,P,I,-7.082,0.7319,6,2
746,P,K,-8.99,0.01838,15,2
746,P,L,-8.854,0.7949,15,4
746,P,M,-4.517,1.636,5,2
746,P,N,-9.484,0.06081,8,2
746,P,P,0,0,,4
746,P,Q,-4.505,0.7559,4,2
746,P,R,-8.538,0.5028,9,2
746,P,S,-2.111,0.9486,11,4
746,P,T,-4.841,2.102,5,4
746,P,V,-6.053,0.6116,5,2
746,P,W,-6.363,0.461,8,2
746,P,Y,-5.854,0.7326,5.5,2
747,G,-,-3.073,4.858,1,2
747,G,A,-5.277,3.484,4,2
747,G,C,-9.026,0.2602,19.5,2
747,G,D,-9.364,0.3311,78.5,4
747,G,E,-9.731,0.2362,4,2
747,G,F,-9.598,0.2135,6,2
747,G,G,0,0,,4
747,G,H,-8.431,0.333,4,2
747,G,I,-9.335,0.2227,5,2
747,G,K,-9.846,0.06859,6,2
747,G,L,-9.236,0.5897,8,2
747,G,M,-8.977,0.2015,5,2
747,G,N,-9.627,0.5989,6,2
747,G,P,-9.552,0.1789,7.5,2
747,G,Q,-8.991,0.1421,8,2
747,G,R,-9.459,0.1527,10,2
747,G,S,-3.546,1.86,12,4
747,G,T,-9.111,0.8089,9,2
747,G,V,-5.107,4.4,4.5,4
747,G,W,-8.73,0.07212,4,2
747,G,Y,-8.715,1.165,4,2
748,Q,*,-9.183,2.018,3,4
748,Q,-,-1.371,0.008485,1,2
748,Q,A,0.3163,0.2304,2,2
748,Q,C,-0.6054,0.09595,6,2
748,Q,D,-2.317,0.1103,7,2
748,Q,E,0.6235,0.5895,1.5,4
748,Q,F,-1.957,0.9256,7,2
748,Q,G,-0.6182,0.2448,8,2
748,Q,H,-0.3327,0.2201,12,2
748,Q,I,-1.677,0.2362,9,2
748,Q,K,-1.529,1.444,6,4
748,Q,L,-1.891,0.05374,8,2
748,Q,M,0.765,0.002828,4,2
748,Q,N,-1.597,0.4907,6,2
748,Q,P,-9.718,0.1117,7,2
748,Q,Q,0,0,,4
748,Q,R,-2.397,0.116,5,2
748,Q,S,0.7142,0.0502,7,2
748,Q,T,0.5998,0.3779,6,2
748,Q,V,-2.164,1.228,6,2
748,Q,W,-3.319,0.04101,11,2
748,Q,Y,-1.404,0.164,5,2
749,F,-,-1.33,0.4186,1,2
749,F,A,-9.623,0.07425,5,2
749,F,C,-7.845,0.5197,7,2
749,F,D,-6.118,4.982,4,2
749,F,E,-7.07,2.58,3,2
749,F,F,0,0,,4
749,F,G,-9.229,0.6399,5,2
749,F,H,-9.527,0.1245,6,2
749,F,I,-9.049,2.642,6.5,4
749,F,K,-9.68,0.1478,3,2
749,F,L,-3.994,3.453,8.5,4
749,F,M,-9.164,0.3847,6,2
749,F,N,-9.645,0.2185,7,2
749,F,P,-9.197,0.06293,5,2
749,F,Q,-8.712,0.3203,7,2
749,F,R,-9.649,0.0693,6,2
749,F,S,-6.382,4.746,6.5,4
749,F,T,-9.52,0.4561,4,2
749,F,V,-9.607,0.2623,8,2
749,F,W,0.8834,0.03677,6,2
749,F,Y,-0.6196,0.8208,8,2
750,G,-,-0.8745,0.4504,1,2
750,G,A,-1.004,0.4986,4.5,4
750,G,C,-9.465,0.2679,7.5,4
750,G,D,-9.022,0.5698,15.5,4
750,G,E,-9.139,1.102,6,2
750,G,F,-9.346,0.4455,6,2
750,G,G,0,0,,4
750,G,H,-9.399,0.3182,4,2
750,G,I,-8.221,0.2213,2,2
750,G,K,-9.63,0.02263,3,2
750,G,L,-9.822,0.2793,9,2
750,G,M,-9.701,0.437,7,2
750,G,N,-9.029,0.3684,10.5,2
750,G,P,-8.893,0.49,8,2
750,G,Q,-8.488,1.609,3,2
750,G,R,-8.06,0.8825,2,2
750,G,S,-8.812,1.204,6.5,4
750,G,T,-9.689,0.1365,9,2
750,G,V,-8.453,1.374,8,4
750,G,W,-8.913,0.2602,6,2
750,G,Y,-8.645,1.477,6,2
751,D,-,-1.405,0.2376,2,2
751,D,A,-8.87,0.9666,11,2
751,D,C,-9.798,0.2574,9,2
751,D,D,0,0,,4
751,D,E,-8.451,4.431,6,4
751,D,F,-9.677,0.1506,10,2
751,D,G,-9.626,0.04313,5,2
751,D,H,-8.354,1.142,2,2
751,D,I,-9.804,0.03536,13,2
751,D,K,-9.887,0.04243,6,2
751,D,L,-9.73,0.1633,7,2
751,D,M,-9.588,0.1457,10,2
751,D,N,-9.157,0.2513,35,4
751,D,P,-9.762,0.1633,4,2
751,D,Q,-9.8,0.2595,8,2
751,D,R,-9.486,0.531,8.5,2
751,D,S,-9.726,0.1669,6,2
751,D,T,-9.892,0.005657,10,2
751,D,V,-9.124,0.4749,4.25,4
751,D,W,-9.761,0.2157,5,2
751,D,Y,-8.679,2.722,4.5,4
752,I,-,-2.425,2.92,2,2
752,I,A,-8.438,1.288,6,2
752,I,C,-2.215,0.2786,16,2
752,I,D,-9.819,0.08273,11,2
752,I,E,-9.028,0.2192,6,2
752,I,F,-1.857,0.2001,4,2
752,I,G,-9.682,0.4639,6,2
752,I,H,-7.712,1.904,6,2
752,I,I,0,0,,4
752,I,K,-8.655,1.595,3,2
752,I,L,-0.3164,0.03338,3,2
752,I,M,-0.2136,0.07276,8,2
752,I,N,-9.524,0.2369,10,2
752,I,P,-9.47,0.1633,6,2
752,I,Q,-8.941,0.2284,8,2
752,I,R,-9.656,0.1704,7,2
752,I,S,-9.394,0.007071,11,2
752,I,T,-7.362,1.536,6,4
752,I,V,-0.4519,0.8545,6,4
752,I,W,-9.484,0.1216,6,2
752,I,Y,-8.741,1.016,4,2
753,Q,*,-8.27,0.2849,3.5,4
753,Q,-,-0.9855,2.106,2,2
753,Q,A,-1.573,0.1577,7,2
753,Q,C,-2.405,0.3288,5,2
753,Q,D,-9.347,0.4695,7.5,2
753,Q,E,-9.084,1.075,10,2
753,Q,F,-9.551,0.0495,7,2
753,Q,G,-9.787,0.01768,5,2
753,Q,H,-8.779,0.14,18,2
753,Q,I,-9.121,0.116,9,2
753,Q,K,-8.908,0.4319,7.5,4
753,Q,L,-7.361,3.454,6.25,4
753,Q,M,-0.6914,0.2332,12,2
753,Q,N,-9.375,0.2192,8,2
753,Q,P,-9.808,0.1697,17,2
753,Q,Q,0,0,,4
753,Q,R,-4.998,4.549,10.5,4
753,Q,S,-8.155,1.282,2,2
753,Q,T,-5.728,0.1025,3.5,2
753,Q,V,-3.47,0.7905,8,2
753,Q,W,-8.496,1.401,3,2
753,Q,Y,-9.457,0.03323,4,2
754,S,-,-0.7571,1.691,3,2
754,S,A,-1.707,0.186,8,2
754,S,C,-0.8216,0.1567,7,2
754,S,D,-4.422,0.7587,10,2
754,S,E,-4.064,0.1287,11,2
754,S,F,-1.582,0.3451,8.5,2
754,S,G,-4.811,0.6413,6,2
754,S,H,-2.053,0.28,8,2
754,S,I,-2.493,4.093,5.5,4
754,S,K,-2.548,0.2581,3,2
754,S,L,0.7516,0.1232,4,2
754,S,M,-1.421,0.1344,6,2
754,S,N,-8.517,1.606,22,4
754,S,P,-8.971,0.8153,6,2
754,S,Q,-4.05,0.03394,10,2
754,S,R,-7.356,3.699,5.5,4
754,S,S,0,0,,4
754,S,T,0.1159,0.1382,5,2
754,S,V,-2.81,1.105,7,2
754,S,W,-8.139,0.3444,4,2
754,S,Y,-3.745,0.2411,5,2
755,R,*,-5.835,0.7481,2,2
755,R,-,0.4441,0.1686,2,2
755,R,A,-1.154,0.3545,8,2
755,R,C,-5.309,1.156,9,2
755,R,D,-3.554,0.5996,11,2
755,R,E,-0.6092,0.1021,8,2
755,R,F,-1.189,0.2079,4,2
755,R,G,-0.5783,1.573,10,4
755,R,H,-0.7285,0.4335,4,2
755,R,I,-0.8886,1.754,5,4
755,R,K,-2.519,2.301,24,4
755,R,L,-0.8789,0.01549,7,2
755,R,M,-0.1592,0.1222,6,2
755,R,N,-0.04025,0.487,9,2
755,R,P,-2.071,0.6223,12,2
755,R,Q,0.08408,0.2421,9,2
755,R,R,0,0,,4
755,R,S,0.5577,0.1042,1,2
755,R,T,-0.6464,0.2597,5,2
755,R,V,-1.512,0.4794,5,2
755,R,W,-7.304,0.3896,9,2
755,R,Y,-2.571,0.4929,12,2
756,T,-,-0.9598,2.061,2,2
756,T,A,0.2794,0.05013,9,2
756,T,C,-2.487,0.5042,4,2
756,T,D,-1.716,0.5586,6,2
756,T,E,-1.313,1.129,5,2
756,T,F,-0.2689,0.1599,4,2
756,T,G,-1.554,0.1591,6,2
756,T,H,-0.4703,0.5143,8,2
756,T,I,-0.8078,0.5047,10,4
756,T,K,-1.055,0.1641,5,2
756,T,L,-0.02602,0.1251,10.5,2
756,T,M,-0.3215,0.2333,3,2
756,T,N,-0.1469,0.6482,6,4
756,T,P,-8.532,1.133,9,2
756,T,Q,-0.6293,0.441,6,2
756,T,R,-0.5223,1.694,4.5,2
756,T,S,0.2497,0.3214,4.25,4
756,T,T,0,0,,4
756,T,V,-0.981,0.4002,7,2
756,T,W,-0.3637,0.1776,10,2
756,T,Y,-0.6593,0.1356,6,2
757,P,-,-0.9469,0.5233,3,2
757,P,A,-1.238,0.7507,2.5,4
757,P,C,-2.684,0.6145,4,2
757,P,D,-2.803,0.6569,4,2
757,P,E,-1.573,0.4115,3,2
757,P,F,-0.3664,0.3651,10,2
757,P,G,-1.708,0.1838,7,2
757,P,H,-0.8037,0.9239,9,4
757,P,I,-1.285,0.3946,10,2
757,P,K,-1.774,0.5466,6,2
757,P,L,-2.167,0.3684,4,2
757,P,M,-1.226,0.5443,1,2
757,P,N,-2.734,0.02475,4,2
757,P,P,0,0,,4
757,P,Q,-1.06,0.2847,6,2
757,P,R,-0.6927,0.5363,3,2
757,P,S,-1.216,0.4832,5.75,4
757,P,T,-0.4232,0.5497,8.5,4
757,P,V,0.525,0.0007071,6,2
757,P,W,-0.7679,0.5205,6,2
757,P,Y,-1.279,0.4045,13,2
758,E,*,-5.425,3.065,2,4
758,E,-,0.0894,0.5903,3,2
758,E,A,0.1233,0.04043,8,2
758,E,C,-2.199,0.1245,12,2
758,E,D,-0.2628,0.2617,8.5,4
758,E,E,0,0,,4
758,E,F,0.4663,0.322,9,2
758,E,G,-0.1219,0.3744,8.5,4
758,E,H,-0.346,0.06477,7,2
758,E,I,-0.1606,0.2266,11,2
758,E,K,-0.3877,1.067,9.5,4
758,E,L,-2.101,0.4844,4,2
758,E,M,0.3604,0.2601,12,2
758,E,N,0.0635,0.1715,7,2
758,E,P,-2.409,0.3585,5,2
758,E,Q,-0.9468,0.525,4,2
758,E,R,-0.947,0.02652,6,2
758,E,S,0.1565,0.008273,8,2
758,E,T,0.04919,0.09264,12,2
758,E,V,-1.325,0.5261,2.5,4
758,E,W,0.123,0.09087,3,2
758,E,Y,0.4496,0.2841,4,2
759,S,-,0.4554,0.135,1,2
759,S,A,-0.7519,0.1861,2,2
759,S,C,-4.409,0.21,1,2
759,S,D,-7.657,2.285,4,2
759,S,F,-7.591,1.402,7,2
759,S,G,-0.5209,0.2306,5,4
759,S,H,-2.719,0.05798,5,2
759,S,I,-5.588,0.594,4,4
759,S,K,-3.409,0.1344,4,2
759,S,L,-5.742,1.597,4,2
759,S,M,-4.898,4.759,3,2
759,S,N,-3.84,0.7568,8,4
759,S,P,-8.245,1.669,8,2
759,S,Q,-2.911,0.3649,7,2
759,S,R,-2.358,0.451,12,4
759,S,S,0,0,,4
759,S,T,-0.3548,0.529,8,2
759,S,V,-5.373,1.359,7,2
759,S,W,-5.887,4.393,2,2
759,S,Y,-4.966,0.7686,5,2
760,E,*,-7.22,0.5572,3,2
760,E,-,-0.3531,0.1887,1,2
760,E,A,0.4103,0.07814,4,2
760,E,C,-0.5714,0.1154,4.5,2
760,E,D,-0.8382,0.7217,10,4
760,E,E,0,0,,4
760,E,F,-1.153,0.7075,1,2
760,E,G,-0.5096,1.765,5.5,4
760,E,H,-0.313,0.2884,6,2
760,E,I,-0.6985,0.1216,3,2
760,E,K,0.09047,0.1326,5.75,4
760,E,L,0.1493,0.1459,6,2
760,E,M,-0.1609,0.1863,6,2
760,E,N,-1.176,0.2597,5,2
760,E,P,0.2214,0.6235,6,2
760,E,Q,-0.8506,1.251,1.5,4
760,E,R,0.4668,0.08464,4,2
760,E,S,0.3316,0.3183,3,2
760,E,T,-0.876,0.9745,6,2
760,E,V,0.2703,0.1732,5,2
760,E,W,-0.7888,0.09885,4,2
760,E,Y,-0.8658,0.1983,9,2
761,D,A,0.1946,0.3785,2,2
761,D,C,-4.386,1.89,3,2
761,D,D,0,0,,4
761,D,E,-2.917,1.393,9.5,4
761,D,F,-2.205,0.03748,7,2
761,D,G,-0.8502,0.5979,5,4
761,D,H,-1.423,0.1739,4,2
761,D,I,-4.47,0.1796,3,2
761,D,K,-1.115,0.07,4,2
761,D,L,-3.047,0.4228,3,2
761,D,M,-2.656,0.1584,6,2
761,D,N,-1.966,2.353,5.5,4
761,D,P,-3.463,0.8301,5,2
761,D,Q,-0.7798,0.1222,7,2
761,D,R,-1.731,0.0007071,4,2
761,D,S,-0.3368,0.0007778,8,2
761,D,T,-2.455,0.02333,5,2
761,D,V,-1.873,0.8266,7.5,2
761,D,W,-0.1457,0.6834,2,2
761,D,Y,-1.603,0.4313,8,2
762,V,A,-5.944,2.578,4.5,4
762,V,C,0.3179,0.462,5,2
762,V,D,-3.705,0.9348,3,2
762,V,E,-8.974,0.4738,5,2
762,V,F,-1.869,0.07,4,2
762,V,G,-3.855,0.9108,6,2
762,V,H,-1.759,0.08415,7,2
762,V,I,-0.02626,0.1033,4.5,4
762,V,K,-4.614,7.1,3,2
762,V,L,-0.94,0.7187,4.5,4
762,V,M,-1.193,0.6111,21.5,4
762,V,N,-5.431,0.7418,5,2
762,V,P,-4.27,0.4639,7,2
762,V,Q,-2.026,0.09546,5,2
762,V,R,-9.822,0.06647,5,2
762,V,S,-7.364,2.287,2,2
762,V,T,0.3169,0.2896,5,2
762,V,V,0,0,,4
762,V,W,-0.2056,0.1121,2,2
762,V,Y,-2.933,1.05,3,2
763,Y,*,-9.254,1.494,5,4
763,Y,A,0.2278,0.5508,1,2
763,Y,C,-2.583,2.401,4.5,4
763,Y,D,-4.355,0.9489,2,2
763,Y,E,-0.38,0.2807,5,2
763,Y,F,-1.261,0.9565,1,2
763,Y,G,-8.262,0.0594,6,2
763,Y,H,-0.6066,0.9643,7,4
763,Y,I,-0.04992,0.123,7,2
763,Y,K,-4.72,0.3953,3,2
763,Y,L,-1.593,0.3401,4.5,2
763,Y,M,0.5334,0.08287,7,2
763,Y,N,-2.068,0.7307,3.5,4
763,Y,P,-4.726,6.559,1,2
763,Y,Q,0.08516,0.02297,8,2
763,Y,R,-6.793,3.407,4,2
763,Y,S,-0.9232,0.383,3,2
763,Y,T,-0.112,0.4927,6,2
763,Y,V,-0.7533,0.2893,3,2
763,Y,W,-1.53,0.2751,5,2
763,Y,Y,0,0,,4
764,A,A,0,0,,4
764,A,C,-2.062,0.8966,3,2
764,A,D,-5.671,4.273,5.5,4
764,A,E,-9.65,0.3677,5,2
764,A,F,-9.14,0.5954,4,2
764,A,G,-2.799,0.8811,1.5,4
764,A,H,-9.213,0.7481,4,2
764,A,I,-1.858,0.4738,2,2
764,A,K,-9.433,0.215,7,2
764,A,L,-9.674,0.03536,8,2
764,A,M,-8.056,0.2807,8,2
764,A,N,-9.77,0.03606,9,2
764,A,P,-9.578,0.461,3,2
764,A,Q,-8.282,1.181,6,2
764,A,R,-9.059,0.2015,3,2
764,A,S,-0.4024,0.1821,6.75,4
764,A,T,-6.482,0.1973,21.5,4
764,A,V,-0.177,0.2056,15.5,4
764,A,W,-9.435,0.164,3,2
764,A,Y,-9.812,0.1478,5,2
765,N,-,-4.312,7.169,1,2
765,N,A,0.4189,0.1025,2,2
765,N,C,0.06949,0.04233,8,2
765,N,D,-1.647,0.05869,4,2
765,N,E,-4.513,0.6364,3,2
765,N,F,-0.7822,0.1895,6,2
765,N,G,-8.402,1.023,2,2
765,N,H,-0.807,0.2463,7,2
765,N,I,-3.494,0.04101,8,2
765,N,K,-0.9084,0.3545,9.5,4
765,N,L,-2.45,0.1902,2,2
765,N,M,-0.5178,0.01937,5,2
765,N,N,0,0,,4
765,N,P,-9.286,0.6053,5,2
765,N,Q,-0.9421,0.13,2,2
765,N,R,-1.913,0.4434,4,2
765,N,S,-0.5752,0.08598,5,2
765,N,T,-1.69,0.2418,4,2
765,N,V,-1.369,0.2475,6,2
765,N,W,-0.2917,0.3227,5,2
765,N,Y,-1.774,0.07495,6,2
766,T,A,-9.301,0.618,6,2
766,T,C,-9.161,0.04738,2,2
766,T,D,-9.734,0.3521,5,2
766,T,E,-9.224,0.2213,4,2
766,T,F,-9.197,0.2333,6,2
766,T,G,-9.426,0.2899,5,2
766,T,H,-9.78,0.08485,6,2
766,T,I,-8.683,0.7745,6.5,4
766,T,K,-9.204,0.09347,9,4
766,T,L,-9.89,0.1089,6,2
766,T,M,-9.558,0.1732,2,2
766,T,N,-9.743,0.03111,9,2
766,T,P,-7.104,1.877,3,2
766,T,Q,-9.697,0.4207,6,2
766,T,R,-7.011,3.65,4,4
766,T,S,-3.417,0.2864,4,2
766,T,T,0,0,,4
766,T,V,-9.744,0.1209,3,2
766,T,W,-9.806,0.2199,4,2
766,T,Y,-8.056,0.2029,2,2
767,Q,*,-9.744,0.9581,11.5,4
767,Q,A,-3.654,0.285,8,2
767,Q,C,0.6557,0.3246,2,2
767,Q,D,-1.467,0.4144,3,2
767,Q,E,0.4676,0.1793,2,2
767,Q,F,-8.838,0.1294,4,2
767,Q,G,-2.141,0.1945,5,2
767,Q,H,-3.335,0.2881,6,4
767,Q,I,-7.112,2.85,4,2
767,Q,K,-5.109,1.166,8.5,4
767,Q,L,-4.369,1.013,4,4
767,Q,M,-4.191,0.3104,4,2
767,Q,N,-3.049,0.1471,6,2
767,Q,P,-6.059,4.92,4.5,4
767,Q,Q,0,0,,4
767,Q,R,-4.337,3.248,4.5,4
767,Q,S,-8.66,1.57,3,2
767,Q,T,-9.11,0.07,6,2
767,Q,V,-6.474,4.396,5,2
767,Q,W,-2.444,2.374,3,2
767,Q,Y,-3.281,0.2199,8,2
768,L,A,-7.224,2.906,5,2
768,L,C,-9.725,0.1216,5,2
768,L,D,-8.411,0.2362,5,2
768,L,E,-9.611,0.1124,8,2
768,L,F,-3.792,0.2277,5,2
768,L,G,-9.287,0.9242,5,2
768,L,I,-0.7971,0.1271,6,2
768,L,K,-9.811,0.07354,6,2
768,L,L,0,0,,4
768,L,M,-0.5531,0.8113,7.5,4
768,L,N,-9.725,0.1471,9,2
768,L,P,-6.008,3.832,6,4
768,L,Q,-4.884,5.672,4.5,4
768,L,R,-5.822,3.416,2,4
768,L,S,-9.143,1.139,5,2
768,L,T,-8.988,1.02,4,2
768,L,V,-0.5445,0.1705,4,2
768,L,W,-4.906,7.026,3,2
768,L,Y,-5.014,6.307,2,2
769,V,-,-0.0897,0.1318,1,2
769,V,A,-0.5854,0.8198,3.5,4
769,V,C,-2.881,0.7177,2,2
769,V,D,0.5376,0.159,4,2
769,V,E,0.08959,0.1544,8,2
769,V,F,0.2945,0.1066,5,2
769,V,G,-1.883,0.8193,3,4
769,V,H,-0.4188,0.4049,6,2
769,V,I,0.7762,0.04122,5,2
769,V,K,-0.5279,0.2449,7,2
769,V,L,0.01279,0.005191,12,2
769,V,M,-0.3654,0.1084,11,4
769,V,N,-0.7902,0.1387,1,2
769,V,P,-9.807,0.1245,6,2
769,V,Q,-0.7002,0.2073,2,2
769,V,R,-2.288,0.7092,6,2
769,V,S,-0.485,0.2382,6,2
769,V,T,0.1505,0.02135,6,2
769,V,V,0,0,,4
769,V,W,-0.241,0.1629,6,2
769,V,Y,0.06945,0.0589,9,2
770,L,-,-1.345,2.065,1,2
770,L,A,-3.445,0.2256,5,2
770,L,C,-2.718,0.7552,5,2
770,L,D,-9.61,0.2305,7,2
770,L,E,-9.213,0.0799,1,2
770,L,F,-2.479,1.493,2,2
770,L,G,-9.487,0.2305,2,2
770,L,H,-9.256,0.2539,3,2
770,L,I,-1.392,0.2489,5,2
770,L,K,-9.439,0.1308,7,2
770,L,L,0,0,,4
770,L,M,0.1834,0.4115,7.5,4
770,L,N,-9.426,0.01556,3,2
770,L,P,-1.841,1.925,7,4
770,L,Q,-8.954,0.7648,2,4
770,L,R,-7.278,3.295,4,4
770,L,S,-9.598,0.0502,8,2
770,L,T,-2.812,0.5028,4,2
770,L,V,0.019,0.4601,3,4
770,L,W,-1.661,0.7071,1,2
770,L,Y,-8.457,0.4299,2,2
771,Q,*,-9.294,0.3572,4.5,4
771,Q,-,-1.421,1.724,1,2
771,Q,A,-1.349,0.1351,5,2
771,Q,C,-1.064,0.2184,4,2
771,Q,D,-0.9777,0.1843,6,2
771,Q,E,-0.5874,0.5948,2.5,4
771,Q,F,0.5414,0.4443,3,2
771,Q,G,-1.765,0.577,5,2
771,Q,H,-4.799,0.116,7,2
771,Q,I,0.2853,0.00898,5,2
771,Q,K,-1.939,0.1896,6,4
771,Q,L,0.6381,0.2432,10,2
771,Q,M,0.867,0.03069,4,2
771,Q,N,-6.474,4.219,6,2
771,Q,P,-9.549,0.09192,7,2
771,Q,Q,0,0,,4
771,Q,R,0.6542,0.07887,5,4
771,Q,S,-2.312,0.1096,6,2
771,Q,T,-1.883,0.9659,1.5,2
771,Q,V,-1.621,1.303,3,2
771,Q,W,-0.2228,0.2294,3,2
771,Q,Y,0.5907,0.0152,3,2
772,R,-,-2.758,1.611,1,2
772,R,A,-0.7153,0.2279,9,2
772,R,C,-5.099,1.113,7,2
772,R,D,-0.6743,0.6827,1,2
772,R,E,-9.508,0.2199,6,2
772,R,F,-2.721,0.1549,8,2
772,R,G,-5.497,3.58,4.5,4
772,R,H,-1.506,0.01202,3,2
772,R,I,-8.126,0.3967,9,2
772,R,K,-2.818,0.3359,10.5,4
772,R,L,-3.32,0.1513,7.5,2
772,R,M,-2.158,3.711,8,4
772,R,N,-2.79,0.3557,7,2
772,R,P,-4.671,0.2602,11,2
772,R,Q,-0.4519,0.3087,5,2
772,R,R,0,0,,4
772,R,S,-2.8,1.54,5.5,4
772,R,T,-3.044,2.407,5,3
772,R,V,-4.237,0.2051,7,2
772,R,W,-2.119,1.58,4.5,4
772,R,Y,-3.42,1.225,2,2
773,P,-,-2.404,0.6527,1,2
773,P,A,-5.622,1.537,7,2
773,P,C,-8.812,0.09758,6,2
773,P,D,-9.749,0.0594,6,2
773,P,E,-9.44,0.05162,4,2
773,P,F,-9.703,0.1351,3,2
773,P,G,-9.815,0.02404,5,2
773,P,H,-8.925,0.6288,8.5,4
773,P,I,-9.706,0.3599,7,2
773,P,K,-9.578,0.1202,4,2
773,P,L,-5.627,4.559,5.5,4
773,P,M,-9.223,0.1336,5,2
773,P,N,-8.249,0.09617,2,2
773,P,P,0,0,,4
773,P,Q,-6.835,1.999,2,2
773,P,R,-4.713,5.41,1.5,4
773,P,S,-9.637,0.2313,13,4
773,P,T,-9.373,0.5287,6.5,4
773,P,V,-8.852,0.3882,3,2
773,P,W,-9.442,0.7036,6,2
773,P,Y,-9.244,0.3359,8,2
774,S,-,0.4353,0.3318,1,2
774,S,A,-0.6688,0.6979,2,4
774,S,C,-0.1924,0.01259,6,2
774,S,D,-3.085,0.239,4,2
774,S,E,-1.709,1.192,2,2
774,S,F,-3.9,0.2656,8,4
774,S,G,-1.798,0.4497,7,2
774,S,H,-1.913,0.4165,7,2
774,S,I,-4.494,0.251,3,2
774,S,K,-5.309,3.856,6,2
774,S,L,-0.9705,0.0502,3,2
774,S,M,0.7704,0.028,8,2
774,S,N,-0.4611,0.2195,6,2
774,S,P,-6.482,2.368,8,4
774,S,Q,-2.036,0.1358,4,2
774,S,R,-5.333,0.6986,6,2
774,S,S,0,0,,4
774,S,T,-2.216,1.47,5,4
774,S,V,-2.073,0.1916,4,2
774,S,W,-6.569,2.958,7,2
774,S,Y,-5.46,1.596,5.5,4
775,A,-,-1.266,1.882,1,2
775,A,A,0,0,,4
775,A,C,-9.107,0.6003,6,2
775,A,D,-3.571,4.73,5,4
775,A,E,-6.244,2.374,6,2
775,A,F,-3.466,0.1492,15,2
775,A,G,-2.824,0.2998,9,2
775,A,H,-2.845,0.1372,7,2
775,A,I,-6.371,1.418,6,2
775,A,K,-7.245,1.03,5,2
775,A,L,-5.736,1.153,8,2
775,A,M,-4.407,0.7623,6,2
775,A,N,-9.284,0.09617,7,2
775,A,P,0.3094,0.1416,10,2
775,A,Q,-2.202,0.2051,8,2
775,A,R,-5.146,1.194,3,2
775,A,S,-0.4282,0.6787,5.5,4
775,A,T,-0.8213,0.7336,13,4
775,A,V,-0.6862,0.1162,48.75,4
775,A,W,-1.884,0.03818,7,2
775,A,Y,-0.6611,0.06435,7,2
776,G,*,-8.473,1.244,5,2
776,G,-,0.3222,0.6432,1,2
776,G,A,-3.277,0.05798,8.5,2
776,G,C,-8.456,0.869,3,2
776,G,D,-9.401,0.2411,5,2
776,G,E,-7.398,0.9443,30,4
776,G,F,-6.87,2.138,7,2
776,G,G,0,0,,4
776,G,H,-6.527,0.9108,5,2
776,G,I,-9.011,0.1513,11,2
776,G,K,-6.55,0.6873,10,2
776,G,L,-9.441,0.3062,13,2
776,G,M,-6.776,2.022,8,2
776,G,N,-6.888,3.038,6,2
776,G,P,-8.945,0.9108,5,2
776,G,Q,-3.264,0.6357,9,2
776,G,R,-6.933,0.9813,20,4
776,G,S,-1.427,0.1492,6,2
776,G,T,-6.244,1.526,8,2
776,G,V,-7.009,3.462,4.5,4
776,G,W,-5.161,0.2234,9,2
776,G,Y,-1.73,0.4172,5,2
777,T,-,-0.8099,0.9887,1,2
777,T,A,-1.995,1.081,3.5,4
777,T,C,-1.632,0.03677,9,2
777,T,D,-1.198,0.6662,9,2
777,T,E,-2.046,0.4518,6,2
777,T,F,-0.5648,0.6025,2,2
777,T,G,-3.446,0.07354,8,2
777,T,H,-1.918,0.09758,11,2
777,T,I,0.3431,0.5486,8.75,4
777,T,K,-4.73,2.09,5,4
777,T,L,0.8231,0.07007,7,2
777,T,M,-0.1338,0.6394,8,2
777,T,N,-2.754,0.002828,7,2
777,T,P,-3.121,0.2602,5,2
777,T,Q,-1.301,0.5052,6,2
777,T,R,-4.918,0.8761,4,2
777,T,S,-3.086,0.1563,4,2
777,T,T,0,0,,4
777,T,V,0.33,0.06322,6,2
777,T,W,-1.602,0.5735,9,2
777,T,Y,-3.082,0.8902,10,2
778,V,-,-0.7088,0.8502,2,2
778,V,A,-2.44,1.443,7,4
778,V,C,-4.39,0.5261,9,2
778,V,D,-8.8,0.7453,6,2
778,V,E,-9.149,0.1301,8,2
778,V,F,-9.834,0.09617,8,2
778,V,G,-9.382,0.6916,3,2
778,V,H,-9.624,0.09263,8,2
778,V,I,-1.906,0.4624,6,2
778,V,K,-7.812,0.333,6,2
778,V,L,-2.193,0.1457,8,2
778,V,M,-3.021,0.3412,13.25,4
778,V,N,-8.627,1.183,6,2
778,V,P,-6.957,3.695,4,2
778,V,Q,-8.383,1.752,6,2
778,V,R,-9.811,0.0792,5,2
778,V,S,-7.006,2.485,6,2
778,V,T,-1.058,0.3036,6,2
778,V,V,0,0,,4
778,V,W,-8.45,1.573,3,2
778,V,Y,-8.25,0.7616,6,2
779,H,-,-3.239,1.768,3,2
779,H,A,-7.181,0.2022,8,2
779,H,C,-8.821,0.7184,5,2
779,H,D,-6.07,0.9079,11.5,2
779,H,E,-9,0.215,8,2
779,H,F,-9.421,0.07071,12,2
779,H,G,-5.136,0.2694,7,2
779,H,H,0,0,,4
779,H,I,-7.737,2.411,6,2
779,H,K,-9.325,0.01838,5,2
779,H,L,-6.488,1.96,1,2
779,H,M,-3.732,0.4052,11,2
779,H,N,-8.598,2.415,6.5,4
779,H,P,-9.572,0.07142,6,2
779,H,Q,-5.868,1.927,12,4
779,H,R,-5.298,2.325,5.5,4
779,H,S,-6.829,3.119,6,2
779,H,T,-7.559,2.145,3,2
779,H,V,-7.835,0.2128,7.5,2
779,H,W,-9.893,0.1789,8,2
779,H,Y,-4.985,1.492,22.75,4
780,V,-,-0.9231,2.28,3,2
780,V,A,-2.531,0.4535,8,4
780,V,C,-3.636,0.8613,9,2
780,V,D,-9.821,0.03677,5,2
780,V,E,-8.361,2.051,4,4
780,V,F,-9.709,0.07778,11,2
780,V,G,-9.607,0.2779,9,2
780,V,H,-9.79,0.2164,10,2
780,V,I,-0.5851,0.003394,5,2
780,V,K,-9.804,0.1556,7,2
780,V,L,-6.937,1.083,7.5,4
780,V,M,-4.919,1.286,18,4
780,V,N,-4.877,0.3705,5,2
780,V,P,-9.454,0.002121,7,2
780,V,Q,-8.352,1.184,3,2
780,V,R,-9.58,0.5515,12,2
780,V,S,-4.58,0.4837,9,2
780,V,T,-2.314,0.06293,7,2
780,V,V,0,0,,4
780,V,W,-9.915,0.01202,6,2
780,V,Y,-9.67,0.1457,5,2
781,P,-,-1.182,0.05233,3,2
781,P,A,-0.7944,0.1001,4,2
781,P,C,-9.468,0.3295,3,2
781,P,D,-8.357,0.7863,3,2
781,P,E,-8.587,0.227,7,2
781,P,F,-8.645,0.9921,9,2
781,P,G,-4.297,0.5141,6,2
781,P,H,-5.872,1.26,6,2
781,P,I,-7.41,0.7453,1,2
781,P,K,-9.694,0.05303,8,2
781,P,L,-7.041,0.9802,4,4
781,P,M,-7.443,1.971,6,2
781,P,N,-9.364,0.4723,6,2
781,P,P,0,0,,4
781,P,Q,-6.479,2.255,5,4
781,P,R,-4.341,5.11,4.5,4
781,P,S,-3.698,0.5781,16,4
781,P,T,-8.742,0.7204,14,4
781,P,V,-9.038,0.6442,3,2
781,P,W,-9.632,0.05798,9,2
781,P,Y,-9.529,0.1351,8,2
782,Y,*,-7.843,1.075,4,4
782,Y,-,-2.187,1.703,2,4
782,Y,A,-2.884,0.2871,8,2
782,Y,C,-2.873,2.704,5.5,4
782,Y,D,-8.991,0.7891,5,2
782,Y,E,-9.698,0.01768,6,2
782,Y,F,-0.702,0.1049,11,2
782,Y,G,-7.385,0.1994,6,2
782,Y,H,-0.7284,1.646,3.5,4
782,Y,I,-0.4297,0.2139,22,2
782,Y,K,-6.81,1.517,6,2
782,Y,L,0.3184,0.2767,8,2
782,Y,M,0.4101,0.1843,7,2
782,Y,N,-1.898,0.391,6,2
782,Y,P,-9.401,0.004243,10,2
782,Y,Q,-8.84,0.1393,6,2
782,Y,R,-3.697,0.6251,8,2
782,Y,S,-2.634,0.2008,9,2
782,Y,T,-0.7741,0.1891,9,2
782,Y,V,-0.3139,0.4345,7,2
782,Y,W,-2.054,0.04313,9,2
782,Y,Y,0,0,,4
783,S,-,-2.915,1.233,2,4
783,S,A,-1.892,1.551,5,4
783,S,C,-8.226,1.886,3.5,4
783,S,D,-1.101,2.375,4,2
783,S,E,-1.78,0.2036,5,2
783,S,F,-2.695,4.644,5.5,4
783,S,G,-2.075,0.03606,3,2
783,S,H,-4.192,0.01202,11,2
783,S,I,-6.819,1.269,6,2
783,S,K,-7.827,2.391,2,2
783,S,L,-3.337,3.159,2,2
783,S,M,-2.331,0.4943,8,2
783,S,N,-1.063,0.1958,6,2
783,S,P,-8.83,1.055,6.5,4
783,S,Q,-3.136,0.06859,6,2
783,S,R,-6.841,1.875,1,2
783,S,S,0,0,,4
783,S,T,-3.45,1.85,2.5,4
783,S,V,-8.389,2.098,7,2
783,S,W,-5.598,1.091,6,2
783,S,Y,-4.694,4.343,4,4
784,Q,*,-8.695,1.255,2.5,4
784,Q,-,-1.647,2.147,2.5,4
784,Q,A,-2.938,0.1619,3,2
784,Q,C,-3.252,0.2524,2,2
784,Q,D,-9.567,0.1556,10,2
784,Q,E,-3.802,0.4214,11,2
784,Q,F,-9.246,0.04667,6,2
784,Q,G,-9.744,0.01131,3,2
784,Q,H,-8.277,1.049,12,4
784,Q,I,-3.087,0.7184,6,2
784,Q,K,-9.496,0.157,11,2
784,Q,L,-9.484,0.3978,10,4
784,Q,M,-8.52,0.6081,8,2
784,Q,N,-3.343,0.9836,5,2
784,Q,P,-6.005,4.45,7,4
784,Q,Q,0,0,,4
784,Q,R,-9.316,0.6672,32.25,4
784,Q,S,-5.902,2.804,6,2
784,Q,T,-6.42,0.3818,6,2
784,Q,V,-4.792,1.433,8,2
784,Q,W,-9.104,0.4243,5,2
784,Q,Y,-9.282,0.1598,3,2
785,A,-,-1.444,1.975,2.5,4
785,A,A,0,0,,4
785,A,C,-8.006,2.161,6,2
785,A,D,-5.348,0.7408,4,4
785,A,E,-5.319,0.1527,5,2
785,A,F,-4.495,1.551,3,2
785,A,G,-3.914,4.514,2,4
785,A,H,-3.607,0.1322,6,2
785,A,I,-1.051,0.01414,6,2
785,A,K,-7.726,2.019,5,2
785,A,L,-5.128,0.2121,3,2
785,A,M,-1.993,0.007778,7,2
785,A,N,-5.816,0.1478,4,2
785,A,P,-8.631,0.2553,10,2
785,A,Q,-4.388,7.402,3,2
785,A,R,-4.572,1.623,4,2
785,A,S,-2.893,0.5636,7,4
785,A,T,-2.176,0.6154,10,4
785,A,V,-2.798,2.5,7.5,4
785,A,W,-5.609,1.088,3,2
785,A,Y,-2.351,0.04596,7.5,2
786,P,-,-2.018,0.6207,2,4
786,P,A,-7.659,0.8393,8,2
786,P,C,-8.867,0.8591,7,2
786,P,D,-6.072,2.002,5.5,2
786,P,E,-4.02,1.327,2,2
786,P,F,-4.264,0.2595,6.5,2
786,P,G,-7.03,3.252,3,2
786,P,H,-5.331,2.694,7,4
786,P,I,-7.438,2.114,7.5,2
786,P,K,-4.616,1.619,4,2
786,P,L,-5.078,0.9622,6.75,4
786,P,M,-4.574,0.8598,4,2
786,P,N,-7.604,0.8506,3,2
786,P,P,0,0,,4
786,P,Q,-4.81,0.1322,5,2
786,P,R,-7.077,0.8231,5.5,2
786,P,S,-6.192,3.101,4,2
786,P,T,-7.129,1.422,5.25,4
786,P,V,-9.061,0.6286,2,2
786,P,W,-4.082,0.05233,9,2
786,P,Y,-3.772,0.05586,1,2
787,S,-,-2.4,1.685,2.5,4
787,S,A,-2.636,0.244,6,2
787,S,C,-4.7,1.047,5,2
787,S,D,-9.727,0.01061,6,2
787,S,E,-9.522,0.04808,5,2
787,S,F,-9.507,0.1796,5,2
787,S,G,-7.123,1.21,5,4
787,S,H,-8.97,1.2,5.5,2
787,S,I,-5.037,4.238,9,4
787,S,K,-8.537,1.016,3,2
787,S,L,-4.617,7.515,3,2
787,S,M,-8.962,1.088,8,2
787,S,N,-8.135,0.6993,12.5,4
787,S,P,-1.548,0.4342,4,2
787,S,Q,-7.622,2.339,7,2
787,S,R,-9.207,0.3966,13.5,4
787,S,S,0,0,,4
787,S,T,-3.995,0.2694,5.5,2
787,S,V,-8.896,0.6527,4,2
787,S,W,-9.447,0.4992,5,2
787,S,Y,-9.136,0.5664,6.5,2
788,G,-,-2.387,2.623,2,4
788,G,A,-1.856,0.2418,6,2
788,G,C,-4.393,3.744,6.75,4
788,G,D,-9.83,0.09623,37.5,4
788,G,E,-9.613,0.2517,7.5,2
788,G,F,-8.994,0.8719,4,2
788,G,G,0,0,,4
788,G,H,-9.428,0.2864,5,2
788,G,I,-7.214,1.704,5,2
788,G,K,-9.66,0.04596,8,2
788,G,L,-9.611,0.1506,6,2
788,G,M,-9.317,0.6795,6,2
788,G,N,-9.515,0.2807,9,2
788,G,P,-9.46,0.1704,14,2
788,G,Q,-9.472,0.1117,11,2
788,G,R,-5.979,4.385,6.5,4
788,G,S,-9.717,0.1887,10,4
788,G,T,-9.86,0.1916,5,2
788,G,V,-8.543,1.455,10,2
788,G,W,-4.768,1.399,1,2
788,G,Y,-9.018,0.8832,5,2
789,F,-,-2.039,1.257,2,4
789,F,A,-8.44,0.05374,3,2
789,F,C,-9.156,0.5134,2,2
789,F,D,-9.082,0.03465,4,2
789,F,E,-8.154,0.8287,1,2
789,F,F,0,0,,4
789,F,G,-7.305,2.527,2,2
789,F,H,-8.25,1.653,3,2
789,F,I,-9.337,1.246,7,4
789,F,K,-7.921,1.917,1,2
789,F,L,-9.453,0.229,13,4
789,F,M,-9.465,0.4257,4,2
789,F,N,-8.803,0.9348,4,2
789,F,P,-9.768,0.09687,4,2
789,F,Q,-8.59,0.5763,1,2
789,F,R,-0.3824,0.8905,1,2
789,F,S,-8.886,0.3103,4.75,4
789,F,T,-8.924,0.7729,4,2
789,F,V,-6.034,4.006,4,4
789,F,W,-0.5534,0.08393,1,2
789,F,Y,-2.023,2.268,2,4
790,K,*,-5.315,0.5303,1,2
790,K,-,0.4067,0.01216,1,2
790,K,A,-1.323,0.8139,3,2
790,K,C,-2.72,0.8888,5,2
790,K,D,-7.749,2.714,4,2
790,K,E,-8.128,0.7822,5,4
790,K,F,-7.163,3.115,4,2
790,K,G,-4.92,3.649,4,2
790,K,H,-5.146,0.6696,5,2
790,K,I,-3.318,0.7722,2,2
790,K,K,0,0,,4
790,K,L,-5.671,0.6279,2,2
790,K,M,-3.511,1.796,4,4
790,K,N,-6.96,1.701,5,4
790,K,P,-8.582,1.148,3,2
790,K,Q,-2.117,0.5162,5,2
790,K,R,0.4768,0.2623,4,4
790,K,T,-3.407,2.394,3,4
790,K,V,-0.5825,1.196,2,2
790,K,W,-1.462,0.3719,1,2
790,K,Y,-0.6111,0.9276,1,2
791,Y,*,-4.701,5.489,4,4
791,Y,A,-3.391,0.01626,4,2
791,Y,C,-6.738,0.7326,2,2
791,Y,D,-3.139,0.2432,4,2
791,Y,E,-4.327,1.438,1,2
791,Y,F,-2.152,0.338,6,2
791,Y,G,-5.106,1.77,2,2
791,Y,H,-5.303,3.006,3.5,4
791,Y,I,-7.111,1.655,1,2
791,Y,L,-7.006,0.8068,2,2
791,Y,M,-4.011,0.5777,6,2
791,Y,N,-1.747,3.439,4.5,4
791,Y,Q,-6.561,2.877,4,2
791,Y,R,-9.225,0.1032,5,2
791,Y,S,-7.091,1.218,6,2
791,Y,T,-5.816,0.02192,4,2
791,Y,V,-6.271,2.44,4,2
791,Y,W,-2.55,0.2602,5,2
791,Y,Y,0,0,,4
792,W,*,-9.185,0.393,44.5,4
792,W,A,-7.714,1.069,2,2
792,W,C,-7.362,2.352,3.5,4
792,W,D,-8.421,0.5084,4,2
792,W,E,-4.725,5.815,1,2
792,W,G,-2.364,1.731,2,2
792,W,H,-9.759,0.2821,6,2
792,W,I,-5.377,5.704,2,2
792,W,K,-9.186,0.1952,6,2
792,W,L,-9.421,0.2099,6.5,4
792,W,M,-5.656,4.569,1,2
792,W,N,-8.358,0.3458,2,2
792,W,P,-9.593,0.03536,8,2
792,W,Q,-3.498,4.233,1,4
792,W,R,-8.831,0.5514,3.25,4
792,W,S,-8.214,2.087,3,2
792,W,T,-4.915,6.887,2,2
792,W,V,-6.741,3.321,2,2
792,W,W,0,0,,4
792,W,Y,-9.317,0.04879,5,2
793,L,A,-1.415,0.314,3,2
793,L,C,-1.346,0.2107,3,2
793,L,D,-9.087,0.4929,3,2
793,L,E,-1.937,1.55,2,2
793,L,F,-8.448,0.7036,2,2
793,L,G,-5.23,2.167,1,2
793,L,H,-2.558,0.1789,5,2
793,L,K,-2.377,1.526,2,2
793,L,L,0,0,,4
793,L,M,-0.04685,0.5088,7,4
793,L,N,-2.841,0.1541,4,2
793,L,P,-9.511,0.4262,6.5,4
793,L,Q,-0.3111,0.1688,3,4
793,L,R,-1.115,0.4946,1,2
793,L,S,-2.004,0.09899,3,2
793,L,T,-0.5775,0.04745,4,2
793,L,V,-1.369,0.3472,3,2
793,L,W,-0.0162,0.7474,1,2
793,L,Y,-0.6614,0.0903,6,2
794,K,-,-6.927,1.957,1,2
794,K,A,0.7451,0.03705,1,2
794,K,C,0.1983,0.1185,5,2
794,K,D,0.6698,0.009192,1,2
794,K,E,0.9254,0.1045,2,4
794,K,F,0.7923,0.01287,1,2
794,K,G,0.7944,0.05791,5,2
794,K,H,0.4165,0.07637,2,2
794,K,I,0.8254,0.4716,2.5,4
794,K,K,0,0,,4
794,K,L,0.7692,0.02298,3,2
794,K,M,-0.2444,0.1709,4,2
794,K,N,0.5376,0.4395,4.5,4
794,K,P,-6.145,2.407,4,2
794,K,Q,0.8599,0.03627,2,2
794,K,R,-3.308,3.971,3,4
794,K,S,0.6532,0.1057,1.5,2
794,K,T,0.8432,0.01075,3,2
794,K,V,0.6176,0.0932,3,2
794,K,W,-0.2654,0.8587,1,2
794,K,Y,0.6565,0.1006,2,2
795,E,*,-8.456,0.9684,4.5,4
795,E,-,-1.477,0.9166,1,2
795,E,A,-3.575,0.4773,3,2
795,E,C,-6.836,2.171,6,2
795,E,D,-0.3859,0.3549,6,4
795,E,E,0,0,,4
795,E,F,-5.293,4.803,1,2
795,E,G,-0.9332,2.181,2,4
795,E,H,-9.11,0.1556,5,2
795,E,I,0.2416,0.6836,1,2
795,E,K,-7.799,3.241,5.5,4
795,E,L,-7.166,0.7835,6,2
795,E,M,-5.854,3.968,3,2
795,E,N,-3.478,1.337,1,2
795,E,P,-8.293,1.206,1,2
795,E,Q,-6.744,1.597,3,4
795,E,R,-8.96,0.2326,1,2
795,E,S,-8.072,0.2383,5,2
795,E,T,-7.764,1.724,1,2
795,E,V,-5.877,0.1358,5,2
795,E,W,-3.952,0.7297,1,2
795,E,Y,-5.737,1.022,5,2
796,R,*,-5.745,1.053,1,2
796,R,-,-2.138,1.389,1,2
796,R,A,-2.548,0.4575,4,2
796,R,C,-0.1802,0.4267,1,2
796,R,D,-8.015,1.153,4,2
796,R,E,-9.483,0.309,5,2
796,R,F,-8.91,0.1167,1,2
796,R,G,-7.235,2.297,3.75,4
796,R,H,-1.906,0.08768,2,2
796,R,I,-6.486,2.418,4,4
796,R,K,-0.652,1.713,4.5,4
796,R,L,-8.612,0.06223,1,2
796,R,M,-4.761,0.5197,3,2
796,R,N,-4.829,0.1549,5,2
796,R,P,-5.289,0.9998,6,2
796,R,Q,-3.05,0.1718,5,2
796,R,R,0,0,,4
796,R,S,-2.689,0.6786,1.5,4
796,R,T,-8.52,0.4101,2,2
796,R,V,-7.723,1.532,3,2
796,R,W,-9.718,0.04172,7,2
796,R,Y,-9.744,0.1252,6,2
797,G,A,0.0477,0.5569,4,2
797,G,C,-1.827,2.084,5.5,4
797,G,D,-1.204,0.5148,11,4
797,G,E,-1.659,0.07071,2,2
797,G,F,-3.753,0.4137,4,2
797,G,G,0,0,,4
797,G,H,0.4114,0.06569,2,2
797,G,I,-2.555,0.07071,5,2
797,G,K,-1.72,0.7517,2,2
797,G,L,-3.107,0.524,3,2
797,G,M,-1.199,0.1259,3,2
797,G,N,-1.919,0.4731,3,2
797,G,P,0.7153,0.009051,3,2
797,G,Q,-0.9168,0.2266,4,2
797,G,S,-0.6025,0.8552,4.5,4
797,G,V,0.2871,3.078,2.5,4
797,G,W,-4.181,1.93,2,2
797,G,Y,-2.994,0.6576,6,2
798,A,A,0,0,,4
798,A,C,-6.017,1.737,3,2
798,A,D,-7.726,1.703,4,4
798,A,E,-4.63,3.047,4,2
798,A,F,-9.672,0.1237,3,2
798,A,G,-0.7139,0.7242,5,2
798,A,H,-6.907,3.523,4,2
798,A,I,-5.184,0.3161,7,2
798,A,K,-9.464,0.002121,3,2
798,A,L,-3.765,1.764,1,2
798,A,M,0.1482,0.132,1,2
798,A,N,-5.376,3.253,3,2
798,A,P,-3.886,1.124,2,2
798,A,R,-1.981,0.008485,1,2
798,A,S,0.2271,0.318,7,2
798,A,T,-0.5576,0.1609,13,4
798,A,V,-1.931,0.754,9.5,4
798,A,W,-7.45,2.909,4,2
798,A,Y,-9.7,0.03465,5,2
799,S,A,-0.1771,0.2969,7,2
799,S,C,-3.692,0.1223,4,2
799,S,D,0.548,0.3468,1,2
799,S,E,-4.725,6.02,1,2
799,S,F,-4.356,3.762,5,4
799,S,H,-3.311,1.455,4,2
799,S,I,-7.779,2.262,2,2
799,S,K,-6.002,1.848,3,2
799,S,M,-1.609,0.1202,2,2
799,S,N,-1.93,0.5155,2,2
799,S,P,-0.17,1.504,4.25,4
799,S,Q,-7.337,1.998,1,2
799,S,R,-8.71,0.2807,2,2
799,S,S,0,0,,4
799,S,T,-0.8854,0.2017,1,2
799,S,V,-9.482,0.1973,2,2
799,S,Y,-3.785,3.777,5.5,4
800,L,-,-1.845,0.1556,1,2
800,L,A,-5.645,5.05,2,2
800,L,C,-9.616,0.2341,3,2
800,L,D,-0.7143,0.8312,1,2
800,L,E,-9.669,0.1188,3,2
800,L,F,-3.008,0.9539,1,2
800,L,G,-9.554,0.2079,4,2
800,L,H,-9.554,0.3635,7,2
800,L,I,-0.9978,0.2944,4,2
800,L,K,-9.43,0.42,3,2
800,L,L,0,0,,4
800,L,M,0.327,0.2353,3,4
800,L,N,-9.941,0.06859,7,2
800,L,P,-8.594,0.5114,8.5,4
800,L,Q,-3.646,0.7022,1.5,4
800,L,R,-5.17,6.676,4.5,2
800,L,S,-9.515,0.08697,2,2
800,L,T,0.3199,0.3013,1,2
800,L,V,-0.8227,0.2274,2,2
800,L,W,-5.065,4.608,1,2
800,L,Y,-8.157,1.686,3,2
801,Q,*,-9.041,0.752,11,4
801,Q,-,-6.774,0.2227,1,2
801,Q,A,0.0665,0.4213,3,2
801,Q,C,-2.062,1.753,3,2
801,Q,D,0.1983,0.1862,3,2
801,Q,E,-0.9289,0.3964,1,4
801,Q,F,-1.481,0.1718,5,2
801,Q,G,0.7332,0.01138,3,2
801,Q,H,0.5792,0.05308,3,4
801,Q,I,-0.856,0.3719,2,2
801,Q,K,-0.8556,0.8146,5,4
801,Q,L,-1.256,0.1032,3,2
801,Q,M,0.5076,0.1196,2,2
801,Q,N,0.5571,0.2081,2,2
801,Q,P,-4.881,2.08,3,4
801,Q,Q,0,0,,4
801,Q,R,-0.3392,0.8257,1.5,4
801,Q,S,0.442,0.1906,2,2
801,Q,T,0.306,0.3046,4.5,2
801,Q,V,-0.8209,0.2773,2,2
801,Q,W,-6.217,1.925,1,2
801,Q,Y,-3.172,0.001414,3,2
802,H,-,-2.396,0.1718,1,2
802,H,A,-0.505,0.6219,4,2
802,H,C,-2.503,0.07283,6.5,2
802,H,D,-1.332,2.799,1,2
802,H,E,-3.713,0.6611,3,2
802,H,F,0.6597,0.07976,2,2
802,H,G,-1.53,0.2524,2,2
802,H,H,0,0,,4
802,H,I,-1.354,2.551,1,2
802,H,K,-2.998,0.8393,3,2
802,H,L,-2.492,1.619,2,2
802,H,M,-1.154,0.08344,3,2
802,H,N,-0.5476,0.7102,4.5,4
802,H,P,-9.207,0.7545,4,2
802,H,Q,-0.06165,1.18,5.5,4
802,H,R,-0.9225,0.1704,2,2
802,H,S,-1.229,0.07637,3,2
802,H,T,-2.087,0.4865,2,2
802,H,V,-4,1.008,1,2
802,H,W,0.1302,0.028,3,2
802,H,Y,0.8034,0.2761,3.5,4
803,T,-,-0.1584,0.983,1,2
803,T,A,-7.76,0.2602,1,2
803,T,C,-2.131,0.5947,5,2
803,T,D,-3.373,0.2793,2,2
803,T,E,-7.986,1.497,4,2
803,T,F,-8.241,0.6166,2,2
803,T,G,-7.658,2.877,3,2
803,T,H,-3.308,0.4886,2,2
803,T,I,-2.515,2.138,12,4
803,T,K,-0.00385,0.08617,3,2
803,T,L,-3.702,2.795,4,2
803,T,M,-5.596,4.587,1,2
803,T,N,-1.627,1.271,9.25,4
803,T,P,-9.297,0.5575,2,4
803,T,Q,-2.188,0.722,3,2
803,T,R,-1.736,0.5706,2,2
803,T,S,-5.056,2.283,1.5,4
803,T,T,0,0,,4
803,T,V,-0.8547,0.221,2,2
803,T,W,-7.514,1.669,3,2
803,T,Y,-6.463,0.6088,2,2
804,A,-,-2.856,0.8111,1,2
804,A,A,0,0,,4
804,A,C,0.7937,0.03465,2,2
804,A,D,-9.374,0.4191,7.75,4
804,A,E,-9.525,0.2008,10,2
804,A,F,-9.416,0.1138,10,2
804,A,G,-0.09195,0.4848,5.5,4
804,A,H,-9.068,0.1216,12,2
804,A,I,-9.415,0.1365,6,2
804,A,K,-9.498,0.05162,6,2
804,A,L,-0.9055,0.1177,7,2
804,A,M,-4.538,1.624,4,2
804,A,N,-9.752,0.1527,5,2
804,A,P,-8.123,2.114,7,2
804,A,Q,-8.552,0.2574,8,2
804,A,R,-9.631,0.1902,7,2
804,A,S,0.3425,0.6361,5.25,4
804,A,T,-0.6204,0.5037,20.75,4
804,A,V,-7.292,0.9589,45.25,4
804,A,W,-9.428,0.1563,6,2
804,A,Y,-9.723,0.2892,9,2
805,P,-,-0.1051,0.2314,1,2
805,P,A,0.05345,0.3367,7,2
805,P,C,-9.687,0.1796,6,2
805,P,D,-6.56,0.5975,4,2
805,P,E,-5.229,1.367,8,2
805,P,F,-9.221,0.1237,6,2
805,P,G,-2.902,0.6838,5,2
805,P,H,-9.25,0.3047,7,4
805,P,I,-8.989,0.3656,4,2
805,P,K,-9.136,0.2977,2,2
805,P,L,-5.41,4.73,5.5,4
805,P,M,-6.143,0.2496,10,2
805,P,N,-6.94,0.321,8,2
805,P,P,0,0,,4
805,P,Q,-2.192,0.2843,10,2
805,P,R,-9.691,0.4518,5,2
805,P,S,-0.166,1.866,4.5,4
805,P,T,-8.708,0.6238,7.5,4
805,P,V,-9.784,0.2369,4,2
805,P,W,-9.323,0.04172,7,2
805,P,Y,-9.087,0.9829,6,2
806,F,-,-0.2182,0.05982,2,2
806,F,A,-5.446,3.951,1.5,2
806,F,C,-3.97,5.346,2,4
806,F,D,-5.582,0.7905,3,2
806,F,E,-9.558,0.6159,5,2
806,F,F,0,0,,4
806,F,G,-9.448,0.1619,3,2
806,F,H,-9.377,0.04031,10,2
806,F,I,-8.878,0.613,3,4
806,F,K,-8.838,1.167,6,2
806,F,L,-3.586,1.698,12,4
806,F,M,-1.952,0.02333,13,2
806,F,N,-4.966,0.7594,4,2
806,F,P,-8.691,0.05586,4.5,2
806,F,R,-8.414,1.993,2,2
806,F,S,-7.569,1.949,2,4
806,F,T,-9.559,0.1747,7,2
806,F,V,-4.905,4.725,5.5,4
806,F,W,0.3609,0.00898,8,2
806,F,Y,-8.348,1.872,6.5,4
807,G,-,-1.993,1.171,2,2
807,G,A,0.1617,0.1391,9,2
807,G,C,-3.282,0.8653,6,4
807,G,D,-8.91,0.4618,15.5,4
807,G,E,-9.166,0.3854,3,2
807,G,F,-9.467,0.2673,4,2
807,G,G,0,0,,4
807,G,H,-7.169,2.317,3,2
807,G,I,-9.457,0.04172,4,2
807,G,K,-9.728,0.06223,3,2
807,G,L,-7.785,2.082,1,2
807,G,M,-3.145,0.2772,8,2
807,G,N,-4.939,0.6788,5,2
807,G,P,-9.24,0.1131,5,2
807,G,Q,-2.068,0.1725,8,2
807,G,R,-3.656,0.391,6,2
807,G,S,-1.383,0.5617,9.75,4
807,G,T,-7.629,0.2588,5,2
807,G,V,-9.099,2.544,5,4
807,G,W,-9.332,0.268,5,2
807,G,Y,-8.131,0.2418,8,2
808,C,*,-8.808,0.7306,8.5,4
808,C,-,-0.3219,0.8069,2,2
808,C,A,-9.483,0.04808,4,2
808,C,C,0,0,,4
808,C,D,-9.16,0.4398,7,2
808,C,E,-7.704,2.531,4,2
808,C,F,-8.66,0.7877,5.75,4
808,C,G,-9.805,0.01273,4,2
808,C,H,-7.592,0.01909,3,2
808,C,I,-9.357,0.0898,7,2
808,C,K,-9.235,0.2164,7,2
808,C,L,-9.799,0.1301,12,2
808,C,M,-9.073,0.531,5.5,2
808,C,N,-8.362,0.2249,5,2
808,C,P,-9.244,0.7205,2,2
808,C,Q,-9.674,0.5607,11,2
808,C,R,-7.833,1.567,10,4
808,C,S,-7.434,3.181,6,4
808,C,T,-9.335,0.1379,5,2
808,C,V,-9.453,0.1485,7,2
808,C,W,-4.612,3.968,4,4
808,C,Y,-9.521,0.362,74,4
809,Q,*,-7.401,1.553,5.5,4
809,Q,-,-1.286,0.6712,2,2
809,Q,A,0.7163,0.007142,4,2
809,Q,C,-0.6224,0.2362,4,2
809,Q,D,-0.3804,0.08202,8,2
809,Q,E,0.6726,0.03274,1,2
809,Q,F,-0.2462,0.2976,4,2
809,Q,G,-0.0987,0.4022,6,2
809,Q,H,-0.2304,0.3441,4.5,4
809,Q,I,-1.544,0.1471,7,2
809,Q,K,0.04776,0.3522,4.5,4
809,Q,L,-0.9867,1.322,5,4
809,Q,M,-0.3372,0.03726,7,2
809,Q,N,0.674,0.07559,4,2
809,Q,P,-8.529,0.4588,6,4
809,Q,Q,0,0,,4
809,Q,R,-0.9872,0.4445,6,4
809,Q,S,0.5041,0.03415,3,2
809,Q,T,-0.5161,0.1461,6,2
809,Q,V,-0.2759,1.334,3,2
809,Q,W,-0.00955,0.2422,6,2
809,Q,Y,0.1419,0.03267,8,2
810,I,-,-3.834,0.1315,3,2
810,I,A,-9.064,0.2227,6,2
810,I,C,-7.301,1.516,4,2
810,I,D,-9.136,0.1527,7,2
810,I,E,-9.68,0.215,5,2
810,I,F,-1.837,1.108,3,2
810,I,G,-9.341,0.4193,2,2
810,I,H,-7.772,0.9772,6,2
810,I,I,0,0,,4
810,I,K,-9.866,0.04384,5.5,2
810,I,L,-0.4031,0.6996,7,2
810,I,M,-0.1705,0.658,3,4
810,I,N,-4.784,5.769,4,4
810,I,P,-9.759,0.1633,7,2
810,I,Q,-9.55,0.2821,5,2
810,I,R,-9.717,0.02121,5,2
810,I,S,-9.324,0.2843,6,2
810,I,T,-3.788,1.14,3,4
810,I,V,-1.742,2.617,3,4
810,I,W,-7.892,1.831,7,2
810,I,Y,-9.402,0.03041,8,2
811,A,-,-0.952,0.4696,2,2
811,A,A,0,0,,4
811,A,C,-0.2923,1.366,3,2
811,A,D,-0.484,0.423,7,4
811,A,E,-0.5295,1.906,3,2
811,A,F,0.5501,0.5179,1,2
811,A,G,-0.2622,0.1134,5,2
811,A,H,-0.8307,0.1723,6,2
811,A,I,0.0695,0.2273,5,2
811,A,K,-0.493,0.1053,4,2
811,A,L,0.5016,0.02786,2,2
811,A,M,-0.5252,0.1095,5,2
811,A,N,-1.055,0.08818,6,2
811,A,P,-5.116,0.4441,4,2
811,A,Q,-1.962,0.6067,2,2
811,A,R,0.2188,0.5064,2,2
811,A,S,-2.496,2.769,5,4
811,A,T,-0.7245,0.1227,55,4
811,A,V,-0.00905,0.6622,6,4
811,A,W,-0.2655,1.059,8,2
811,A,Y,-0.7851,0.6236,3,2
812,T,-,-0.838,1.98,1,2
812,T,A,-0.2269,0.178,5.5,4
812,T,C,-1.76,0.02616,4,2
812,T,D,-2.122,0.3175,9,2
812,T,E,-3.962,2.034,2,2
812,T,F,-1.151,1.397,4,2
812,T,G,-0.8543,0.1551,2.5,2
812,T,H,-0.2188,0.003889,2,2
812,T,I,-0.4107,0.3076,6,4
812,T,K,-3.754,2.708,8.5,4
812,T,L,-2.694,0.6908,9,2
812,T,M,-1.864,0.02192,2,2
812,T,N,-1.506,0.2015,4,2
812,T,P,-2.092,0.4455,4,2
812,T,Q,-0.4381,0.1759,3,2
812,T,R,-7.643,2.253,4,2
812,T,S,-0.01985,0.5184,7,2
812,T,T,0,0,,4
812,T,V,0.3695,0.08747,7,2
812,T,W,-2.048,0.9376,2,2
812,T,Y,-1.342,0.3734,4,2
813,N,A,0.7948,0.03189,4,2
813,N,C,-2.836,0.1747,4,2
813,N,D,-0.4497,0.4062,5,2
813,N,E,-0.6043,0.03953,7,2
813,N,F,0.06501,0.08413,6,2
813,N,G,-0.05633,0.1779,3,2
813,N,H,-0.4337,0.09433,7,2
813,N,I,-0.41,0.4472,2.5,4
813,N,K,-0.6425,0.9678,3.5,4
813,N,L,0.4152,0.03734,2,2
813,N,M,0.3521,0.6488,7,2
813,N,N,0,0,,4
813,N,P,-2.925,0.09758,5,2
813,N,Q,0.08877,0.06001,2,2
813,N,R,0.1123,0.06868,7,2
813,N,S,0.3662,0.4622,5,4
813,N,T,-1.604,1.362,5,2
813,N,V,0.3731,0.215,6,2
813,N,W,-0.2948,0.06392,6,2
813,N,Y,0.08092,0.07577,8,2
814,P,A,-8.28,1.085,6,2
814,P,C,-9.329,0.4172,7,2
814,P,D,-8.796,0.6187,3,2
814,P,E,-9.879,0.152,4,2
814,P,F,-9.323,0.1881,9,2
814,P,G,-8.656,0.9617,3,2
814,P,H,-8.681,1.222,9.5,4
814,P,I,-9.425,0.7707,6,2
814,P,K,-8.448,0.9709,2,2
814,P,L,-8.114,3.052,8.5,4
814,P,M,-9.196,0.4045,7,2
814,P,N,-6.998,1.518,6,2
814,P,P,0,0,,4
814,P,Q,-9.312,0.263,5,2
814,P,R,-8.931,0.2548,3,4
814,P,S,-8.409,1.8,7,4
814,P,T,-7.608,1.598,5.5,4
814,P,V,-8.068,1.659,3,2
814,P,W,-7.683,2.235,3,2
814,P,Y,-8.773,0.9079,5,2
815,V,A,-2.228,1.849,5.75,4
815,V,C,-6.547,1.902,5,2
815,V,D,-9.498,0.1365,4,2
815,V,E,-6.079,4.477,3,4
815,V,F,-9.404,0.03606,12,2
815,V,G,-8.968,0.8054,7,2
815,V,H,-8.954,0.891,11,2
815,V,I,-0.503,0.04773,5,2
815,V,K,-9.549,0.1414,4,2
815,V,L,-0.8379,1.188,4.5,4
815,V,M,-1.763,1.157,9,4
815,V,N,-8.704,1.329,4,2
815,V,P,-0.177,0.1005,9,2
815,V,Q,-8.899,0.5395,1,2
815,V,R,-9.625,0.2029,11.5,2
815,V,S,-9.713,0.1188,8,2
815,V,T,-0.2104,0.2298,6,2
815,V,V,0,0,,4
815,V,W,-9.595,0.07566,8,2
815,V,Y,-9.409,0.1945,6,2
816,R,A,-0.7092,0.3043,6,2
816,R,C,-5.448,3.345,3,2
816,R,D,-9.509,0.03182,7,2
816,R,E,-7.822,2.727,3,2
816,R,F,-7.277,0.7333,3,2
816,R,G,-3.97,0.1061,4,2
816,R,H,-0.927,0.003536,6,2
816,R,I,-1.615,0.4462,6,2
816,R,K,0.1662,0.2106,3,2
816,R,L,-2.567,1.207,6.25,4
816,R,M,-0.7591,0.0355,9.5,2
816,R,N,-4.959,0.6208,1,2
816,R,P,-6.783,4.083,3.5,4
816,R,Q,-0.2251,0.2158,13,4
816,R,R,0,0,,4
816,R,S,-1.411,0.268,3,2
816,R,T,-1.378,0.1838,6,2
816,R,V,-0.1594,0.1423,3,2
816,R,W,-9.408,0.4245,71.5,4
816,R,Y,-4.936,0.01838,5,2
817,A,A,0,0,,4
817,A,C,-2.212,0.1181,4,2
817,A,D,-8.326,1.194,10.5,4
817,A,E,-9.76,0.1612,9,2
817,A,F,-9.606,0.3083,8,2
817,A,G,-2.829,0.7679,3,2
817,A,H,-8.004,1.865,5,2
817,A,I,-9.839,0.09263,8,2
817,A,K,-7.95,0.495,4,2
817,A,L,-9.682,0.06223,5,2
817,A,M,-8.062,2.06,8,2
817,A,N,-9.73,0.03253,4,2
817,A,P,-7.9,2.318,2,4
817,A,Q,-9.736,0.03889,6,2
817,A,R,-8.817,0.08132,4,2
817,A,S,-0.2133,0.4113,4,4
817,A,T,-4.861,0.821,35,4
817,A,V,-4.571,0.612,11,4
817,A,W,-9.568,0.001414,6,2
817,A,Y,-9.579,0.02192,9,2
818,M,A,-0.7163,0.1451,11,2
818,M,C,-0.08905,0.1249,8,2
818,M,D,-1.469,0.4151,6,2
818,M,E,-5.521,1.034,1,2
818,M,F,0.126,0.0186,8,2
818,M,G,-1.933,0.02051,4,2
818,M,H,-0.3627,0.1179,4,2
818,M,I,0.1616,0.1027,143.5,4
818,M,K,0.6179,0.1962,1.5,4
818,M,L,0.1104,1.656,5.5,4
818,M,M,0,0,,4
818,M,N,-0.7338,0.5561,6,2
818,M,P,-9.051,0.1131,4,2
818,M,Q,-0.8745,0.367,1,2
818,M,R,-1.575,0.3571,5,2
818,M,S,-0.2229,0.3863,7,2
818,M,T,-1.679,2.539,11.5,4
818,M,V,0.2008,0.2963,8,4
818,M,W,-0.4091,0.08174,3,2
818,M,Y,-0.2265,0.2454,4,2
819,N,A,-4.396,3.352,1,2
819,N,C,-9.346,0.4476,4,2
819,N,D,-0.3322,0.5702,7.5,4
819,N,E,-7.643,2.282,4,2
819,N,F,-8.919,0.7552,6,2
819,N,G,-0.5007,0.2553,4,2
819,N,H,-0.9573,0.7138,9,2
819,N,I,-9.71,0.1577,7,2
819,N,K,-3.953,0.828,5,2
819,N,L,-8.818,1.558,8,2
819,N,M,-6.549,3.551,4,2
819,N,N,0,0,,4
819,N,P,-9.54,0.5063,7,2
819,N,Q,-0.8217,0.05155,9,2
819,N,R,-8.39,0.7644,5,2
819,N,S,-2.083,0.6304,3.5,4
819,N,T,-9.741,0.2949,12,2
819,N,V,-8.671,1.272,5,2
819,N,W,-9.819,0.2843,4,2
819,N,Y,-8.79,0.1831,7,2
820,C,*,-8.831,2.227,2,4
820,C,A,-9.739,0.3691,8,2
820,C,C,0,0,,4
820,C,D,-9.595,0.1598,6,2
820,C,E,-8.179,0.05798,4,2
820,C,F,-8.442,1.165,4,4
820,C,G,-9.521,0.01061,10,2
820,C,H,-9.828,0.02758,13,2
820,C,I,-0.2319,0.1312,2,2
820,C,K,-8.9,0.5134,3,2
820,C,L,-9.79,0.1945,6,2
820,C,M,-9.796,0.09334,3,2
820,C,N,-9.651,0.1577,3,2
820,C,P,-9.732,0.1032,7,2
820,C,Q,-8.724,0.2284,2,2
820,C,R,-7.015,4.651,5,4
820,C,S,-8.291,1.786,4.5,4
820,C,T,-9.008,0.2475,2,2
820,C,V,-7.748,1.949,4,2
820,C,W,-8.917,0.1329,6,2
820,C,Y,-8.528,1.97,8.5,4
821,A,-,-0.1579,0.07757,1,2
821,A,A,0,0,,4
821,A,C,-1.177,0.5308,5,2
821,A,D,-0.3001,0.2434,6,4
821,A,E,-2.618,0.1803,6,2
821,A,F,-0.817,0.307,3,2
821,A,G,0.672,0.01916,1,2
821,A,H,-0.2502,0.1867,6,2
821,A,I,-0.1598,0.3173,6,2
821,A,K,-0.5773,0.1804,5,2
821,A,L,-0.55,0.07594,7,2
821,A,M,0.6463,0.09793,3,2
821,A,N,0.3054,0.13,8,2
821,A,P,-9.262,0.5119,3,2
821,A,Q,-0.7529,0.009758,3,2
821,A,R,-0.7233,0.7251,5,2
821,A,S,-0.9249,0.2646,7,2
821,A,T,-0.357,0.6468,18.75,4
821,A,V,0.0912,0.07296,13.75,4
821,A,W,-4.4,1.679,6,2
821,A,Y,-0.07137,0.04148,5,2
822,V,-,-1.279,0.1853,1,2
822,V,A,-1.181,0.3239,5,4
822,V,C,-0.2349,0.1937,4,2
822,V,D,-2.84,0.7757,4,2
822,V,E,-1.748,0.1532,5.5,4
822,V,F,-1.29,0.5045,8,2
822,V,G,-7.376,2.651,7,2
822,V,H,-9.444,0.04313,9,2
822,V,I,-0.2644,0.06124,5,2
822,V,K,-9.527,0.4023,7,2
822,V,L,-1.824,2.249,7,4
822,V,M,-0.9259,0.1346,23,4
822,V,N,-1.952,1.222,3.5,2
822,V,P,-4.923,0.3734,4,2
822,V,Q,-0.7587,0.3347,4,2
822,V,R,-8.943,0.222,3,2
822,V,S,-1.53,0.3005,6,2
822,V,T,0.7574,0.02567,3,2
822,V,V,0,0,,4
822,V,W,-3.284,0.6314,5,2
822,V,Y,-1.522,0.326,4,2
823,G,*,-4.207,4.784,1.5,4
823,G,-,-1.222,0.9974,1,2
823,G,A,-4.724,0.7283,5,2
823,G,C,-9.409,0.3861,5,2
823,G,D,-9.476,0.09405,9,2
823,G,E,-9.715,0.12,30,4
823,G,F,-9.646,0.1351,8,2
823,G,G,0,0,,4
823,G,H,-9.378,0.7764,3,2
823,G,I,-9.152,0.8634,4.5,2
823,G,K,-4.93,5.45,4,4
823,G,L,-9.665,0.05586,8,2
823,G,M,-9.584,0.04596,10,2
823,G,N,-9.666,0.1004,3,2
823,G,P,-9.599,0.0792,4,2
823,G,Q,-8.757,0.3168,7,2
823,G,R,-9.197,0.4086,20.5,4
823,G,S,-2.857,0.01131,11,2
823,G,T,-9.495,0.1846,6,2
823,G,V,-6.881,3.027,5,4
823,G,W,-9.482,0.3026,7,2
823,G,Y,-9.485,0.3903,2,2
824,N,-,-1.3,0.5641,1,2
824,N,A,0.4142,0.003536,4,2
824,N,C,-9.392,0.804,5.5,2
824,N,D,-1.562,0.8036,3.5,4
824,N,E,-1.055,0.01202,3,2
824,N,F,-1.602,0.1669,5,2
824,N,G,0.4456,0.0009899,1.5,2
824,N,H,-0.8524,0.278,7,2
824,N,I,-0.3898,0.6524,5.5,4
824,N,K,-8.43,2.34,6.5,4
824,N,L,-1.986,0.9899,9,2
824,N,M,0.03125,0.3846,8,2
824,N,N,0,0,,4
824,N,P,-5.959,0.9489,4,2
824,N,Q,-1.162,0.3796,4,2
824,N,R,-9.784,0.2341,6,2
824,N,S,0.2937,0.4417,1.5,4
824,N,T,-1.889,3.864,3.5,4
824,N,V,-2.728,0.4575,6,2
824,N,W,-1.8,0.186,3,2
824,N,Y,0.5264,0.09178,4,2
825,M,-,-0.2221,0.4668,2.5,4
825,M,A,-0.1914,0.2889,7,2
825,M,C,-0.6742,0.00594,8,2
825,M,D,-9.846,0.05445,7,2
825,M,E,-9.767,0.1881,7,2
825,M,F,-0.5425,0.1007,10,2
825,M,G,-8.625,0.5897,1,2
825,M,H,-6.628,1.993,4,2
825,M,I,-0.125,0.2457,18,4
825,M,K,-9.541,0.09263,9,2
825,M,L,-0.5153,0.5384,5.5,4
825,M,M,0,0,,4
825,M,N,-6.694,0.5056,2,2
825,M,P,-8.322,1.949,7,2
825,M,Q,-9.592,0.1598,4,2
825,M,R,-4.076,5.878,1,2
825,M,S,-2.428,0.3825,6,2
825,M,T,-1.702,1.305,3.5,4
825,M,V,0.2963,0.3651,2.5,4
825,M,W,-1.647,0.2708,3,2
825,M,Y,-0.5104,1.531,3,2
826,P,-,-1.607,1.512,2.5,4
826,P,A,-1.925,1.059,4.5,4
826,P,C,-9.165,0.3401,3,2
826,P,D,-7.733,1.913,1,2
826,P,E,-8.797,1.201,5,2
826,P,F,-9.55,0.4907,5.5,2
826,P,G,-4.329,0.09122,7,2
826,P,H,-9.082,1.167,7,4
826,P,I,-7.938,2.479,3,2
826,P,K,-9.645,0.244,5,2
826,P,L,-4.973,2.235,5,4
826,P,M,-7.981,0.6958,4,2
826,P,N,-9.116,0.1181,8,2
826,P,P,0,0,,4
826,P,Q,-9.547,0.3726,5,2
826,P,R,-9.49,0.1301,5,2
826,P,S,-9.511,0.335,85.75,4
826,P,T,-8.93,1.429,6,4
826,P,V,-0.1399,0.1624,5,2
826,P,W,-7.452,3.171,5,2
826,P,Y,-9.497,0.1322,6,2
827,I,-,-7.918,1.402,14,4
827,I,A,-2.77,0.9433,4,2
827,I,C,-1.928,0.7693,1,2
827,I,D,-8.671,0.1549,3,2
827,I,E,-5.264,5.875,2,2
827,I,F,-0.947,0.2927,8,2
827,I,G,-9.764,0.0502,4,2
827,I,H,-6.059,0.8195,3,2
827,I,I,0,0,,4
827,I,K,0.4356,0.5048,1,2
827,I,L,-0.4714,0.4018,5,2
827,I,M,-0.5032,0.3702,6,2
827,I,N,-9.412,0.906,13,4
827,I,P,-9.128,0.7368,8,2
827,I,Q,-9.546,0.009192,5,2
827,I,R,-8.815,1.459,6,2
827,I,S,-8.415,1.828,4,2
827,I,T,-3.569,1.811,7,4
827,I,V,-0.1735,0.1063,3,2
827,I,W,-7.388,0.6406,6,2
827,I,Y,-9.383,0.3345,8,2
828,S,-,-0.03585,0.6381,7.5,4
828,S,A,-0.4965,0.2764,6,2
828,S,C,-0.6255,0.6182,2,4
828,S,D,-0.4354,0.3311,4,2
828,S,E,0.6951,0.1006,5,2
828,S,F,-5.34,0.9617,6,2
828,S,G,0.1021,0.4505,2.5,4
828,S,H,-0.6888,0.1164,5,2
828,S,I,0.0385,0.1455,10,2
828,S,K,-8.667,1.245,5,2
828,S,L,0.09142,0.04833,4,2
828,S,M,0.0188,0.3424,10,2
828,S,N,-0.1888,0.2248,10.5,4
828,S,P,-9.517,0.1266,4,2
828,S,Q,-0.08969,0.1776,9,2
828,S,R,-8.226,1.683,3.5,4
828,S,S,0,0,,4
828,S,T,-0.6868,0.2051,8,2
828,S,V,-1.784,0.4165,4,2
828,S,W,-4.435,0.7241,3,2
828,S,Y,-4.358,0.4384,4,2
829,I,-,-2.72,1.745,7.5,4
829,I,A,-2.111,1.403,6,2
829,I,C,0.6296,0.3712,4,2
829,I,D,-9.277,0.06576,8,2
829,I,E,-9.181,0.1648,5,2
829,I,F,-0.4557,0.2957,10,2
829,I,G,-3.281,5.574,1,2
829,I,H,-9.57,0.01414,10,2
829,I,I,0,0,,4
829,I,K,-9.804,0.2913,6,2
829,I,L,-1.91,0.005657,4,2
829,I,M,-0.2199,0.002333,6,2
829,I,N,-5.704,4.133,4.25,4
829,I,P,-9.015,0.2949,3,2
829,I,Q,-9.341,0.5162,4,2
829,I,R,-9.776,0.1061,4,2
829,I,S,-2.03,0.06152,2,2
829,I,T,-1.423,1.81,5.5,4
829,I,V,-0.0801,1.15,3,2
829,I,W,-0.7388,0.5349,5,2
829,I,Y,-2.557,0.09899,5.5,2
830,D,-,-8.854,1.077,9,4
830,D,A,-2.155,0.145,8,2
830,D,C,-7.821,2.515,2,2
830,D,D,0,0,,4
830,D,E,0.1673,0.2966,7.5,4
830,D,F,-7.18,2.862,2,2
830,D,G,0.1648,0.1793,3,4
830,D,H,-3.892,1.843,6,2
830,D,I,-7.559,3.374,9,2
830,D,K,-9.58,0.1386,7,2
830,D,L,-7.442,0.8146,5,2
830,D,M,-3.195,0.4702,3,2
830,D,N,-0.5155,0.8639,20,4
830,D,P,-9.319,0.2213,6,2
830,D,Q,-1.073,0.009192,5,2
830,D,R,-8.997,0.1273,8,2
830,D,S,-0.9993,0.2526,9,2
830,D,T,-3.965,0.7849,6,2
830,D,V,-7.515,0.9185,8,2
830,D,W,-9.261,0.5438,6.5,2
830,D,Y,-4.162,0.7333,7,2
831,I,-,-2.818,3.847,1,2
831,I,A,-6.524,3.97,3,2
831,I,C,-9.245,0.08839,9,2
831,I,D,-9.332,0.5204,7,2
831,I,E,-9.422,0.08627,3,2
831,I,F,-1.232,0.3069,8,2
831,I,G,-3.002,0.2348,1,2
831,I,H,-9.668,0.2383,7,2
831,I,I,0,0,,4
831,I,L,-0.545,0.3441,7,2
831,I,M,-0.914,1.317,3,4
831,I,N,-9.111,0.9417,4,4
831,I,P,-9.546,0.2319,11,2
831,I,Q,-7.599,2.531,3,2
831,I,R,-9.006,0.1747,2,2
831,I,S,-9.86,0.1492,4,2
831,I,T,-8.664,1.137,8.5,4
831,I,V,-1.838,2.118,3.5,4
831,I,W,-9.386,0.145,3,2
831,I,Y,-6.306,0.4405,7,2
832,P,A,-0.2046,0.1905,4,2
832,P,C,-2.503,0.2093,3,2
832,P,D,0.3129,0.04448,2,2
832,P,E,-1.962,1.689,3,2
832,P,F,-0.9227,0.1418,4,2
832,P,G,-1.295,0.2581,1,2
832,P,H,-0.4842,2.701,3,4
832,P,I,-1.984,0.3776,4,2
832,P,K,-0.1942,0.05416,5,2
832,P,L,-2.468,1.394,5,4
832,P,M,-2.211,0.1117,3,2
832,P,N,-1.207,0.0601,4,2
832,P,P,0,0,,4
832,P,Q,0.4834,0.05148,1,2
832,P,R,0.5933,0.03281,5,2
832,P,S,-0.6618,0.7616,5.5,4
832,P,T,-0.9108,0.5916,3.25,4
832,P,V,-1.353,0.09829,4,2
832,P,W,-5.887,2.902,2,2
832,P,Y,-1.569,0.326,5,2
833,D,-,-0.6641,1.689,1,4
833,D,A,-0.504,0.5055,7,2
833,D,C,-5.346,2.307,4,2
833,D,D,0,0,,4
833,D,E,-0.05395,0.3844,6.5,4
833,D,F,-1.954,0.1761,5,2
833,D,G,-0.1354,0.5468,2.5,4
833,D,H,0.7152,0.02383,3,2
833,D,I,-3.069,1.137,3,2
833,D,K,-0.1933,0.3021,6,2
833,D,L,0.6046,0.0572,4.5,2
833,D,M,-0.8458,0.04419,7,2
833,D,N,-0.1398,0.2163,7.5,4
833,D,P,-2.223,0.8747,3,2
833,D,Q,-0.5164,0.004313,6,2
833,D,R,-1.782,0.07425,7,2
833,D,S,0.5592,0.2824,4,2
833,D,T,-0.3089,0.5991,1,2
833,D,V,-1.429,0.03182,10,2
833,D,W,-2.028,0.3408,4,2
833,D,Y,-3.362,2.919,6,4
834,A,-,-6.41,3.307,2,4
834,A,A,0,0,,4
834,A,C,-7.153,2.96,4,2
834,A,D,-9.401,1.195,7.5,4
834,A,E,-8.544,0.6583,6,2
834,A,F,-3.7,0.4391,3,2
834,A,G,-0.9858,0.07234,7,2
834,A,H,-9.142,0.3196,4,2
834,A,I,-7.174,2.532,8,2
834,A,K,-9.566,0.1421,7,2
834,A,L,-6.869,0.4561,7,2
834,A,M,-6.665,3.103,4,2
834,A,N,-9.534,0.4009,5,2
834,A,P,-2.883,0.6095,1,2
834,A,Q,-9.504,0.1923,5,2
834,A,R,-9.579,0.2701,11,2
834,A,S,0.3362,0.6437,6,4
834,A,T,-1.613,0.5299,21,4
834,A,V,0.1318,0.7116,7.5,4
834,A,W,-7.93,0.799,4,2
834,A,Y,-9.334,0.05303,8,2
835,A,-,0.2795,1.267,1,4
835,A,A,0,0,,4
835,A,C,0.006675,0.1263,3.5,2
835,A,D,-0.7826,0.7899,7,4
835,A,E,-0.8694,0.3417,5,2
835,A,F,-0.4749,0.03748,5,2
835,A,G,-0.37,0.0828,8,2
835,A,H,0.02805,0.6652,6,2
835,A,I,0.3334,0.5812,7.5,2
835,A,K,0.2254,0.04052,6,2
835,A,L,0.2278,0.8198,5,2
835,A,M,-0.05397,0.08419,5,2
835,A,N,-3.361,1.176,6,2
835,A,P,-4.848,3.921,3,4
835,A,Q,0.2846,0.2246,7,2
835,A,R,-0.362,0.9503,5,2
835,A,S,0.0217,0.4989,7.5,4
835,A,T,-0.3067,0.2429,54,4
835,A,V,-0.0992,0.6872,6,4
835,A,W,-2.164,0.7495,5,2
835,A,Y,0.3453,0.002616,5,2
836,F,-,-0.9251,1.271,1,4
836,F,A,-9.37,0.3635,5,2
836,F,C,-7.772,2.284,11,2
836,F,D,-9.685,0.08061,6,2
836,F,E,-9.546,0.08202,13,2
836,F,F,0,0,,4
836,F,G,-9.707,0.152,5,2
836,F,H,-9.166,0.002121,6,2
836,F,I,-8.75,0.5713,3,2
836,F,K,-9.505,0.4023,6,2
836,F,L,-2.322,2.614,5.75,4
836,F,M,-0.87,0.1101,4,2
836,F,N,-9.546,0.2602,4,2
836,F,P,-9.239,0.1011,7,2
836,F,Q,-9.072,0.1393,3,2
836,F,R,-9.586,0.05657,5,2
836,F,S,-4.741,5.76,6,4
836,F,T,-8.941,0.1082,8.5,2
836,F,V,-9.425,0.9182,6,4
836,F,W,0.06265,0.2372,2,2
836,F,Y,-2.534,0.1075,4,2
837,T,-,-1.592,2.169,2,2
837,T,A,-1.912,1.791,9.25,4
837,T,C,-0.4076,0.1831,3,2
837,T,D,-2.669,0.2489,6,2
837,T,E,-1.17,0.5851,4,2
837,T,F,-1.642,0.239,6,2
837,T,G,-8.491,0.04031,2,2
837,T,H,-1.889,0.8429,4,2
837,T,I,-0.05448,0.282,12.25,4
837,T,K,-1.179,0.8632,5,2
837,T,L,-0.7697,0.06944,12,2
837,T,M,-0.1049,0.4772,2,2
837,T,N,-1.761,1.502,4,4
837,T,P,-8.623,0.2496,8,2
837,T,Q,-0.1357,0.08547,7,2
837,T,R,-0.1088,0.03058,6,2
837,T,S,-1.284,0.5378,4.5,4
837,T,T,0,0,,4
837,T,V,-0.5052,0.3141,6,2
837,T,W,-2.364,0.461,3,2
837,T,Y,-2.786,0.1952,3,2
838,R,*,-8.586,0.5244,2.5,4
838,R,-,-0.776,0.2739,1.5,4
838,R,A,-3.604,0.08768,2,2
838,R,C,-8.823,0.1167,4,2
838,R,D,-7.65,2.636,4,2
838,R,E,-6.947,2.613,6,2
838,R,F,-3.934,0.8747,13,2
838,R,G,-5.727,0.3087,3,4
838,R,H,-0.2687,1.406,6,2
838,R,I,-1.449,1.049,8.5,4
838,R,K,-1.349,0.8355,4.5,4
838,R,L,-2.619,0.07354,11,2
838,R,M,-2.703,0.5911,4,2
838,R,N,-3.257,0.3762,4,2
838,R,P,-3.965,0.05162,8,2
838,R,Q,-4.274,0.3104,6,2
838,R,R,0,0,,4
838,R,S,-4.111,0.3875,12,2
838,R,T,-2.381,0.3627,8,2
838,R,V,-1.163,0.02051,6,2
838,R,W,-1.025,0.04533,7,2
838,R,Y,-3.749,0.1146,5,2
839,V,-,-2.947,4.54,2,4
839,V,A,-1.154,1.562,3,4
839,V,C,-2.948,1.715,4,2
839,V,D,-2.214,0.4228,6,2
839,V,E,-0.5755,0.3367,6,2
839,V,F,0.5711,0.1558,6,2
839,V,G,-1.804,0.6597,7,2
839,V,H,-1.297,0.3083,7,2
839,V,I,-0.3681,0.4915,6,2
839,V,K,0.3198,0.05303,8,2
839,V,L,0.1225,0.6921,2.5,4
839,V,M,-0.1461,0.378,11.5,4
839,V,N,-2.929,0.6611,2,2
839,V,P,-4.925,0.4582,5,2
839,V,Q,-0.6229,0.3074,6,2
839,V,R,-0.7268,0.3211,8,2
839,V,S,-0.02022,0.081,4.5,2
839,V,T,-0.933,0.3281,4,2
839,V,V,0,0,,4
839,V,W,0.4046,0.3937,8,2
839,V,Y,-0.4643,0.06159,12,2
840,V,-,-1.421,0.9731,1.5,4
840,V,A,-1.036,0.2408,3,2
840,V,C,-1.74,0.2192,8,2
840,V,D,0.3503,0.1221,9,2
840,V,E,-1.541,0.6484,7,2
840,V,F,-0.1787,0.5742,3,2
840,V,G,-0.3929,0.08139,6,2
840,V,H,0.0162,0.09287,8,2
840,V,I,-0.1269,0.158,7,2
840,V,K,-0.8798,0.05006,7,2
840,V,L,0.2498,0.3522,5,4
840,V,M,0.2324,0.0507,9,4
840,V,N,-0.5844,0.247,3,2
840,V,P,-3.032,0.9263,3,2
840,V,Q,-0.01684,0.09681,3,2
840,V,R,0.5179,0.4176,3,2
840,V,S,-0.07495,0.5253,8,2
840,V,T,-0.8173,0.2726,5,2
840,V,V,0,0,,4
840,V,Y,0.77,0.1377,7,2
841,D,-,0.4104,2.606,1.5,4
841,D,A,-1.598,0.7743,14,2
841,D,C,-3.234,0.2503,9,2
841,D,D,0,0,,4
841,D,E,-1.704,1.195,7.5,4
841,D,F,-1.898,0.4476,6,2
841,D,G,-3.334,3.633,5.5,4
841,D,H,-3.063,0.3578,6,2
841,D,I,-2.353,1.143,2,2
841,D,K,-2.546,0.8012,3.5,2
841,D,L,0.0979,0.3837,3,2
841,D,M,-1.75,0.384,5.5,2
841,D,N,-0.4447,0.467,19.75,4
841,D,P,-9.689,0.1513,5.5,2
841,D,Q,-2.18,0.4045,5,2
841,D,R,-3.343,0.5424,2,2
841,D,S,-3.953,0.5515,5,2
841,D,T,-5.043,0.7799,6,2
841,D,V,-1.962,2.013,5,4
841,D,W,-1.982,0.04455,7,2
841,D,Y,-0.06604,0.05213,6,2
842,A,-,0.8744,0.02185,2,2
842,A,A,0,0,,4
842,A,C,-5.857,0.1605,2,2
842,A,D,0.094,0.661,5,4
842,A,E,-1.46,0.002121,2,2
842,A,F,-9.541,0.3861,9,2
842,A,G,-2.292,0.3521,2,2
842,A,H,-6.697,1.956,5,2
842,A,I,-5.386,0.8217,4,2
842,A,K,-0.5222,1.917,5,2
842,A,L,-3.195,0.5968,4,2
842,A,M,-1.823,0.05657,5,2
842,A,N,-1.503,0.6597,3,2
842,A,P,-8.801,0.07495,3,2
842,A,Q,-1.21,0.06293,2,2
842,A,R,-2.958,0.1223,4,2
842,A,S,0.2231,1.069,6,4
842,A,T,-2.809,0.2926,18.5,4
842,A,V,-6.497,0.76,12,4
842,A,W,-9.768,0.09263,3,2
842,A,Y,-9.747,0.2135,4,2
843,P,-,-0.1967,0.006364,2,2
843,P,A,-0.708,0.3119,6,2
843,P,C,-4.127,0.6251,9,2
843,P,D,-7.676,1.298,2,2
843,P,E,-9.474,0.03889,5,2
843,P,F,-9.498,0.3896,5,2
843,P,G,-3.954,4.994,1,2
843,P,H,-8.905,0.7621,4.5,4
843,P,I,-8.534,0.2659,6,2
843,P,K,-9.212,0.326,6,2
843,P,L,-9.334,0.5869,7,2
843,P,M,-9.665,0.4278,4,2
843,P,N,-4.668,6.081,3,2
843,P,P,0,0,,4
843,P,Q,-9.482,0.6958,7.5,2
843,P,R,-4.615,5.247,2.5,4
843,P,S,-2.297,0.3998,4.5,4
843,P,T,-0.5864,1.611,7,4
843,P,V,-0.2284,0.1765,2,2
843,P,W,-9.465,0.3302,8,2
843,P,Y,-7.372,2.396,2,2
844,S,-,-0.0744,0.003656,2,2
844,S,A,0.5522,0.3664,4.5,2
844,S,C,-1.951,0.03818,10,2
844,S,D,-0.5837,0.3907,2,2
844,S,E,-0.5863,0.3508,7,2
844,S,F,0.3587,0.2183,3.5,2
844,S,G,-0.05998,0.1479,4.5,4
844,S,H,-0.6784,0.1993,4,2
844,S,I,-0.4932,0.9294,5,4
844,S,L,-0.2009,0.04221,5,2
844,S,M,0.7324,0.1429,6,2
844,S,N,0.35,0.5671,7,4
844,S,P,-3.932,0.1054,8,2
844,S,Q,-0.8436,0.7077,2,2
844,S,R,-0.3857,0.5853,6,4
844,S,S,0,0,,4
844,S,T,0.03553,0.1132,11,2
844,S,V,0.00576,0.1079,7,2
844,S,W,0.3038,0.2449,7,2
844,S,Y,0.1028,0.2625,6,2
845,L,-,-0.1235,0.004808,2,2
845,L,A,-1.208,0.05869,7,2
845,L,C,-0.1585,0.3163,5,2
845,L,D,-8.402,0.4752,6,2
845,L,E,-9.322,0.7389,5,2
845,L,F,0.6638,0.1208,3,2
845,L,G,-9.436,0.1146,4.5,2
845,L,H,-6.715,2.514,2,2
845,L,I,0.186,0.06972,5,2
845,L,K,-9.706,0.06152,3,2
845,L,L,0,0,,4
845,L,M,0.2949,0.2162,8.5,4
845,L,N,-6.066,0.606,5,2
845,L,P,-1.924,1.466,7,4
845,L,Q,-9.191,0.7601,3,2
845,L,R,-4.196,5.272,5,4
845,L,S,-9.213,0.6965,6,2
845,L,T,0.4546,0.005445,3,2
845,L,V,0.3185,0.1158,14,2
845,L,W,-9.578,0.2036,5,2
845,L,Y,-6.387,0.7014,10,2
846,T,-,0.2947,0.005445,2,2
846,T,A,-0.3868,0.377,9.75,4
846,T,C,-1.416,1.571,2,2
846,T,D,-0.649,0.6831,3,2
846,T,E,-0.2825,0.1984,5,2
846,T,F,0.3818,0.1513,2,2
846,T,G,-0.4203,0.6077,2,2
846,T,H,-0.3762,0.2581,6,2
846,T,I,-0.1609,0.3608,10,4
846,T,K,0.7426,0.01655,5,2
846,T,L,-1.475,0.2432,2,2
846,T,M,-0.0014,0.2271,5,2
846,T,N,0.063,0.4438,7,4
846,T,P,-2.228,0.3783,2,2
846,T,Q,-0.2877,0.2824,6,2
846,T,R,-0.3009,0.05254,6,2
846,T,S,-0.7425,0.2647,6,2
846,T,T,0,0,,4
846,T,V,-0.0249,0.4404,4,2
846,T,W,0.5099,0.1741,6,2
846,T,Y,-0.4712,0.5706,3,2
847,D,-,-7.078,0.8577,2,4
847,D,A,-0.9024,0.7818,3.5,4
847,D,C,-4.751,0.5876,7,2
847,D,D,0,0,,4
847,D,E,-0.2184,0.2618,7.5,4
847,D,F,-0.2787,0.2367,3,2
847,D,G,-2.746,2.802,4.5,4
847,D,H,-2.935,3.245,6,4
847,D,I,-1.602,0.3804,5,2
847,D,K,0.8043,0.04914,3,2
847,D,L,-0.3881,0.2125,3.5,2
847,D,M,0.09404,0.2036,7,2
847,D,N,-0.9536,0.3275,24.25,4
847,D,P,-2.201,0.08202,8,2
847,D,Q,-0.09725,0.3816,5,2
847,D,R,-0.1002,0.02834,3,2
847,D,S,-0.07891,0.1466,4,2
847,D,T,-0.5862,0.2613,5,2
847,D,V,-0.3756,0.5877,6,4
847,D,W,-0.3275,0.1336,3,2
847,D,Y,-0.08721,0.1524,7,2
848,M,A,-0.08,0.5083,3,2
848,M,C,-0.9289,0.1698,5,2
848,M,D,-4.141,0.6265,5,2
848,M,E,-1.698,0.3033,3,2
848,M,F,-1.577,0.1747,9,2
848,M,G,-1.052,0.5704,9,2
848,M,H,-2.333,0.8019,7,2
848,M,I,-0.292,0.4414,11.5,4
848,M,K,-2.795,0.3528,3,2
848,M,L,0.6149,0.3047,2,4
848,M,M,0,0,,4
848,M,N,-1.486,0.1131,6,2
848,M,P,-1.941,0.01061,5,2
848,M,Q,-1.744,0.5112,4,2
848,M,R,-2.072,0.7228,3.5,4
848,M,S,-1.161,0.01768,6,2
848,M,T,-0.04693,0.151,8,2
848,M,V,-2.504,1.64,3.5,4
848,M,W,-2.805,0.5947,6,2
848,M,Y,-1.083,0.2295,6,2
849,S,A,0.1116,0.08406,4,2
849,S,C,-0.9496,2.283,5,4
849,S,D,0.2003,0.03437,5,2
849,S,E,0.147,0.1146,7,2
849,S,F,-0.3919,0.523,6.5,4
849,S,G,-0.3197,0.0391,7,2
849,S,H,0.3418,0.18,7,2
849,S,I,0.0205,0.6572,5,2
849,S,K,-0.2075,0.4856,4,2
849,S,L,-0.01213,0.03873,8,2
849,S,M,-0.007524,0.008735,7,2
849,S,N,-0.9036,0.7529,4,2
849,S,P,-8.136,2.127,3.5,2
849,S,Q,0.3146,0.2805,8,2
849,S,R,-0.886,0.1553,10,2
849,S,S,0,0,,4
849,S,T,-0.605,1.745,5.5,4
849,S,V,-0.2656,0.1248,9,2
849,S,W,0.2375,0.1076,3,2
849,S,Y,-0.2404,0.3938,7.75,4
850,C,*,-9.55,0.1987,7.5,4
850,C,-,-0.6519,1.32,1,2
850,C,A,-9.459,0.2432,8,2
850,C,C,0,0,,4
850,C,D,-9.529,0.5409,9,2
850,C,E,-9.55,0.04313,7,2
850,C,F,-8.693,1.63,5.5,4
850,C,G,-9.767,0.2121,6,2
850,C,H,-9.593,0.00495,4,2
850,C,I,-8.995,0.09899,10,2
850,C,K,-9.829,0.1838,5,2
850,C,L,-9.755,0.1754,8,2
850,C,M,-0.5812,0.7195,3,2
850,C,N,-9.566,0.1393,10,2
850,C,P,-7.659,2.331,5,2
850,C,Q,-7.031,1.834,2,2
850,C,R,-8.132,0.7326,8,2
850,C,S,-9.753,0.03536,10,2
850,C,T,-8.667,0.9461,7,2
850,C,V,-9.689,0,13,2
850,C,W,-9.729,0.0007071,3.5,2
850,C,Y,-9.282,1.961,15,4
851,E,*,-7.64,2.247,4.5,4
851,E,-,0.559,0.08273,2,2
851,E,A,0.03182,0.07676,10,2
851,E,C,-6.256,3.835,5,2
851,E,D,-0.08865,0.5181,5.5,4
851,E,E,0,0,,4
851,E,F,-0.1066,0.3178,8.5,2
851,E,G,-1.439,1.657,8.25,4
851,E,H,-0.4499,0.183,13,2
851,E,I,0.1194,0.3092,8.5,2
851,E,K,-0.08915,0.2952,14,4
851,E,L,-0.3222,0.6515,3,2
851,E,M,-0.8843,0.1791,4,2
851,E,N,-0.3661,0.5148,4,2
851,E,P,-6.863,0.4752,7,2
851,E,Q,-0.4051,0.1461,7,2
851,E,R,-0.5666,0.2527,6,2
851,E,S,-0.1313,0.1385,10,2
851,E,T,0.5444,0.1071,7,2
851,E,V,0.0952,0.3527,9,2
851,E,W,-0.687,0.4335,8.5,2
851,E,Y,-0.972,0.3776,7,2
852,V,-,-1.391,1.989,2,2
852,V,A,-0.2099,1.496,2.5,4
852,V,C,-0.3831,0.3413,6,2
852,V,D,-9.117,0.927,7,2
852,V,E,-5.469,3.675,4,4
852,V,F,-9.401,0.6223,7.5,2
852,V,G,-4.564,1.36,3,4
852,V,H,-8.962,0.9185,10,2
852,V,I,-0.6212,0.417,4.5,4
852,V,K,-8.221,1.424,7,2
852,V,L,-5.929,2.033,6.5,4
852,V,M,-9.262,0.4403,15,4
852,V,N,-4.925,0.3451,8,2
852,V,P,-8.575,0.07849,7,2
852,V,Q,-8.563,0.1697,7,2
852,V,R,-8.692,0.1032,7,2
852,V,S,0.09655,0.2798,6,2
852,V,T,-0.9968,0.1035,4,2
852,V,V,0,0,,4
852,V,W,-8.756,0.2312,4,2
852,V,Y,-8.491,0.9348,9,2
853,P,-,-2.112,3.655,2,2
853,P,A,-0.2308,0.1191,6,2
853,P,C,-1.594,0.2786,5,2
853,P,D,-1.589,0.2482,9,2
853,P,E,-0.1677,0.7833,2,2
853,P,F,-1.137,0.5457,5,2
853,P,G,-1.652,0.3917,3,2
853,P,H,-0.4817,1.317,8,2
853,P,I,0.1971,0.06456,3,2
853,P,K,-0.4474,1.209,4,2
853,P,L,0.6982,0.5696,7,4
853,P,M,-0.5961,0.6051,4,2
853,P,N,-0.7865,0.0816,4,2
853,P,P,0,0,,4
853,P,Q,-0.5018,0.9006,3.5,4
853,P,R,0.3903,0.4639,3,4
853,P,S,-0.2228,0.2014,48.75,4
853,P,T,-0.02116,0.2078,6.5,4
853,P,V,-0.1557,0.543,10.5,2
853,P,W,-1.597,0.9198,3,2
853,P,Y,0.1389,0.4257,4,2
854,A,-,-2.428,0.3055,2,2
854,A,A,0,0,,4
854,A,C,-3.55,1.636,2,2
854,A,D,0.04955,0.6929,7,4
854,A,E,-0.7031,0.6618,2,2
854,A,F,0.1711,0.1129,9,2
854,A,G,0.244,0.1319,5.5,4
854,A,H,0.309,0.03161,9,2
854,A,I,0.2613,0.05303,7,2
854,A,K,-0.9833,0.4351,3,2
854,A,L,-0.614,0.1696,5,2
854,A,M,0.137,0.295,5,2
854,A,N,0.4326,0.04052,3,2
854,A,P,-1.837,3.499,3,2
854,A,Q,-0.01305,0.5745,5,2
854,A,R,-1.087,0.3229,11,2
854,A,S,0.5096,0.5358,4.5,4
854,A,T,0.07211,0.1906,13.5,4
854,A,V,0.3031,0.1294,16,4
854,A,W,-0.5043,0.02291,4,2
854,A,Y,-1.363,0.4561,4,2
855,C,*,-4.406,6.676,1,2
855,C,-,0.0068,0.2418,2,2
855,C,A,-8.816,0.792,5,2
855,C,C,0,0,,4
855,C,D,-9.091,0.2128,8,2
855,C,E,-9.225,0.01131,6,2
855,C,F,-9.147,0.5565,6.25,4
855,C,G,-5.401,4.517,6,4
855,C,H,-7.433,3.15,3,2
855,C,I,0.0336,0.2867,1,2
855,C,K,-9.904,0.08556,3,2
855,C,L,-9.586,0.09475,3,2
855,C,M,-9.442,0.8457,6,2
855,C,N,-8.273,1.861,7,2
855,C,P,-9.713,0.1018,6,2
855,C,Q,-9.579,0.2892,5,2
855,C,R,-8.793,0.9967,12.5,4
855,C,S,-7.085,1.716,6.5,4
855,C,T,-7.218,3.347,2,2
855,C,V,-8.402,0.8528,10,2
855,C,W,-9.5,0.2128,5,2
855,C,Y,-9.36,0.876,20,4
856,T,-,-1.572,3.261,2,2
856,T,A,-1.498,1.193,12.5,4
856,T,C,-3.068,0.1952,8,2
856,T,D,-3.031,0.09334,6,2
856,T,E,-1.15,0.04525,8,2
856,T,F,-0.6521,1.369,3,2
856,T,G,-4.189,0.9836,4,2
856,T,H,-1.559,0.2885,9,2
856,T,I,0.1004,0.1022,11.75,4
856,T,K,-1.312,0.9176,9.5,4
856,T,L,-1.147,0.123,10,2
856,T,M,0.01663,0.03016,7,2
856,T,N,-2.487,1.529,8,2
856,T,P,-8.521,0.589,10.5,2
856,T,Q,0.6249,0.3518,2.5,2
856,T,R,-0.849,0.001838,3,2
856,T,S,-1.524,0.1817,8,2
856,T,T,0,0,,4
856,T,V,-0.0735,0.4994,5,2
856,T,W,-0.2865,0.2182,8,2
856,T,Y,-0.422,1.153,6,2
857,H,-,-1.15,2.282,2,2
857,H,A,0.2993,0.07474,2,2
857,H,C,0.04831,0.05847,8,2
857,H,D,-3.543,0.7425,7,2
857,H,E,-3.165,0.5933,5,2
857,H,F,0.6344,0.08478,5,2
857,H,G,-5.223,0.2015,4,2
857,H,H,0,0,,4
857,H,I,-4.306,0.193,6,2
857,H,K,-2.06,0.1584,4,2
857,H,L,-3.295,0.524,5,2
857,H,M,-1.462,0.2482,5.5,2
857,H,N,-8.51,0.5213,6,4
857,H,P,-9.137,0.3833,8,2
857,H,Q,-1.305,1.907,7,4
857,H,R,0.5114,0.6151,5,4
857,H,S,-0.1719,0.6644,4,2
857,H,T,-0.5634,0.1898,10,2
857,H,V,-2.652,0.3125,6,2
857,H,W,-0.3606,0.007495,8,2
857,H,Y,0.7697,0.3153,11.75,4
858,S,-,-5.377,2.676,4.5,4
858,S,A,-0.7407,2.306,6.5,2
858,S,C,-9.675,0.3868,5,2
858,S,D,-3.083,0.07849,7,2
858,S,E,-3.361,0.2934,3,2
858,S,F,-7.522,2.036,5,2
858,S,G,-0.9093,0.204,7.5,4
858,S,H,-1.76,0.2885,6,2
858,S,I,-8.027,0.5414,6.5,4
858,S,K,-6.037,1.696,6,2
858,S,L,-6.569,2.55,8,2
858,S,M,-1.776,0.4073,4.5,2
858,S,N,-2.165,1.014,14,4
858,S,P,-8.401,0.3041,9,2
858,S,Q,-3.715,0.09687,8,2
858,S,R,-3.931,3.014,6.5,4
858,S,S,0,0,,4
858,S,T,-3.878,0.4597,3,4
858,S,V,-8.84,0.8917,8.5,2
858,S,W,-9.615,0.05374,6,2
858,S,Y,-7.899,2.392,7,2
859,S,-,-1.196,0.04031,2,2
859,S,A,0.3506,0.0001414,5,2
859,S,C,-2.603,0.2256,7.5,2
859,S,D,-2.217,0.09899,11,2
859,S,E,-2.436,0.263,8,2
859,S,F,-0.2814,0.09482,8,2
859,S,G,-0.4806,0.7491,6,4
859,S,H,0.7478,0.07983,15,2
859,S,I,-2.384,1.663,7.75,4
859,S,K,-1.349,0.1435,12.5,2
859,S,L,-0.9341,0.2205,8,2
859,S,M,0.2108,0.03345,10,2
859,S,N,0.6657,0.4302,14,4
859,S,P,-9.474,0.4504,4.5,2
859,S,Q,-0.5398,0.4062,6,2
859,S,R,-3.252,0.7621,8,4
859,S,S,0,0,,4
859,S,T,-1.453,0.1273,7,2
859,S,V,-2.192,0.4688,7,2
859,S,W,-0.9669,0.0623,10,2
859,S,Y,-0.3882,0.01584,14,2
860,D,-,-1.948,3.254,1,4
860,D,A,-2.291,0.08627,11,2
860,D,C,-9.394,0.4031,10,2
860,D,D,0,0,,4
860,D,E,-3.343,0.7,5,4
860,D,F,-0.1721,0.006788,7,2
860,D,G,0.09775,0.3961,4.5,4
860,D,H,-3.582,0.1838,6,2
860,D,I,-7.479,2.775,10,2
860,D,K,-9.229,0.4342,11,2
860,D,L,-8.214,0.164,5,2
860,D,M,-4.136,0.4808,5,2
860,D,N,-0.0474,0.512,26,4
860,D,P,-7.083,1.488,5,2
860,D,Q,-2.966,0.3387,8,2
860,D,R,-9.814,0.3627,13,2
860,D,S,-0.7001,0.35,6,2
860,D,T,-1.917,0.1959,12,2
860,D,V,-9.45,0.2411,13,2
860,D,W,-6.537,0.05233,6,2
860,D,Y,-2.04,0.4688,5.5,4
861,F,-,0.5183,0.1361,1,2
861,F,A,-1.981,0.8683,10,2
861,F,C,-8.009,0.792,12,2
861,F,D,-6.574,2.122,8,2
861,F,E,-4.614,0.1195,6,2
861,F,F,0,0,,4
861,F,H,-9.811,0.07354,14,2
861,F,I,-3.082,0.9514,7,4
861,F,K,-8.355,0.0601,8,2
861,F,L,-6.236,2.379,15,4
861,F,M,-0.7321,0.5995,8.5,2
861,F,N,-7.239,1.647,9,2
861,F,P,-4.528,0.2687,9,2
861,F,Q,-6.787,1.476,15,2
861,F,R,-9.29,0.1803,6,2
861,F,S,-2.533,0.8337,8.75,4
861,F,T,-6.643,1.517,9,2
861,F,V,-5.818,1.82,5.5,4
861,F,W,-2.974,0.3592,12,2
861,F,Y,-0.2526,0.4634,11,4
862,G,A,-0.7446,0.3287,22,2
862,G,C,-3.128,2.029,12,4
862,G,D,-0.189,0.5863,14.5,4
862,G,E,-1.51,0.02616,10,2
862,G,F,-6.234,0.3288,19.5,2
862,G,G,0,0,,4
862,G,H,-7.178,0.09192,24,2
862,G,I,-9.23,0.3528,10,2
862,G,K,-2.175,0.1358,19,2
862,G,L,-0.9848,0.06392,18.5,2
862,G,M,-2.183,0.244,16,2
862,G,N,-2.766,0.5261,14,2
862,G,P,-9.455,0.8697,14,2
862,G,Q,-2.258,0.268,28,2
862,G,R,-2.031,0.04384,20,2
862,G,S,-1.441,0.3378,13.5,4
862,G,T,-1.045,0.06894,8,2
862,G,V,-5.363,2.015,13.25,4
862,G,W,-8.441,0.8132,12,2
862,G,Y,-8.867,0.3026,18.5,2
863,G,*,-9.647,0.3323,10.5,2
863,G,A,-0.9923,0.1311,19,2
863,G,C,-9.631,0.5056,22,2
863,G,D,-7.792,2.412,9,2
863,G,E,-9.264,0.1927,21.75,4
863,G,F,-9.147,0.1937,19,2
863,G,G,0,0,,4
863,G,H,-8.649,0.7113,8,2
863,G,I,-9.483,0.4101,20,2
863,G,K,-9.46,0.03677,18.5,2
863,G,L,-9.047,0.5777,13.5,2
863,G,M,-9.661,0.2659,22,2
863,G,N,-1.569,0.1747,12,2
863,G,P,-8.795,0.7156,12,2
863,G,Q,-9.502,0.07425,18,2
863,G,R,-8.604,0.7132,21.5,4
863,G,S,-0.3739,0.01718,19,2
863,G,T,-6.548,0.3924,16,2
863,G,V,-7.718,2.433,16.5,4
863,G,W,-9.651,0.04101,24,2
863,G,Y,-7.633,0.6809,7,2
864,V,A,-0.1312,3.239,3,4
864,V,C,-0.2652,0.1914,5,2
864,V,D,-0.234,0.4759,9,2
864,V,E,-1.342,0.5785,5.5,4
864,V,F,0.5956,0.3187,7,2
864,V,G,-0.5415,0.5189,6,2
864,V,H,-0.1416,0.01563,4,2
864,V,I,0.8025,0.02708,2,2
864,V,K,-0.2198,0.06661,14,2
864,V,L,0.1567,0.5336,8,4
864,V,M,-0.2938,0.44,14.5,4
864,V,N,-1.492,0.7752,4,2
864,V,P,-7.781,1.176,10,2
864,V,Q,0.5089,0.1569,5,2
864,V,R,0.1182,0.1317,10,2
864,V,S,0.3263,0.07502,3,2
864,V,T,-0.00657,0.08936,6,2
864,V,V,0,0,,4
864,V,W,0.4298,0.04115,16,2
864,V,Y,-1.065,0.01273,4,2
865,A,A,0,0,,4
865,A,C,-0.2932,0.8543,5,2
865,A,D,-7.107,4.776,6,4
865,A,E,-7.808,0.3253,2,2
865,A,F,-5.122,0.9793,5,2
865,A,G,0.08745,0.4903,5.5,4
865,A,H,-9.165,0.1831,6,2
865,A,I,0.2303,0.1272,2,2
865,A,K,-9.705,0.1541,6,2
865,A,L,-1.591,0.02333,10,2
865,A,M,-1.291,0.6954,3,2
865,A,N,-8.783,0.3493,1,2
865,A,P,-6.596,4.522,6.5,4
865,A,Q,-9.021,0.7502,3,2
865,A,R,-9.575,0.432,7,2
865,A,S,0.0034,0.7306,6.75,4
865,A,T,-1.764,0.3628,71.5,4
865,A,V,-1.211,0.3498,32.25,4
865,A,W,-9.264,0.1216,9,2
865,A,Y,-9.464,0.3281,6,2
866,I,-,-3.913,2.003,1,2
866,I,A,-0.1181,0.1977,6,2
866,I,C,-0.8183,0.06923,7,2
866,I,D,-1.07,0.1344,8,2
866,I,E,-0.8785,0.08471,7,2
866,I,F,0.2343,0.7308,4,4
866,I,G,-2.254,0.01838,6,2
866,I,H,-0.7117,0.4897,7.5,2
866,I,I,0,0,,4
866,I,K,-0.8901,0.1398,4,2
866,I,L,-0.1146,0.3389,8,2
866,I,M,-1.255,0.2383,3,2
866,I,N,-0.19,1.537,3,4
866,I,P,-9.852,0.2942,5,2
866,I,Q,-1.381,0.3458,8,2
866,I,R,-1.724,0.4327,2,2
866,I,S,-1.372,0.0007071,2,2
866,I,T,-0.2847,0.1324,8.5,4
866,I,V,-0.7024,1.263,3,4
866,I,W,-0.7387,0.3039,4.5,2
866,I,Y,-1.502,0.2383,5,2
867,I,-,-6.2,1.417,7,4
867,I,A,-5.06,0.717,6,2
867,I,C,-3.764,0.3719,5,2
867,I,D,-9.299,0.4624,6,2
867,I,E,-9.779,0.04596,4,2
867,I,F,-0.7542,0.06145,7,2
867,I,G,-9.652,0.06576,6,2
867,I,H,-9.428,0.2963,8,2
867,I,I,0,0,,4
867,I,K,-8.828,1.11,2,2
867,I,L,0.3742,0.1625,3,2
867,I,M,0.6164,0.03599,5,2
867,I,N,-9.498,0.1025,5,2
867,I,P,-9.334,0.09829,7,2
867,I,Q,-9.832,0.116,7,2
867,I,R,-9.146,0.623,8,2
867,I,S,-9.178,0.2567,10,2
867,I,T,-7.803,0.7771,5,2
867,I,V,0.159,0.6692,3.5,4
867,I,W,-9.119,0.8789,3,2
867,I,Y,-8.169,1.255,7,2
868,K,-,-3.91,3.099,2.5,4
868,K,A,-2.011,0.9504,4,2
868,K,C,-0.1844,0.1647,6,2
868,K,D,-2.287,0.1082,6,2
868,K,E,-0.5097,0.4713,7,4
868,K,F,-0.9203,0.291,8,2
868,K,G,-0.396,0.6132,6,2
868,K,H,0.1459,0.07801,7,2
868,K,I,-1.097,0.5182,2,2
868,K,K,0,0,,4
868,K,L,0.3577,0.02524,6,2
868,K,M,0.155,0.6902,2.5,4
868,K,N,-0.6273,0.918,5,4
868,K,P,-0.588,0.8089,2,2
868,K,Q,-0.6869,0.3775,7,2
868,K,R,0.5377,0.5659,3,4
868,K,S,0.7888,0.04815,2,2
868,K,T,0.02025,0.3334,6,4
868,K,V,-0.05279,0.1371,7,2
868,K,W,-0.8974,0.131,5,2
868,K,Y,-0.5353,0.2377,7,2
869,Y,*,-7.604,1.529,7,4
869,Y,-,-3.739,0.2825,2.5,4
869,Y,A,-0.5029,0.1167,8,2
869,Y,C,-0.6523,0.5452,9,4
869,Y,D,-9.441,0.7707,9,2
869,Y,E,-9.418,0.2977,4,2
869,Y,F,-1.014,0.1873,6,2
869,Y,G,-1.626,0.1881,4,2
869,Y,H,-3.175,0.309,11,2
869,Y,I,-1.851,0.6972,6,2
869,Y,K,-7.463,3.05,4,2
869,Y,L,0.09002,0.06064,3,2
869,Y,M,-1.431,0.4525,3,2
869,Y,N,-2.186,0.5479,8.5,4
869,Y,P,-9.52,0.01344,3,2
869,Y,Q,-4.12,0.1732,4,2
869,Y,R,-9.348,0.6809,8,2
869,Y,S,-1.31,0.1669,7,2
869,Y,T,-0.7968,1.272,2,2
869,Y,V,0.3067,0.063,7,2
869,Y,W,-1.848,0.7283,6,2
869,Y,Y,0,0,,4
870,A,-,-2.284,0.6145,3,2
870,A,A,0,0,,4
870,A,C,0.7409,0.0961,2,2
870,A,D,0.1064,0.01788,12,2
870,A,E,-0.7072,0.8824,2,4
870,A,F,0.2147,0.08811,5,2
870,A,G,-0.1425,0.08744,19,2
870,A,H,0.2765,0.3654,6,2
870,A,I,-0.1431,0.4877,6,2
870,A,K,-0.6789,0.162,7,2
870,A,L,-1.882,0.3026,3,2
870,A,M,0.7076,0.1298,6,2
870,A,N,-0.4179,0.4172,7,2
870,A,P,-9.556,0.2649,3,4
870,A,Q,0.2111,0.4353,9,2
870,A,R,0.6252,0.3736,6,2
870,A,S,-1.442,1.064,4.5,4
870,A,T,0.1009,0.1388,23.5,4
870,A,V,-0.1773,0.5158,32,4
870,A,W,-3.503,1.225,6,2
870,A,Y,0.1475,0.03663,9,2
871,A,-,-2.15,0.6746,3,2
871,A,A,0,0,,4
871,A,C,-0.1803,0.01881,11,2
871,A,D,-7.435,1.839,7,4
871,A,E,-9.14,0.06576,5,2
871,A,F,-2.257,0.2199,13,2
871,A,G,-1.042,0.00495,3,2
871,A,H,-2.407,0.2956,6,2
871,A,I,-6.535,3.531,4,2
871,A,K,-4.387,0.84,8,2
871,A,L,-1.428,0.4313,2,2
871,A,M,-2.839,0.1174,6,2
871,A,N,-1.214,0.2857,8,2
871,A,P,-3.022,0.4921,7,2
871,A,Q,-3.771,1.996,3,2
871,A,R,-4.181,0.3189,7,2
871,A,S,-0.9374,0.2601,9,4
871,A,T,0.1337,0.2558,31.75,4
871,A,V,-0.6362,0.8264,6.5,4
871,A,W,-2.649,0.09122,10,2
871,A,Y,-1.423,0.02899,10,2
872,S,-,-0.8369,0.4714,1,4
872,S,A,-1.613,0.3967,5,2
872,S,C,-2.266,0.9192,5,2
872,S,D,-0.00075,0.1814,6,2
872,S,E,0.649,0.01301,2,2
872,S,F,-0.1525,0.2008,7,2
872,S,G,-1.244,0.08556,3,2
872,S,H,-0.358,0.3331,5,2
872,S,I,-0.266,0.2416,5.75,4
872,S,K,-2.285,0.06859,5,2
872,S,L,-0.2159,0.6061,7,2
872,S,M,-0.2199,0.9354,7,2
872,S,N,0.05793,0.1276,28.25,4
872,S,P,-0.8566,0.08782,8,2
872,S,Q,-3.236,0.8372,2,2
872,S,R,-3.062,2.697,7,4
872,S,S,0,0,,4
872,S,T,-0.2013,0.2719,6,2
872,S,V,0.2456,0.3877,5,2
872,S,W,-1.133,0.2982,4,2
872,S,Y,0.6277,0.09673,2,2
873,K,*,-4.511,4.127,1,4
873,K,-,0.5115,0.2872,1,2
873,K,A,-2.562,0.5657,5,2
873,K,C,-1.623,0.8563,5,2
873,K,D,-1.629,0.04313,8,2
873,K,E,-0.993,1.087,4,4
873,K,F,-0.3755,0.2519,13,2
873,K,G,-2.446,0.8111,9,2
873,K,H,-0.01245,0.3822,10.5,2
873,K,I,-0.7214,0.02234,8,2
873,K,K,0,0,,4
873,K,L,-1.349,0.1782,7.5,2
873,K,M,-0.7619,0.0693,8.5,2
873,K,N,-2.697,1.023,5.25,4
873,K,P,0.2126,0.2139,4,2
873,K,Q,-1.665,0.06364,8,2
873,K,R,0.4773,0.5138,4.5,4
873,K,S,-0.9538,0.01365,3,2
873,K,T,-1.224,0.6716,10,2
873,K,V,-0.3131,0.2213,6,2
873,K,W,-0.5171,0.00396,8,2
873,K,Y,-6.671,0.1959,2,2
874,K,*,0.8974,0.04879,1,2
874,K,-,-4.386,1.331,1,2
874,K,A,-0.4458,0.1747,6,2
874,K,C,-1.54,0.1054,5,2
874,K,D,-0.5458,0.1966,5,2
874,K,E,-0.6566,0.8949,3.5,4
874,K,F,-0.09345,1.278,8,2
874,K,G,-0.3529,0.006435,7,2
874,K,H,0.07487,0.1641,6,2
874,K,I,-0.7696,3.146,3,4
874,K,K,0,0,,4
874,K,L,-0.6018,0.004313,6,2
874,K,M,-1.18,0.3726,6,2
874,K,N,-0.5112,1.014,4,4
874,K,P,-0.3394,0.3891,7,2
874,K,Q,0.5567,0.2242,7,2
874,K,R,0.3465,0.1707,1.5,4
874,K,S,-0.045,0.3381,8,2
874,K,T,0.2972,0.2763,10,2
874,K,V,0.3317,0.1965,5,2
874,K,W,-0.1965,0.4079,9,2
874,K,Y,-0.5228,0.1276,4,2
875,G,-,0.2516,0.3968,1,2
875,G,A,-2.55,1.757,5,2
875,G,C,-6.884,3.136,13,2
875,G,D,-2.873,0.3968,27.5,4
875,G,E,-8.87,0.8061,4,2
875,G,F,-1.047,0.643,6,2
875,G,G,0,0,,4
875,G,H,-5.658,0.8669,6,2
875,G,I,-9.289,0.181,7,2
875,G,K,-4.481,7.402,2,2
875,G,L,-9.495,0.01061,7,2
875,G,M,-7.139,3.485,4,2
875,G,N,-3.856,0.07354,8,2
875,G,P,-8.76,0.5699,8,2
875,G,Q,-9.631,0.326,3,2
875,G,R,-7.657,1.498,5,2
875,G,S,-2.578,2.437,11,4
875,G,T,-8.749,1.711,5,2
875,G,V,-5.028,4.842,4.5,4
875,G,W,0.1964,0.9696,1,2
875,G,Y,-0.2982,1.41,2,2
876,K,-,-1.022,0.8502,1,2
876,K,A,-2.067,0.4377,5,2
876,K,C,-0.7995,0.1243,9,2
876,K,D,-0.784,0.2143,6,2
876,K,E,-1.389,0.9537,6.5,4
876,K,F,-0.5275,0.152,8,2
876,K,G,-0.7663,0.02934,3,2
876,K,H,-0.9473,0.469,8,2
876,K,I,-0.399,0.05388,7,2
876,K,K,0,0,,4
876,K,L,-0.6589,0.918,9,2
876,K,M,0.1739,0.06993,11,2
876,K,N,-0.3669,0.623,8,4
876,K,P,-0.4686,0.1492,10,2
876,K,Q,-1.039,0.3473,3,2
876,K,R,-0.6867,0.7075,8,2
876,K,S,0.3742,0.1005,3,2
876,K,T,-1.941,0.3111,3,2
876,K,V,-0.7577,0.2003,6,2
876,K,W,-0.5854,0.06003,5,2
876,K,Y,-0.4771,0.5296,9,2
877,C,*,-9.007,0.77,8,4
877,C,-,-1.009,1.224,1,4
877,C,A,-8.296,1.384,4,2
877,C,C,0,0,,4
877,C,D,-4.858,6.821,5,2
877,C,E,-9.151,0.07071,9,2
877,C,F,-8.296,1.422,6.5,4
877,C,G,-9.643,0.006364,6,2
877,C,H,-8.619,1.45,2,2
877,C,I,-9.654,0.1344,4,2
877,C,K,-9.118,0.2348,2,2
877,C,L,-9.514,0.3578,8,2
877,C,M,-8.579,0.2991,2,2
877,C,N,-9.192,0.7672,6,2
877,C,P,-9.551,0.3394,4,2
877,C,Q,-8.083,0.6449,5,2
877,C,R,-6.003,4.065,6.5,4
877,C,S,-9.3,0.4521,6,4
877,C,T,-8.596,1.574,4,2
877,C,V,-8.964,0.03111,2,2
877,C,W,-9.779,0.01485,6,2
877,C,Y,-9.119,0.6907,12,4
878,A,-,-0.9082,1.094,1,4
878,A,A,0,0,,4
878,A,C,-0.4535,0.04384,8,2
878,A,D,-6.992,1.517,6.5,4
878,A,E,-8.31,1.755,5,2
878,A,F,-1.064,0.03818,5,2
878,A,G,0.2529,0.3963,9,2
878,A,H,-1.917,0.002828,7,2
878,A,I,-8.245,0.08344,6,2
878,A,K,-8.808,0.7311,3,2
878,A,L,-9.663,0.1096,8,2
878,A,M,-4.479,0.4108,9,2
878,A,N,-6.839,3.596,7,2
878,A,P,-1.051,0.05657,6,2
878,A,Q,-8.544,0.5374,3,2
878,A,R,-9.485,0.4745,9,2
878,A,S,-1.218,0.4993,6.5,4
878,A,T,-5.805,0.8288,19,4
878,A,V,-4.29,0.8037,18.5,4
878,A,W,-9.61,0.05445,5,2
878,A,Y,0.5733,0.02432,4,2
879,V,-,-0.9832,2.381,1,4
879,V,A,-0.3442,0.7213,6,4
879,V,C,-0.4354,0.03408,8,2
879,V,D,-8.986,0.1697,3,2
879,V,E,-9.002,1.225,12,2
879,V,F,-4.022,0.3479,9,2
879,V,G,-9.698,0.1803,9,2
879,V,H,-9.418,0.2157,9,2
879,V,I,0.0271,0.326,7,2
879,V,K,-7.871,0.5268,11,2
879,V,L,-0.2409,0.3338,8,4
879,V,M,-1.035,0.2212,17,4
879,V,N,-9.152,0.1421,3,2
879,V,P,-4.399,1.32,10,2
879,V,Q,-9.281,0.2234,10,2
879,V,R,-9.745,0.03536,9,2
879,V,S,-1.171,0.003536,4,2
879,V,T,0.3048,0.2,3,2
879,V,V,0,0,,4
879,V,W,-9.07,0.77,8,2
879,V,Y,-8.27,0.251,6,2
880,H,-,-2.261,1.198,1,4
880,H,A,-0.4309,0.191,13,2
880,H,C,-0.0478,1.253,6,2
880,H,D,-3.786,4.346,2.5,4
880,H,E,-9.251,0.5459,8,2
880,H,F,-0.7474,0.1904,9,2
880,H,G,-3.405,0.5035,7,2
880,H,H,0,0,,4
880,H,I,-1.104,0.0502,12,2
880,H,K,-5.498,0.07707,7,2
880,H,L,-3.491,0.09758,8,2
880,H,M,-1.98,0.8874,10,2
880,H,N,-2.175,0.3926,8.5,4
880,H,P,-8.244,0.7467,6.5,2
880,H,Q,-3.345,1.388,5,4
880,H,R,-6.398,1.509,7,2
880,H,S,-2.463,0.6421,14,2
880,H,T,-3.619,0.4016,5,2
880,H,V,-0.1923,0.1203,5,2
880,H,W,-1.178,0.07778,6,2
880,H,Y,-0.2553,0.1242,12.75,4
881,S,-,-0.1805,1.084,1,4
881,S,A,-0.6472,0.342,11,2
881,S,C,-1.728,0.3012,10,2
881,S,D,-0.9755,0.5366,8,2
881,S,E,-1.628,0.4624,8,2
881,S,F,-9.594,0.1831,7,2
881,S,G,-1.479,0.5776,6.5,4
881,S,H,-2.792,0.04031,9,2
881,S,I,-4.554,0.5691,6.5,4
881,S,K,-4.353,0.6633,3,2
881,S,L,-8.659,0.7241,10.5,2
881,S,M,-7.208,2.135,7,2
881,S,N,-9.346,0.1469,38.75,4
881,S,P,0.4624,0.04511,5,2
881,S,Q,-1.843,0.1598,12,2
881,S,R,-3.093,2.204,9,4
881,S,S,0,0,,4
881,S,T,-0.7036,0.8607,6,4
881,S,V,-3.836,1.814,3,2
881,S,W,-9.445,0.6958,10,2
881,S,Y,-8.872,0.05374,8,2
882,M,-,-1.58,1.226,1,4
882,M,A,-5.437,0.4031,3,2
882,M,C,-0.354,0.1036,11,2
882,M,D,-1.752,0.1704,9,2
882,M,E,-0.9828,0.4302,11,2
882,M,F,-0.7764,0.1724,9,2
882,M,G,-0.1654,0.2203,8,2
882,M,H,-0.6019,0.1522,5,2
882,M,I,-0.269,1.052,18.25,4
882,M,K,-0.4093,0.08754,10,2
882,M,L,-0.2344,0.1566,3,2
882,M,M,0,0,,4
882,M,N,-0.325,0.1969,10,2
882,M,P,-0.3026,0.4854,10,2
882,M,Q,0.2824,0.2051,7,2
882,M,R,-0.6606,0.111,3.5,4
882,M,S,-1.235,0.14,9,2
882,M,T,-0.5265,0.4862,7,4
882,M,V,0.2625,0.295,7,2
882,M,W,-0.882,0.3323,8,2
882,M,Y,-0.8647,0.4148,5,2
883,T,*,-9.068,0.04667,1,2
883,T,-,-0.9471,3.525,1,4
883,T,A,-0.06656,0.1182,18,4
883,T,C,-0.1413,0.7302,2,2
883,T,D,0.502,0.0903,6,2
883,T,E,0.3539,0.2969,7,2
883,T,F,0.4603,0.004384,9,2
883,T,G,-0.4954,0.04907,8,2
883,T,H,0.1883,0.2536,1,2
883,T,I,-0.664,0.9174,7,4
883,T,K,-0.1733,0.43,4,2
883,T,L,0.7068,0.08542,9,2
883,T,M,-0.03884,0.1856,6,2
883,T,N,-0.08488,0.3462,7.5,4
883,T,P,-0.9175,0.05028,9,2
883,T,Q,-0.2672,0.1885,6.5,2
883,T,R,-2.33,0.227,3,2
883,T,S,0.5761,0.5034,3,4
883,T,T,0,0,,4
883,T,V,0.2963,0.7552,6,2
883,T,W,-0.08087,0.07542,5,2
883,T,Y,0.1532,0.06944,9,2
884,N,A,0.1903,0.09313,4,2
884,N,C,-4.758,0.03323,7,2
884,N,D,-0.2014,0.2271,5,4
884,N,E,-0.6268,0.004384,6,2
884,N,F,0.3584,0.003677,9,2
884,N,G,0.6247,0.01138,2,2
884,N,H,-0.09765,0.4307,8,2
884,N,I,-0.8024,0.05452,7,2
884,N,K,-0.4049,1.356,7.75,4
884,N,L,-0.4399,0.2522,3,2
884,N,M,-1.11,1.486,5.5,2
884,N,N,0,0,,4
884,N,P,-0.01579,0.08914,9,2
884,N,Q,-0.7026,0.205,5,2
884,N,R,0.7535,0.04907,3,2
884,N,S,-0.4395,0.3057,5,2
884,N,T,-0.1334,0.3461,5,2
884,N,V,-0.9159,0.8671,6,2
884,N,W,-0.6136,1.008,5,2
884,N,Y,-0.2823,0.07976,7,2
885,A,-,0.371,0.2241,1,2
885,A,A,0,0,,4
885,A,C,-2.365,0.2963,9,2
885,A,D,-2.221,2.11,7.5,4
885,A,E,-0.581,0.001909,8,2
885,A,F,0.4714,0.08853,5,2
885,A,G,0.1613,0.9026,4,4
885,A,H,0.577,0.265,7,2
885,A,I,-0.8749,0.5673,8,2
885,A,K,-0.9862,0.3787,2,2
885,A,L,0.03075,0.2255,5,2
885,A,M,-0.6688,1.26,4,2
885,A,N,-9.532,0.1506,9,2
885,A,P,-0.657,0.1428,6.5,2
885,A,Q,-0.3921,0.04971,6,2
885,A,R,-0.1668,0.1363,8,2
885,A,S,-0.2933,0.4931,7.5,4
885,A,T,-0.07805,0.4287,12.5,4
885,A,V,-0.3608,1.074,7,4
885,A,W,-0.1277,0.07464,5,2
885,A,Y,-0.4373,0.4978,3,2
886,V,-,-0.0386,0.2233,1,2
886,V,A,0.195,0.3353,6.5,4
886,V,C,-0.176,0.004172,10,2
886,V,D,-9.659,0.292,5,2
886,V,E,-9.11,0.7853,6.5,4
886,V,F,-0.8032,0.4381,8,2
886,V,G,-4.749,5.45,2.5,4
886,V,H,-0.9046,1.945,6,2
886,V,I,-0.8842,1.157,7,2
886,V,K,-9.664,0.08202,9,2
886,V,L,-1.34,1.859,7.5,4
886,V,M,-0.5391,0.5588,12,4
886,V,N,-5.952,0.4377,5,2
886,V,P,-7.93,1.341,7.5,2
886,V,Q,-2.429,0.1973,7,2
886,V,R,-9.772,0.1386,6,2
886,V,S,-8.84,1.071,6,2
886,V,T,-3.985,0.4179,8,2
886,V,V,0,0,,4
886,V,W,-5.208,0.8994,6,2
886,V,Y,-1.028,0.0997,3,2
887,T,-,-0.546,0.8047,1,2
887,T,A,0.3835,0.6347,3.5,4
887,T,C,-1.506,0.09263,9,2
887,T,D,-2.467,0.8457,6,2
887,T,E,-1.699,0.1966,7,2
887,T,F,-1.953,0.09334,8,2
887,T,G,-1.458,0.0792,8,2
887,T,H,-0.5597,0.5524,4,2
887,T,I,-0.6189,0.5381,4,4
887,T,K,-7.412,1.866,2.5,2
887,T,L,-0.2364,0.9296,7,2
887,T,M,0.6752,0.1777,3,2
887,T,N,-0.2579,0.8763,11,4
887,T,P,-2.815,0.6845,6,2
887,T,Q,-1.433,0.2539,5.5,2
887,T,R,-8.645,1.748,5,2
887,T,S,-0.5825,1.399,3,4
887,T,T,0,0,,4
887,T,V,0.0595,0.1249,11,2
887,T,W,-9.453,0.2934,3,2
887,T,Y,-2.707,0.8747,7,2
888,I,-,-9.425,0.2121,3,2
888,I,A,-0.8147,0.01881,9,2
888,I,C,-0.01855,0.2617,9,2
888,I,D,-8.719,1.282,6,2
888,I,E,-9.118,0.04808,11,2
888,I,F,-0.5215,0.007425,3,2
888,I,G,-9.607,0.2581,7,2
888,I,H,-9.404,0.2892,5,2
888,I,I,0,0,,4
888,I,K,-9.106,1.112,6,2
888,I,L,-2.593,1.007,6,2
888,I,M,-0.2,0.2574,12,2
888,I,N,-3.846,1.695,4.5,4
888,I,P,-2.51,0.6286,9,2
888,I,Q,-6.352,1.338,9,2
888,I,R,-9.462,0.4243,5,2
888,I,S,-0.7757,0.7263,3.5,4
888,I,T,0.253,0.263,9,2
888,I,V,0.1953,0.1349,7,2
888,I,W,-6.635,0.4038,10,2
888,I,Y,-9.829,0.0898,4,2
889,R,-,-0.7564,1.211,2,2
889,R,A,-1.521,0.8655,6,2
889,R,C,-0.9994,1.193,4,2
889,R,D,-7.319,3.279,4,2
889,R,E,-3.407,0.4384,8,2
889,R,F,-8.846,1.143,6,2
889,R,G,-4.303,0.1591,5,2
889,R,H,-3.377,0.6696,6,2
889,R,I,-8.95,1.257,4,2
889,R,K,0.5742,0.1514,3,2
889,R,L,-1.401,1.713,11.75,4
889,R,M,-1.244,0.1513,3,2
889,R,N,-8.374,0.4108,10,2
889,R,P,-8.557,2.874,4.5,4
889,R,Q,-0.5853,0.456,26.5,4
889,R,R,0,0,,4
889,R,S,-2.085,0.3578,4,2
889,R,T,-9.466,0.1153,6,2
889,R,V,-8.444,0.7149,7,2
889,R,W,-8.864,2.019,8.5,4
889,R,Y,-6.045,1.853,3,2
890,E,*,-9.094,0.4147,2.75,4
890,E,-,-2.472,2.132,2,2
890,E,A,-2.683,0.4893,9,2
890,E,C,-6.29,2.504,6,2
890,E,D,-4.196,4.044,7.5,4
890,E,E,0,0,,4
890,E,F,-7.093,1.623,6.5,2
890,E,G,-2.244,0.1966,9,2
890,E,H,-4.478,0.03182,8,2
890,E,I,-3.956,0.2553,6,2
890,E,K,-6.013,1.681,60,4
890,E,L,-6.502,0.5119,9.5,2
890,E,M,-7.221,1.052,13,2
890,E,N,-1.178,0.1853,4,2
890,E,P,-5.448,0.432,13,2
890,E,Q,-0.0976,0.1543,4,2
890,E,R,-4.098,0.2072,11,2
890,E,S,-4.392,0.7326,9,2
890,E,T,-4.342,0.07425,5,2
890,E,V,-5.405,0.8075,7.5,2
890,E,W,-9.263,0.1103,10,2
890,E,Y,-9.436,0.1096,7,2
891,A,-,-0.5289,0.8543,1,2
891,A,A,0,0,,4
891,A,C,-0.5707,0.4133,4,2
891,A,D,-3.342,1.871,6.75,4
891,A,E,-8.007,0.664,3,2
891,A,F,-0.936,0.2079,3,2
891,A,G,-0.3583,0.6933,6,2
891,A,H,-0.9671,0.1356,13,2
891,A,I,0.1105,0.04057,7,2
891,A,K,-8.931,1.083,6.5,2
891,A,L,-0.2199,0.1816,8,2
891,A,M,-1.046,0.03041,7,2
891,A,N,-0.0335,0.4541,4,2
891,A,P,0.1862,0.3401,7,2
891,A,Q,-5.793,0.7509,5.5,2
891,A,R,-8.238,0.3946,3,2
891,A,S,-0.6236,1.083,5.5,4
891,A,T,0.1979,0.5177,6.5,4
891,A,V,-0.3204,0.3158,23.75,4
891,A,W,-0.8639,0.07128,10,2
891,A,Y,0.3124,0.2328,7,2
892,E,*,-6.298,3.097,3.5,4
892,E,-,-5.191,0.1245,1,2
892,E,A,-0.553,0.01195,9,2
892,E,C,-0.5998,0.3717,14,2
892,E,D,0.0421,0.6285,7.5,4
892,E,E,0,0,,4
892,E,F,0.448,0.1486,4,2
892,E,G,-0.1855,0.5533,6,4
892,E,H,-1.601,0.09122,6,2
892,E,I,-0.5327,0.3165,8,2
892,E,K,-3.508,0.2428,16.5,4
892,E,L,-0.6969,0.4428,7,2
892,E,M,-0.4224,0.1148,4,2
892,E,N,-0.1028,0.04994,7,2
892,E,P,-6.255,0.14,7,2
892,E,Q,-0.0101,0.1696,5,2
892,E,R,-1.28,0.1754,3,2
892,E,S,-0.4593,0.5127,4,2
892,E,T,0.1345,0.2864,10,2
892,E,V,-0.7313,0.2163,14,2
892,E,W,0.0461,0.4509,6,2
892,E,Y,-0.587,0.3156,6,2
893,I,-,-4.582,1.587,2,2
893,I,A,-0.02259,0.1024,4,2
893,I,C,-0.07581,0.2053,6,2
893,I,D,-0.01883,0.1658,9,2
893,I,E,-0.4169,0.434,10,2
893,I,F,-0.3674,0.3158,5,2
893,I,G,-1.093,0.3412,4,2
893,I,H,-0.8567,0.091,4,2
893,I,I,0,0,,2
893,I,K,-1.664,0.0198,4,2
893,I,L,-0.05298,0.1871,4,2
893,I,M,-1.016,0.06053,3,2
893,I,N,-0.0428,0.5094,6,2
893,I,P,-4.21,1.738,7,2
893,I,Q,0.2505,0.09397,9,2
893,I,R,-0.3366,1.746,1,2
893,I,S,0.4045,0.3999,4.5,2
893,I,T,0.1374,0.04094,8,2
893,I,V,-0.05446,0.03317,13,2
893,I,W,0.1677,0.01379,6,2
893,I,Y,-1.085,0.1812,8.5,2
894,E,*,-6.197,1.74,5,4
894,E,-,-0.2261,0.2169,1,2
894,E,A,-0.0693,0.5759,13,2
894,E,C,-0.3398,0.165,4.5,2
894,E,D,-0.3332,0.832,6.5,4
894,E,E,0,0,,4
894,E,F,-0.03522,0.1871,8,2
894,E,G,-0.8884,1.022,6.5,4
894,E,H,-0.143,0.3577,9,2
894,E,I,0.4513,0.1925,7,2
894,E,K,0.058,0.1118,33.25,4
894,E,L,0.1606,0.2291,6,2
894,E,M,0.4577,0.1334,10,2
894,E,N,-0.243,0.2633,6,2
894,E,P,0.1621,0.1957,9,2
894,E,Q,0.309,0.2764,6,2
894,E,R,-0.04505,0.2196,7,2
894,E,S,-0.3087,0.1432,11,2
894,E,T,0.4543,0.0461,11,2
894,E,V,-0.2438,0.09313,9,2
894,E,W,0.2787,0.06633,11.5,2
894,E,Y,-0.0566,0.1701,11,2
895,V,-,-0.4005,1.449,1,2
895,V,A,-1.134,0.9305,5.25,4
895,V,C,0.8362,0.007425,3,2
895,V,D,-9.732,0.1619,10,2
895,V,E,-5.625,4.838,4,4
895,V,F,-5.456,0.1782,11,2
895,V,G,-6.123,3.758,4,4
895,V,H,-9.02,0.502,9,2
895,V,I,-0.4383,0.1263,7,2
895,V,K,-9.348,0.1867,4,2
895,V,L,-0.08995,0.4335,4.5,4
895,V,M,-0.7437,0.5286,12,4
895,V,N,-9.285,0.3387,5,2
895,V,P,-5.933,2.379,7,2
895,V,Q,-9.145,0.6138,6,2
895,V,R,-8.855,0.9369,9,2
895,V,S,-5.179,0.6725,7,2
895,V,T,-1.746,0.4165,7.5,2
895,V,V,0,0,,4
895,V,W,-9.197,0.2942,7,2
895,V,Y,-9.695,0.2022,5,2
896,E,*,-8.579,2.168,3.5,4
896,E,-,-1.638,2.328,1,2
896,E,A,-1.2,0.4458,6,2
896,E,C,-0.4365,0.2548,8,2
896,E,D,-0.391,0.5913,13,4
896,E,E,0,0,,4
896,E,F,-0.652,0.1584,12,2
896,E,G,0.1549,0.1195,10,4
896,E,H,-0.6304,0.0519,10,2
896,E,I,0.02975,0.3361,9,2
896,E,K,0.1881,0.1361,39.5,4
896,E,L,-1.266,0.268,9,2
896,E,M,0.1201,0.07854,6,2
896,E,N,-1.316,0.326,10,2
896,E,P,-0.0375,0.5281,8,2
896,E,Q,0.6573,0.3641,3.5,4
896,E,R,-0.2724,0.129,10,2
896,E,S,-0.9533,0.07029,8,2
896,E,T,-0.1065,0.05455,10,2
896,E,V,-0.5625,1.172,5.5,4
896,E,W,-0.06395,0.2186,9,2
896,E,Y,-0.01295,0.2381,6,2
897,G,-,-1.463,1.49,1,2
897,G,A,-0.6985,0.08358,7,2
897,G,C,-3.679,0.4494,7.5,4
897,G,D,-0.2439,0.4102,29,4
897,G,E,-0.8391,0.3222,8,2
897,G,F,0.07687,0.05987,8,2
897,G,G,0,0,,4
897,G,H,-0.1465,0.06908,10.5,2
897,G,I,-0.6018,0.2909,4,2
897,G,K,0.2188,0.1637,7,2
897,G,L,-0.3061,0.01838,8,2
897,G,M,-0.08102,0.02995,5,2
897,G,N,-0.3598,0.8424,7,2
897,G,P,-0.6053,0.04363,7.5,2
897,G,Q,-0.2484,0.2187,7,2
897,G,R,0.5003,0.2949,5,4
897,G,S,0.2642,0.2909,9.5,4
897,G,T,-0.4552,0.35,7.5,2
897,G,V,-0.0938,0.4887,6.5,4
897,G,W,-0.6663,0.5908,7,2
897,G,Y,0.573,0.03705,10,2
898,N,-,-1.03,0.02546,1,2
898,N,A,-0.2646,0.04476,3,2
898,N,C,-0.4329,0.5656,6,2
898,N,D,-0.3072,0.4505,6,2
898,N,E,-0.03205,0.5628,5,2
898,N,F,-0.07988,0.03637,9.5,2
898,N,G,-0.6961,0.2451,7,2
898,N,H,-1.562,0.3521,5,2
898,N,I,-0.3792,0.4285,2,2
898,N,K,0.3424,0.1372,6,4
898,N,L,0.5151,0.1319,6,2
898,N,M,0.1762,0.0705,5,2
898,N,N,0,0,,4
898,N,P,0.3199,0.7785,6.5,2
898,N,Q,-0.2788,0.1089,5,2
898,N,R,-0.4298,0.1767,5,2
898,N,S,0.06598,0.8569,8,4
898,N,T,0.8599,0.08514,5,2
898,N,V,-0.4508,0.08372,10,2
898,N,W,-0.4286,0.1631,7,2
898,N,Y,0.1395,0.8225,3,4
899,S,-,-0.3761,1.239,1,2
899,S,A,0.1242,0.02609,9,2
899,S,C,-2.341,2.388,6,4
899,S,D,0.078,0.01173,7,2
899,S,E,-1.412,0.06081,9,2
899,S,F,-0.9525,1.43,2.5,2
899,S,G,0.3323,0.09638,5.5,4
899,S,H,-0.1502,0.4407,13,2
899,S,I,-1.121,0.6463,5.5,4
899,S,K,-0.1548,0.09393,8,2
899,S,L,-0.8261,0.1913,7,2
899,S,M,0.4582,0.1385,5,2
899,S,N,-0.3656,0.3844,13,4
899,S,P,-2.108,0.384,6,2
899,S,Q,-0.9482,0.08881,6,2
899,S,R,-0.2094,0.7148,13,4
899,S,S,0,0,,4
899,S,T,0.46,0.005445,6,2
899,S,V,-1.234,0.07425,7,2
899,S,W,-4.95,0.1881,8,2
899,S,Y,-0.4292,0.01725,13,2
900,Q,*,-9.329,1.964,3.5,4
900,Q,-,-0.3101,0.1119,1,2
900,Q,A,0.1636,0.04985,8,2
900,Q,C,-0.6562,0.3283,7,2
900,Q,D,-0.1304,0.6165,9,2
900,Q,E,-1.077,0.03677,6,2
900,Q,F,-0.2025,0.2482,9,2
900,Q,G,0.1874,0.3025,9,2
900,Q,H,-2.823,3.944,3.5,4
900,Q,I,0.6776,0.006505,5,2
900,Q,K,0.4495,0.04735,5.5,4
900,Q,L,-0.2156,1.385,5.5,4
900,Q,M,0.7554,0.1269,4,2
900,Q,N,-0.1148,0.2396,8,2
900,Q,P,-1.113,0.14,6,2
900,Q,Q,0,0,,4
900,Q,R,-0.6766,0.06187,5,2
900,Q,S,-2.155,0.3104,6,2
900,Q,T,-0.7985,0.2373,6,2
900,Q,V,-0.7398,0.1828,13,2
900,Q,W,0.1651,0.01223,4,2
900,Q,Y,0.2092,0.1226,8,2
901,L,-,-3.803,1.719,1.5,4
901,L,A,0.1444,0.1923,5,2
901,L,C,-0.8398,0.1459,7,2
901,L,D,-0.2437,0.1006,7,2
901,L,E,-1.441,0,7,2
901,L,F,0.09532,0.03675,15,2
901,L,G,-1.308,0.1591,4,2
901,L,H,0.2773,0.5048,12,2
901,L,I,-0.1805,0.08959,4,2
901,L,K,-0.4003,0.342,7,2
901,L,L,0,0,,4
901,L,M,0.04122,0.2326,6.5,4
901,L,N,0.6121,0.03698,1,2
901,L,P,-3.099,0.297,8,4
901,L,Q,-0.7367,0.3837,10,2
901,L,R,-0.8264,1.111,4,4
901,L,S,-0.4771,0.03649,5,2
901,L,T,0.4527,0.159,5,2
901,L,V,-1.546,1.873,7.5,4
901,L,W,-0.03799,0.006463,7,2
901,L,Y,-0.4572,0.1056,5,2
902,Q,*,-6.63,1.305,6.75,4
902,Q,-,0.115,0.3511,1,2
902,Q,A,-0.5349,0.1371,6,2
902,Q,C,-1.25,0.1824,8,2
902,Q,D,-0.9763,0.6346,4,2
902,Q,E,-2.955,0.769,2,4
902,Q,F,0.3177,0.6692,5,2
902,Q,G,0.1086,0.4031,5,2
902,Q,H,-0.3299,0.2639,6,4
902,Q,I,0.2112,0.03797,13,2
902,Q,K,-1.279,0.5936,3.5,4
902,Q,L,-1.196,0.6318,1.75,4
902,Q,M,0.03285,0.4096,5,2
902,Q,N,-0.5907,0.3565,5,2
902,Q,P,-0.7236,0.7785,3,2
902,Q,Q,0,0,,4
902,Q,R,0.03655,0.4093,8.5,4
902,Q,S,-0.291,0.2889,11,2
902,Q,T,-0.1477,0.6652,5,2
902,Q,V,0.5755,0.2906,7,2
902,Q,W,-0.5253,0.2795,7,2
902,Q,Y,-0.5098,0.1561,8,2
903,I,A,0.1181,0.3548,11.5,2
903,I,C,-0.4556,0.5941,5,2
903,I,D,-9.805,0.08132,4,2
903,I,E,-9.082,0.7304,6,2
903,I,F,0.4699,0.7829,7.5,4
903,I,G,-5.897,3.449,1,2
903,I,H,-9.825,0.1471,7,2
903,I,I,0,0,,4
903,I,K,-9.591,0.2524,5,2
903,I,L,-0.04408,0.1291,9,2
903,I,M,0.2607,0.8272,2,4
903,I,N,-9.352,1.07,9,4
903,I,P,-9.411,0.01131,6,2
903,I,Q,-9.223,0.3995,5,2
903,I,R,-4.467,0.1089,4,2
903,I,S,-3.854,1.634,11,2
903,I,T,-0.1844,0.8067,5,4
903,I,V,-0.09015,0.2666,4,4
903,I,W,-9.715,0.1273,5,2
903,I,Y,-3.556,0.8252,5.5,2
904,S,-,-2.087,0.5042,1,2
904,S,A,-0.5734,0.06166,2,2
904,S,C,-0.5685,0.04745,12,2
904,S,D,0.7427,0.03557,2,2
904,S,E,0.01335,0.6816,6,2
904,S,F,-0.04591,0.3219,6.25,4
904,S,G,-0.2802,0.5607,12,2
904,S,H,-0.8561,0.3902,7,2
904,S,I,0.4032,0.1101,2,2
904,S,K,-0.678,0.00495,5,2
904,S,L,0.5322,0.2422,6,2
904,S,M,0.1721,0.5427,6,2
904,S,N,-2.108,0.2701,8,2
904,S,P,-9.211,0.4259,12,4
904,S,Q,0.2656,0.167,8,2
904,S,R,0.03975,0.1149,6,2
904,S,S,0,0,,4
904,S,T,-0.4567,0.9347,6,4
904,S,V,-0.5394,0.09631,5,2
904,S,W,0.4139,0.1331,7,2
904,S,Y,-1.584,2.34,7,4
905,F,A,-9.8,0.2524,3,2
905,F,C,-8.902,0.664,4,2
905,F,D,-9.616,0.007778,8,2
905,F,E,-7.665,2.75,2,2
905,F,F,0,0,,4
905,F,G,-9.291,0.1372,10,2
905,F,H,-9.521,0.2072,5,2
905,F,I,-0.4001,0.624,5.5,4
905,F,K,-8.624,1.351,4,2
905,F,L,-0.875,0.6493,10.5,4
905,F,M,-1.799,0.4547,7,2
905,F,N,-8.362,1.236,7,2
905,F,P,-9.767,0.08556,6,2
905,F,Q,-8.11,0.8902,4.5,2
905,F,R,-9.165,0.06788,3,2
905,F,S,-5.332,5.215,7.5,4
905,F,T,-8.619,1.631,2,2
905,F,V,-2.41,0.01061,5,2
905,F,W,-9.096,0.09546,6,2
905,F,Y,-8.88,1.57,7,2
906,S,A,-1.417,0.2036,5,2
906,S,C,-6.912,2.377,11,2
906,S,D,-7.576,0.21,7,2
906,S,E,-9.162,0.4469,7,2
906,S,F,-4.056,0.6611,6,2
906,S,G,-2.546,3.789,5.5,4
906,S,H,-7.712,1.101,11,2
906,S,I,-9.555,0.3401,14,2
906,S,K,-9.273,0.1018,9,2
906,S,L,-8.938,0.7184,7,2
906,S,M,-9.555,0.09263,5,2
906,S,N,-3.998,0.264,28.75,4
906,S,P,-8.619,1.088,7,2
906,S,Q,-9.509,0.01344,7,2
906,S,R,-9.181,0.1366,10.5,4
906,S,S,0,0,,4
906,S,T,-1.541,0.1499,15,2
906,S,V,-8.45,1.344,11,2
906,S,W,-2.026,0.08415,10,2
906,S,Y,-3.135,0.1485,4,2
907,T,-,-0.7637,1.119,1,2
907,T,A,-1.139,0.03536,10,2
907,T,C,-8.517,0.2779,3,2
907,T,D,-8.089,2.137,7,2
907,T,E,-9.514,0.001414,7,2
907,T,F,-2.295,1.689,8,2
907,T,G,-9.465,0.08697,5,2
907,T,H,-9.175,0.5155,7,2
907,T,I,-0.04655,0.1532,16.5,4
907,T,K,-9.266,1.537,8.5,4
907,T,L,-1.831,0.3033,4,2
907,T,M,-0.9463,0.05565,5,2
907,T,N,-8.824,0.6675,9,2
907,T,P,-9.16,0.384,10,2
907,T,Q,-3.008,0.03323,12,2
907,T,R,-9.468,0.4632,18,2
907,T,S,-0.7346,0.2574,5,4
907,T,T,0,0,,4
907,T,V,-0.2428,0.6684,2,2
907,T,W,-9.175,0.01414,2,2
907,T,Y,-4.5,0.4236,16,2
908,A,-,-0.1222,0.08007,1,2
908,A,A,0,0,,4
908,A,C,-1.712,0.9617,7,2
908,A,D,-2.649,0.9301,8,4
908,A,E,-3.825,0.7927,7,2
908,A,F,-0.9561,0.05982,4.5,2
908,A,G,0.2112,0.153,6,2
908,A,H,-1.004,0.005657,8,2
908,A,I,-0.8472,0.1778,9,2
908,A,K,-2.652,0.2305,4,2
908,A,L,-2.689,0.9673,8,2
908,A,M,-0.9949,0.02418,8,2
908,A,N,-0.715,0.7198,6,2
908,A,P,-0.0651,0.1061,10,2
908,A,Q,-2.646,0.6859,3,2
908,A,R,-1.393,0.3012,9,2
908,A,S,-1.561,1.944,6.75,4
908,A,T,-0.8979,0.5392,15.5,4
908,A,V,-0.9806,0.08254,25.5,4
908,A,W,-0.8849,0.2024,9,2
908,A,Y,-0.1996,0.1299,6,2
909,L,-,-0.7513,1.197,1,2
909,L,A,-1.12,0.3671,9,2
909,L,C,-1.553,0.6237,5,2
909,L,D,-1.083,0.01838,2,2
909,L,E,-1.8,0.2496,9,2
909,L,F,-0.6209,0.3396,6,2
909,L,G,-1.117,0.8495,4,2
909,L,H,0.9271,0.03168,2,2
909,L,I,-1.106,0.6143,3.5,4
909,L,K,-0.8133,0.04384,1,2
909,L,L,0,0,,4
909,L,M,0.575,0.4546,14.5,4
909,L,N,-8.616,1.368,6,2
909,L,P,-3.481,1.104,8,4
909,L,Q,-0.5526,1.292,1.5,4
909,L,R,-0.0133,0.744,3.5,4
909,L,S,0.7114,0.01188,3,2
909,L,T,0.0757,0.3227,9,2
909,L,V,-0.2973,0.4794,8,4
909,L,W,0.8289,0.07425,3,2
909,L,Y,-0.5717,0.1916,10,2
910,A,-,-0.4266,1.5,1,2
910,A,A,0,0,,4
910,A,C,-4.784,1.465,5,2
910,A,D,-1.782,0.1601,14.5,4
910,A,E,-2.245,0.3175,5,2
910,A,F,-1.333,0.4756,6,2
910,A,G,0.3525,0.8258,2.75,4
910,A,H,0.4712,0.02942,4,2
910,A,I,0.08837,0.03412,8,2
910,A,K,-0.05375,0.447,6,2
910,A,L,-0.4215,0.07552,8.5,2
910,A,M,-0.7874,0.04646,3,2
910,A,N,-0.6727,0.1131,6,2
910,A,P,0.136,0.5815,12,2
910,A,Q,0.2578,0.09942,8,2
910,A,R,0.1425,0.1142,6,2
910,A,S,0.206,0.5081,9.5,4
910,A,T,0.1331,0.07714,20,4
910,A,V,-0.03825,0.863,16.75,4
910,A,W,-1.425,0.1478,6,2
910,A,Y,0.4113,0.04745,1,2
911,S,-,0.4796,0.3453,1,2
911,S,A,-0.3867,0.2048,6,2
911,S,C,-3.802,1.541,4.5,4
911,S,D,-0.2492,0.1431,12,2
911,S,E,-0.1668,0.1687,3,2
911,S,F,-0.3502,0.03451,11,2
911,S,G,0.1475,0.6953,4,4
911,S,H,0.5133,0.2616,5,2
911,S,I,-0.5512,1.321,4,2
911,S,K,0.2024,0.13,7,2
911,S,L,-0.6682,0.211,7,2
911,S,M,-0.2068,0.3014,6.5,2
911,S,N,-0.095,0.5423,13,4
911,S,P,-2.185,0.1584,4,2
911,S,Q,-0.376,0.6635,4,2
911,S,R,0.1784,0.2143,13.5,4
911,S,S,0,0,,4
911,S,T,-0.1106,0.2079,9,2
911,S,V,0.01015,0.3204,3,2
911,S,W,0.6646,0.1321,2,2
911,S,Y,0.0534,0.3251,7,2
912,A,-,-0.6571,1.191,2,2
912,A,A,0,0,,4
912,A,C,-0.5516,0.6766,2,2
912,A,D,-2.914,1.314,7.25,4
912,A,E,-1.628,0.03323,8,2
912,A,F,-0.6825,0.507,6,2
912,A,G,0.1337,0.05276,5,2
912,A,H,-0.3104,0.03917,7,2
912,A,I,-0.6345,0.03995,6,2
912,A,K,-3.3,1.27,5,2
912,A,L,-0.07695,0.3125,6,2
912,A,M,-0.6602,0.1279,8,2
912,A,N,-1.285,0.1633,10,2
912,A,P,-0.03035,0.522,5.5,4
912,A,Q,-0.039,0.3578,6,2
912,A,R,-3.045,0.251,9,2
912,A,S,-0.9659,1.124,9,4
912,A,T,-0.4541,0.2035,31.5,4
912,A,V,0.1996,0.6892,9,4
912,A,W,-5.277,2.196,8,2
912,A,Y,-2.361,2.276,1,2
913,E,*,-8.582,2.637,3,4
913,E,-,-0.4142,0.04087,2,2
913,E,A,0.6119,0.04653,5,2
913,E,C,-2.573,1.462,8,2
913,E,D,0.1356,0.193,10,2
913,E,E,0,0,,4
913,E,F,-0.1251,0.4224,6,2
913,E,G,-0.525,0.4418,7,2
913,E,H,-1.053,0.7895,7,2
913,E,I,-1.319,1.227,7,2
913,E,K,-0.9871,0.5121,12.25,4
913,E,L,-0.9415,0.2652,6.5,2
913,E,M,-1.228,0.9592,4,2
913,E,N,0.3367,0.1503,9,2
913,E,P,-0.8885,0.1845,8,2
913,E,Q,0.2794,0.2645,5.5,4
913,E,R,-0.1114,0.05399,6,2
913,E,S,0.4518,0.09348,8,2
913,E,T,0.05145,0.01709,9,2
913,E,V,-0.0151,0.2264,9,2
913,E,W,0.1555,0.04702,8,2
913,E,Y,0.1282,0.07085,9.5,2
914,F,-,0.00875,0.922,2,2
914,F,A,-1.894,0.3776,4,2
914,F,C,-2.696,2.807,4.5,4
914,F,D,-7.057,0.7828,3,2
914,F,E,-9.636,0.3217,7,2
914,F,F,0,0,,4
914,F,G,-9.534,0.4299,12,2
914,F,H,-9.617,0.483,7,2
914,F,I,-0.2856,0.1794,8,2
914,F,K,-9.689,0.4533,7,2
914,F,L,-0.122,0.3799,6.5,4
914,F,M,0.1796,0.5092,5,2
914,F,N,-9.079,0.09546,7,2
914,F,P,-8.247,0.1577,3,2
914,F,Q,-8.297,1.271,7,2
914,F,R,-8.464,0.4441,4,2
914,F,S,-4.264,4.815,5,4
914,F,T,-8.92,1.295,6,2
914,F,V,-0.1015,0.148,6,2
914,F,W,0.2282,0.2135,3,2
914,F,Y,-1.176,0.06364,10,2
915,R,*,-6.002,2.843,2,2
915,R,-,-0.8827,2.394,2.5,4
915,R,A,-1.175,0.1457,11,2
915,R,C,-1.016,0.05098,12,2
915,R,D,0.1055,0.2303,7.5,2
915,R,E,-0.05545,1.335,4,2
915,R,F,-0.4583,1.359,5,2
915,R,G,-0.452,0.5045,12.5,4
915,R,H,0.08228,0.106,7,2
915,R,I,-0.04734,0.7097,6,4
915,R,K,-0.1832,0.147,29.5,4
915,R,L,-1.209,0.6364,7,2
915,R,M,0.144,0.3404,12,2
915,R,N,-0.4441,0.02284,5,2
915,R,P,-1.204,0.5837,7,2
915,R,Q,-0.7701,0.8301,7.5,2
915,R,R,0,0,,4
915,R,S,0.3043,0.06668,7,2
915,R,T,0.3011,0.4471,7,2
915,R,V,0.4171,0.3445,5,2
915,R,W,0.3437,0.2759,5,2
915,R,Y,0.1939,0.1162,8,2
916,V,-,-3.71,1.883,2.5,4
916,V,A,0.4127,0.5104,4.5,4
916,V,C,0.1711,0.2769,7,2
916,V,D,-9.419,0.7722,8,2
916,V,E,-7.96,2.059,4.5,4
916,V,F,-1.33,0.07071,11,2
916,V,G,-7.465,3.159,8,2
916,V,H,-9.662,0.1648,5,2
916,V,I,-0.489,0.09518,6,2
916,V,K,-9.664,0.2305,4,2
916,V,L,-0.6491,0.4268,7.5,4
916,V,M,-1.724,0.9724,10,4
916,V,N,-9.417,0.2404,3,2
916,V,P,-0.0056,0.1737,3,2
916,V,Q,-9.77,0.09051,6,2
916,V,R,-8.154,0.49,7,2
916,V,S,-2.524,0.09263,3,2
916,V,T,0.5562,0.151,5,2
916,V,V,0,0,,4
916,V,W,-9.833,0.1471,5,2
916,V,Y,-9.451,0.03394,6,2
917,Q,*,-9.593,0.6831,12.5,4
917,Q,-,0.02045,0.4453,2.5,4
917,Q,A,-1.645,0.1442,6,2
917,Q,C,-1.79,0.1004,6,2
917,Q,D,-3.451,0.9327,4,2
917,Q,E,-1.786,1.376,3,4
917,Q,F,-4.502,0.3323,4,2
917,Q,G,-0.09681,0.165,6,2
917,Q,H,-4.559,4.036,6.5,4
917,Q,I,0.3638,0.259,5,2
917,Q,K,-0.6738,0.2174,6.5,4
917,Q,L,0.03011,0.01521,8,2
917,Q,M,-0.07392,0.1233,6,2
917,Q,N,-0.8302,2.227,4,2
917,Q,P,-9.777,0.01909,5,2
917,Q,Q,0,0,,4
917,Q,R,-1.921,0.5133,4.5,4
917,Q,S,-0.6229,0.4376,4,2
917,Q,T,0.1875,0.09504,6,2
917,Q,V,-1.124,0.2675,11,2
917,Q,W,-2.314,0.4179,8,2
917,Q,Y,-0.8322,0.3929,6,2
918,V,-,-2.792,1.47,2.5,4
918,V,A,0.269,1.089,3.5,4
918,V,C,-0.5328,0.2203,7,2
918,V,D,-8.663,1.21,8.5,4
918,V,E,-6.579,0.004243,2,2
918,V,F,0.05945,0.5959,4,4
918,V,G,-7.818,2.694,8,2
918,V,H,-9.544,0.1937,10,2
918,V,I,0.05664,0.4042,7.5,4
918,V,K,-9.707,0.1683,6,2
918,V,L,0.1539,0.8606,3.5,4
918,V,M,-0.09225,1.154,5,2
918,V,N,-9.251,0.0594,6,2
918,V,P,-8.496,1.43,11,2
918,V,Q,-6.934,0.5282,6,2
918,V,R,-9.442,0.4016,6,2
918,V,S,-7.703,1.479,10,2
918,V,T,-0.1139,0.1311,6,2
918,V,V,0,0,,4
918,V,W,-9.12,0.6251,5,2
918,V,Y,-8.816,0.5636,5.5,2
919,C,*,-6.265,3.578,1,2
919,C,-,0.7214,3.426,2.5,4
919,C,A,-9.435,0.193,5.5,2
919,C,C,0,0,,4
919,C,D,-5.216,0.6173,6,2
919,C,E,-8.196,2.227,6,2
919,C,F,-9.162,0.1877,6.5,4
919,C,G,-6.989,3.589,7,2
919,C,H,-5.866,3.533,3,2
919,C,I,-9.7,0.02758,3,2
919,C,K,-9.76,0.1739,7,2
919,C,L,-9.34,0.4653,5,2
919,C,M,-9.549,0.3557,9,2
919,C,N,-9.773,0.06576,3,2
919,C,P,-9.068,0.5098,9,2
919,C,Q,-9.66,0.2454,6,2
919,C,R,-7.396,1.117,10.25,4
919,C,S,-5.521,4.714,2,4
919,C,T,-8.621,0.944,6.5,2
919,C,V,-9.191,0.5317,4,2
919,C,W,-9.567,0.04384,9,2
919,C,Y,-9.407,0.08588,21,4
920,S,-,-1.056,0.7806,1,2
920,S,A,-1.782,0.14,10,2
920,S,C,-0.2622,0.08061,9.5,2
920,S,D,-2.857,0.3536,3,2
920,S,E,-3.471,0.8012,5,2
920,S,F,-2.745,0.06364,6,2
920,S,G,-1.342,0.2248,11.5,4
920,S,H,0.3145,0.7039,1,2
920,S,I,-0.1295,0.1976,16.5,2
920,S,K,-1.933,0.9199,7,2
920,S,L,-0.3497,0.2439,8,2
920,S,M,-0.9443,0.9386,5,2
920,S,N,-0.6053,0.6814,16,4
920,S,P,-7.399,2.493,7,2
920,S,Q,-1.042,0.8846,9,2
920,S,R,-1.188,0.304,6.5,4
920,S,S,0,0,,4
920,S,T,0.5691,0.3675,6.5,4
920,S,V,-0.178,0.3327,4,2
920,S,W,-3.118,0.5756,9,2
920,S,Y,-2.901,0.1916,4,2
921,T,-,-0.9854,1.412,1,2
921,T,A,0.0315,0.7569,2,4
921,T,C,0.1242,0.3016,6,2
921,T,D,0.1301,0.5889,7,2
921,T,E,0.0957,0.3459,6,2
921,T,F,0.2797,0.6291,5,2
921,T,G,-0.8932,0.3094,5,2
921,T,H,0.6124,0.2287,4,2
921,T,I,-0.8733,1.154,6,4
921,T,K,0.04135,0.2245,4,2
921,T,L,-1.166,0.6291,4,2
921,T,M,-0.5531,0.1971,4,2
921,T,N,0.6516,0.1113,4.5,4
921,T,P,-0.7849,0.8516,4,2
921,T,Q,-0.1976,0.01061,7,2
921,T,R,-1.036,0.2654,4,2
921,T,S,-0.06523,0.01302,11,2
921,T,T,0,0,,4
921,T,V,-0.06723,0.1264,9,2
921,T,W,-0.08283,0.003741,10,2
921,T,Y,0.5584,0.05119,3,2
922,Q,*,-9.305,2.34,8,4
922,Q,-,-1.109,1.709,1,2
922,Q,A,-0.3007,0.3803,8,2
922,Q,C,-2.743,2.514,4,2
922,Q,D,0.4849,0.2609,6,2
922,Q,E,-0.0526,0.2745,7,2
922,Q,F,-0.1245,0.2759,4,2
922,Q,G,-0.1773,0.05678,11,2
922,Q,H,0.1547,0.6,9.5,4
922,Q,I,0.06795,0.2111,8,2
922,Q,K,-0.7481,0.3536,6,4
922,Q,L,-1.198,1.631,3.5,4
922,Q,M,-0.4664,0.735,4,2
922,Q,N,-0.7416,0.01711,9,2
922,Q,P,-0.4209,0.1292,9,2
922,Q,Q,0,0,,4
922,Q,R,-2.224,1.035,7.5,4
922,Q,S,0.7383,0.02475,3,2
922,Q,T,-0.07658,0.09252,6,2
922,Q,V,0.3166,0.7766,8.5,2
922,Q,W,0.1287,0.1963,2,2
922,Q,Y,-1.216,0.3429,4,2
923,V,A,-1.828,2.19,4.5,4
923,V,C,-0.2484,0.1097,6,2
923,V,D,-9.113,0.9383,3,2
923,V,E,-3.939,0.3338,6,2
923,V,F,-0.8137,0.3101,4,2
923,V,G,-0.1676,0.8519,3.5,4
923,V,H,-8.807,0.2574,3,2
923,V,I,-0.2777,0.0746,14,2
923,V,K,-9.704,0.2673,7.5,2
923,V,L,-1.157,0.3843,3.25,4
923,V,M,-0.8499,0.3983,15.25,4
923,V,N,-4.52,1.27,8,2
923,V,P,-9.713,0.05586,10,2
923,V,Q,-1.512,0.6753,7.5,2
923,V,R,-6.413,3.053,3,2
923,V,S,-0.8673,0.216,6,2
923,V,T,0.4615,0.08471,8,2
923,V,V,0,0,,4
923,V,W,-1.893,0.06718,10,2
923,V,Y,-8.871,1.161,5,2
924,H,A,-1.95,0.4193,3,2
924,H,C,-0.5777,0.6892,10,2
924,H,D,-0.1076,0.2517,7,2
924,H,E,0.06979,0.1172,12,2
924,H,F,-1.492,0.1598,5,2
924,H,G,-0.8065,0.07729,6,2
924,H,H,0,0,,4
924,H,I,0.06025,0.7318,5,2
924,H,K,0.4285,0.04978,8,2
924,H,L,-0.5595,0.1624,9,2
924,H,M,0.4169,0.3775,8,2
924,H,N,-0.3138,0.2686,12,4
924,H,P,-0.2338,0.01351,6,2
924,H,Q,-0.06833,1.007,9.5,4
924,H,R,-0.513,0.477,4,4
924,H,S,0.6145,0.06272,2,2
924,H,T,-0.2677,0.2595,7,2
924,H,V,-1.292,0.4558,6,2
924,H,W,-0.642,1.102,8,2
924,H,Y,0.08262,0.2057,26,4
925,C,*,-8.194,3.685,3.5,4
925,C,A,-9.508,0.2765,10,2
925,C,C,0,0,,4
925,C,D,-9.057,0.8542,8,2
925,C,E,-9.582,0.4547,7,2
925,C,F,-8.716,1.353,6,4
925,C,G,-9.681,0.1584,11,2
925,C,H,-9.733,0.2249,9,2
925,C,I,-9.709,0.05798,9,2
925,C,K,-5.133,1.765,2,2
925,C,L,-7.842,1.274,2,2
925,C,M,-9.665,0.2779,8,2
925,C,N,-9.73,0.03041,4,2
925,C,P,-9.413,0.5975,11,2
925,C,Q,-9.56,0.2319,4,2
925,C,R,-5.575,3.742,5.5,4
925,C,S,-8.293,2.361,5,4
925,C,T,-9.486,0.05162,7,2
925,C,V,-9.174,0.02616,7,2
925,C,W,-9.471,0.2765,5.5,2
925,C,Y,-9.137,0.8211,13.5,4
926,A,A,0,0,,4
926,A,C,-0.7866,0.2645,7,2
926,A,D,0.1142,0.1856,6,4
926,A,E,-0.1842,0.07722,6,2
926,A,F,0.331,0.5427,4,2
926,A,G,0.6393,0.2046,3,2
926,A,H,0.08114,0.01148,6,2
926,A,I,-0.1766,0.2723,5,2
926,A,K,0.05108,0.02406,6,2
926,A,L,-0.6926,0.4224,7,2
926,A,M,-0.7611,0.1018,10,2
926,A,N,-0.3388,0.4097,7,2
926,A,P,-0.2561,0.4216,7,2
926,A,Q,-0.1785,0.5081,6,2
926,A,R,0.3043,0.009687,9,2
926,A,S,0.6655,0.4302,8.5,4
926,A,T,0.3553,0.1139,15,4
926,A,V,-0.5153,0.3079,24,4
926,A,W,-0.7387,0.2492,8,2
926,A,Y,0.2536,0.2022,5.5,2
927,A,A,0,0,,4
927,A,C,-1.631,0.4236,4,2
927,A,D,-8.656,2.211,11.25,4
927,A,E,-3.704,3.33,4,2
927,A,F,-3.673,0.02192,7,2
927,A,G,0.4952,0.1317,7,2
927,A,H,-2.302,0.536,6,2
927,A,I,-2.612,0.04596,5,2
927,A,K,-0.5372,0.1318,1,2
927,A,L,-4.97,0.3048,1,2
927,A,M,-1.212,0.2355,5,2
927,A,N,-4.386,0.6131,7,2
927,A,P,-9.502,0.3932,8,2
927,A,Q,-0.8569,0.08761,7,2
927,A,R,-7.239,0.4405,5,2
927,A,S,-0.5414,0.5406,6,4
927,A,T,-0.8331,0.4671,25,4
927,A,V,-2.994,0.7291,7.5,4
927,A,W,-8.676,0.3988,4,2
927,A,Y,-4.687,0.7495,7,2
928,E,*,-9.501,0.09334,2,2
928,E,A,0.3235,0.6104,7,2
928,E,C,-7.649,1.815,3,2
928,E,D,-1.105,0.2394,13,2
928,E,E,0,0,,4
928,E,F,-0.08793,0.06049,10,2
928,E,G,-2.173,0.507,5,2
928,E,H,-0.479,0.0227,5,2
928,E,I,-0.281,0.2481,12,2
928,E,K,0.2021,0.1042,64.75,4
928,E,L,0.385,0.02482,8,2
928,E,M,-1.373,0.1725,3,2
928,E,N,-0.5402,0.01273,9,2
928,E,P,-1.615,0.2722,6,2
928,E,Q,-0.3952,0.3622,11.5,2
928,E,R,-0.7707,0.3611,5,2
928,E,S,0.1212,0.3205,9,2
928,E,T,-0.0417,0.2934,10,2
928,E,V,0.4781,0.03041,6,2
928,E,W,-1.194,0.2652,7,2
928,E,Y,-0.5866,0.4351,6,2
929,C,*,-7.942,1.158,6.5,4
929,C,A,-9.84,0.1442,3,2
929,C,C,0,0,,4
929,C,D,-9.049,0.8167,5,2
929,C,E,-9.357,0.02899,3,2
929,C,F,-5.476,4.512,3.5,4
929,C,G,-6.901,1.717,12,2
929,C,H,-8.899,1.316,4,2
929,C,I,-9.739,0.285,9,2
929,C,K,-3.694,1.836,1,2
929,C,L,-9.334,0.5402,8,2
929,C,M,-9.556,0.05303,12,2
929,C,N,-9.75,0.1591,4,2
929,C,P,-9.461,0.08627,5,2
929,C,Q,-6.797,3.591,3,2
929,C,R,-4.958,5.266,6,4
929,C,S,-6.987,3.748,4,4
929,C,T,-9.498,0.7036,9,2
929,C,V,-9.715,0.268,6,2
929,C,W,-3.398,5.685,3.25,4
929,C,Y,-8.567,0.6205,11,4
930,H,A,-0.2184,0.2717,4,2
930,H,C,-1.034,0.5006,3,2
930,H,D,0.2103,0.8705,5,4
930,H,E,0.4168,0.3228,5,2
930,H,F,-0.2134,0.3136,9,2
930,H,G,0.1659,0.7993,7,2
930,H,H,0,0,,4
930,H,I,0.2392,0.07559,6,2
930,H,K,-0.8941,0.5854,1,2
930,H,L,-0.1354,0.7142,6.5,2
930,H,M,0.0752,0.7773,8,2
930,H,N,-0.1567,0.2419,4,4
930,H,P,-3.288,0.03323,8,2
930,H,Q,0.2015,0.1118,5.25,4
930,H,R,-0.003065,0.3463,7,4
930,H,S,0.3057,0.3089,9,2
930,H,T,-0.5412,0.4687,11.5,2
930,H,V,0.0922,0.3135,4,2
930,H,W,-1.51,0.338,5,2
930,H,Y,-0.5665,0.7594,5,4
931,P,A,-2.757,2.887,4.5,4
931,P,C,-9.585,0.02121,8,2
931,P,D,-2.223,0.6102,6,2
931,P,E,-0.748,0.0215,7,2
931,P,F,-6.021,4.113,3,2
931,P,G,-2.345,0.3189,11.5,2
931,P,H,-1.797,1.981,8.5,4
931,P,I,-2.795,0.0799,6,2
931,P,K,-1.468,0.28,8,2
931,P,L,-4.199,1.738,7.5,4
931,P,M,-1.827,0.2864,6,2
931,P,N,-2.413,0.1838,7,2
931,P,P,0,0,,4
931,P,Q,-1.565,0.03536,3,2
931,P,R,-1.642,0.07,4,2
931,P,S,-0.6464,0.9053,8.5,4
931,P,T,-1.273,2.621,3,4
931,P,V,-3.006,0.01626,9,2
931,P,W,-4.231,0.5551,6,2
931,P,Y,-8.17,0.8825,7,2
932,P,A,-5.573,0.5572,4,2
932,P,C,-9.3,0.3118,7,2
932,P,D,-5.481,0.1266,5,2
932,P,E,-7.761,0.2362,7,2
932,P,F,-9.769,0.03111,10,2
932,P,G,-8.443,1.208,5,2
932,P,H,-6.111,1.168,4.5,4
932,P,I,-9.322,0.04313,7,2
932,P,K,-9.009,0.1372,7,2
932,P,L,-5.862,4.542,6.5,4
932,P,M,-9.101,0.3903,6,2
932,P,N,-6.85,0.9779,3,2
932,P,P,0,0,,4
932,P,Q,-9.38,0.3387,4,2
932,P,R,-9.262,0.02828,5,2
932,P,S,-2.035,1.865,9,4
932,P,T,-5.514,1.307,7,4
932,P,V,-9.05,0.0898,7,2
932,P,W,-9.678,0.08273,7,2
932,P,Y,-8.908,0.5869,5,2
933,K,*,-4.377,2.24,2,4
933,K,-,-1.893,0.9256,1,2
933,K,A,-1.105,0.6442,4,2
933,K,C,-8.021,2.35,4.5,2
933,K,D,-0.9667,0.1899,6,2
933,K,E,0.254,0.5345,3,4
933,K,F,-3.98,0.3804,10,2
933,K,G,-1.627,0.4101,4,2
933,K,H,-0.3011,0.3509,8.5,2
933,K,I,-2.213,0.4108,5,2
933,K,K,0,0,,4
933,K,L,-0.8814,0.4987,6,2
933,K,M,-1.086,3.561,4,4
933,K,N,-1.945,1.099,5,4
933,K,P,-0.7416,0.951,11,2
933,K,Q,-0.6263,0.3543,9,2
933,K,R,0.4206,0.3159,6.5,4
933,K,S,-1.062,0.06364,7,2
933,K,T,-0.8928,0.5934,9,4
933,K,V,-1.412,0.736,10,2
933,K,W,-5.992,0.003536,9,2
933,K,Y,-4.675,0.6032,6,2
934,D,-,-1.196,1.158,2,4
934,D,A,-0.6306,0.003536,8,2
934,D,C,-9.842,0.01131,7,2
934,D,D,0,0,,4
934,D,E,-0.7906,3.158,7.5,4
934,D,F,-2.609,0.4094,9,2
934,D,G,-1.5,1.334,6.25,4
934,D,H,-2.926,1.01,4,2
934,D,I,-0.5578,0.1988,7,2
934,D,K,-1.753,0.2376,8,2
934,D,L,-0.9285,0.1902,3,2
934,D,M,-3.777,0.3281,4,2
934,D,N,-0.2755,0.5198,12,4
934,D,P,-9.102,1.006,10,2
934,D,Q,0.5082,0.08146,4,2
934,D,R,-2.961,0.06788,7,2
934,D,S,-1.852,0.2008,4,2
934,D,T,-1.554,0.6116,6,2
934,D,V,-0.5156,0.002404,6,2
934,D,W,-2.615,0.2015,4,2
934,D,Y,-2.275,0.8371,6,4
935,H,-,-3.138,2.861,2,4
935,H,A,-8.765,0.0601,6,2
935,H,C,-8.637,0.03606,13,2
935,H,D,-7.923,0.09475,10,2
935,H,E,-7.971,2.056,3,2
935,H,F,-4.832,0.565,8,2
935,H,G,-9.377,0.0997,4,2
935,H,H,0,0,,4
935,H,I,-8.098,0.1605,8,2
935,H,K,-7.838,2.215,9,2
935,H,L,-4.035,0.746,5,2
935,H,M,-4.712,0.06788,4,2
935,H,N,-5.053,1.097,9,4
935,H,P,-4.802,0.8033,6,2
935,H,Q,-8.362,2.348,5.5,4
935,H,R,-6.497,2.543,6,2
935,H,S,-6.476,1.42,5,2
935,H,T,-6.705,2.886,5,2
935,H,V,-6.604,2.963,9,2
935,H,W,-0.173,0.5407,7,2
935,H,Y,-2.397,0.6159,6.5,4
936,I,-,-1.157,0.781,1.5,4
936,I,A,-7.998,0.03394,8,2
936,I,C,-9.584,0.06788,9,2
936,I,D,-9.345,0.5119,5,2
936,I,E,-8.934,0.4038,7,2
936,I,F,-7.022,1.67,6,2
936,I,G,-9.203,0.3486,4,2
936,I,H,-8.872,1.015,4,2
936,I,I,0,0,,4
936,I,K,-8.906,0.413,6,2
936,I,L,-6.893,0.396,8,2
936,I,M,-5.508,1.652,2.5,4
936,I,N,-9.261,0.2029,12,2
936,I,P,-6.196,0.7467,7,2
936,I,Q,-8.663,1.155,6,2
936,I,R,-9.39,0.05091,9,2
936,I,S,-8.796,0.2751,14,2
936,I,T,-9.001,0.9263,9,2
936,I,V,-1.407,2.475,6.5,4
936,I,W,-9.562,0.01768,7,2
936,I,Y,-7.184,0.6286,4,2
937,V,-,-1.377,0.5868,3,2
937,V,A,-4.133,2.951,6,4
937,V,C,-9.341,0.1287,9,2
937,V,D,-8.905,1.119,8,2
937,V,E,-8.9,0.799,8.5,2
937,V,F,-5.848,0.3041,14,2
937,V,G,-8.874,0.9192,5,2
937,V,H,-8.061,1.265,10,2
937,V,I,-1.066,0.9028,9,2
937,V,K,-4.692,0.7304,4,2
937,V,L,-3.564,0.701,6.5,4
937,V,M,-1.45,0.08712,15.5,4
937,V,N,-6.592,0.0799,6,2
937,V,P,-8.253,0.3076,4,2
937,V,Q,-6.472,2.456,3,2
937,V,R,-2.974,0.03323,5,2
937,V,S,-4.105,0.08627,8,2
937,V,T,-1.875,0.7177,10,2
937,V,V,0,0,,4
937,V,W,-9.269,0.1782,5,2
937,V,Y,-6.655,1.415,4,2
938,N,-,-4.149,3.141,1,2
938,N,A,-2.234,0.4391,6,2
938,N,C,-9.492,0.2602,14.5,2
938,N,D,-2.226,0.7428,7,4
938,N,E,-0.1009,0.2904,1,2
938,N,F,-3.167,0.006364,10.5,2
938,N,G,-3.096,0.1945,4,2
938,N,H,-1.146,0.1669,13,2
938,N,I,-4.674,0.1237,6,2
938,N,K,-5.659,1.045,18,4
938,N,L,-2.358,0.1358,10,2
938,N,M,-0.7638,0.02496,6,2
938,N,N,0,0,,4
938,N,P,-1.916,0.2927,11,2
938,N,Q,-0.7826,0.06718,11,2
938,N,R,-5.665,0.1831,4,2
938,N,S,-1.017,0.9905,4.5,4
938,N,T,-0.8889,0.2788,8,2
938,N,V,-4.801,1.519,6,2
938,N,W,-8.029,2.022,5,2
938,N,Y,-6.772,1.09,5.5,4
939,Y,*,-9.319,0.4996,4,4
939,Y,-,-9.312,0.2786,4,2
939,Y,A,-3.079,0.157,5,2
939,Y,C,-5.78,4.375,7,4
939,Y,D,-9.164,0.14,12,2
939,Y,E,-8.507,0.7029,13,2
939,Y,F,-0.9267,0.07941,7,2
939,Y,G,-5.424,1.617,4,2
939,Y,H,0.4856,0.2897,8.5,4
939,Y,I,-6.212,2.836,6,2
939,Y,K,-3.436,0.5353,7,2
939,Y,L,-4.71,0.5084,5,2
939,Y,M,-3.047,0.314,12,2
939,Y,N,-2.628,0.1867,10,2
939,Y,P,-9.61,0.4943,10,2
939,Y,Q,-2.367,0.03606,6,2
939,Y,R,-1.443,0.461,11,2
939,Y,S,-1.522,0.5501,8,2
939,Y,T,-9.174,0.1365,12,2
939,Y,V,-5.976,0.9779,12,2
939,Y,W,-0.5154,0.2691,9,2
939,Y,Y,0,0,,4
940,P,-,-3.012,0.2814,3,2
940,P,A,-4.598,0.04384,12,2
940,P,C,-9.684,0.1068,14,2
940,P,D,-9.246,0.04384,8,2
940,P,F,-4.521,0.7474,8,2
940,P,G,-7.745,0.3083,8,2
940,P,H,-2.022,0.654,10,4
940,P,I,-1.872,0.7198,8,2
940,P,K,-1.132,0.2008,7,2
940,P,L,-1.912,0.5833,13,4
940,P,M,-1.301,0.3536,6,2
940,P,N,-8.444,0.8082,5,2
940,P,P,0,0,,4
940,P,Q,0.3629,0.5871,7,2
940,P,R,0.4026,0.183,11,2
940,P,S,-5.663,2.053,15,4
940,P,T,-8.72,0.3609,6,4
940,P,V,-1.874,0.2093,7,2
940,P,W,-9.227,0.06364,16,2
940,P,Y,-5.279,1.889,8,2
941,A,-,-2.113,3.927,1,2
941,A,A,0,0,,4
941,A,C,-8.817,0.04596,9,2
941,A,D,-7.332,1.686,11,4
941,A,E,-9.256,0.02758,8,2
941,A,F,-1.012,0.06074,12,2
941,A,G,-0.4989,0.05155,6,2
941,A,H,0.3776,0.286,7,2
941,A,I,-0.2373,0.05968,11,2
941,A,K,-1.297,0.06152,8,2
941,A,L,0.2817,0.4553,7,2
941,A,M,-0.7524,0.5057,6,2
941,A,N,-2.57,1.395,8,2
941,A,P,-2.021,0.3222,3.5,4
941,A,Q,-0.4774,0.2669,6,2
941,A,R,-0.7567,0.2343,9.5,2
941,A,S,0.1656,0.5569,12,4
941,A,T,0.3733,0.1957,31,4
941,A,V,0.1933,0.5169,11,4
941,A,W,0.1582,0.1551,8,2
941,A,Y,0.3077,0.1277,6,2
942,S,-,0.2478,0.7417,1,2
942,S,A,-0.7347,0.01874,14,2
942,S,C,-8.956,0.01768,11,2
942,S,D,-4.795,0.2991,10,2
942,S,E,-6.047,0.05657,10,2
942,S,F,-0.3448,0.1241,10,2
942,S,G,-2.2,1.381,6.5,4
942,S,H,0.5053,0.0758,5,2
942,S,I,0.1899,0.9591,5,4
942,S,K,-0.1237,0.1407,9,2
942,S,L,-0.5436,0.2165,11,2
942,S,M,0.5559,0.0379,7,2
942,S,N,-9.337,1.687,19.5,4
942,S,P,-1.704,0.3246,7,2
942,S,Q,-0.3397,0.4412,6,2
942,S,R,-0.1423,0.4801,7,4
942,S,S,0,0,,4
942,S,T,-0.02805,0.1882,11,2
942,S,V,-0.4598,0.3414,14,2
942,S,W,-0.0426,0.3062,12,2
942,S,Y,-0.06475,0.4153,9.5,2
943,H,-,0.8625,0.02319,1,2
943,H,A,-1.296,0.09405,12,2
943,H,C,-9.447,0.4681,8,2
943,H,D,-5.899,3.154,5.5,4
943,H,E,-8.271,1.573,9,2
943,H,F,-0.7705,0.3472,13,2
943,H,G,-3.577,0.2977,10.5,2
943,H,H,0,0,,4
943,H,I,-1.385,0.1181,9,2
943,H,K,-2.447,0.3246,7,2
943,H,L,-1.871,0.589,7,2
943,H,M,-2.558,0.2659,8,2
943,H,N,-7.347,2.667,7,4
943,H,P,-5.896,0.8195,13,2
943,H,Q,-0.4861,1.176,8,4
943,H,R,-1.78,2.299,5,4
943,H,S,-2.212,0.7311,9,2
943,H,T,-1.899,0.08768,12,2
943,H,V,-1.329,0.1782,7,2
943,H,W,-1.206,0.07707,4,2
943,H,Y,0.1781,0.4786,6,4
944,T,-,-0.2706,2.419,3.5,4
944,T,A,-0.3371,0.6372,6.5,4
944,T,C,-7.825,1.848,9,2
944,T,D,-1.465,0.1032,12,2
944,T,E,-0.6815,0.2283,7,2
944,T,F,-0.2365,0.06576,13,2
944,T,G,0.6199,0.1962,6,2
944,T,H,-0.3659,0.1754,11,2
944,T,I,-1.648,0.647,8,4
944,T,K,-0.2763,1.09,6,4
944,T,L,0.214,0.07658,13,2
944,T,M,-0.09307,0.007078,5,2
944,T,N,-0.1965,0.03528,12,2
944,T,P,-0.5161,0.1601,19,2
944,T,Q,0.2753,0.291,22,2
944,T,R,0.06605,0.5422,5.5,4
944,T,S,-0.2055,0.06322,11,2
944,T,T,0,0,,4
944,T,V,-0.0828,0.1946,10,2
944,T,W,-0.3936,0.2056,12,2
944,T,Y,0.4781,0.3251,9,2
945,T,A,-0.2426,0.1407,14,2
945,T,C,-9.21,0.5763,9,2
945,T,D,-0.1512,0.1074,7,2
945,T,E,-0.9235,0.2708,8,2
945,T,F,0.1093,0.04484,10,2
945,T,G,-0.1861,0.1148,7,2
945,T,H,-0.09198,0.1928,8,2
945,T,I,0.3185,0.2101,9,4
945,T,K,0.0526,0.9945,9,4
945,T,L,-0.3704,0.563,11,2
945,T,M,-0.6075,0.02835,15,2
945,T,N,-5.795,4.919,2.5,2
945,T,P,0.2386,0.4297,8,2
945,T,Q,-0.2664,0.4775,6,2
945,T,R,-0.0119,0.3578,11,2
945,T,S,0.11,0.2063,5,4
945,T,T,0,0,,4
945,T,V,-0.2949,0.2669,10,2
945,T,W,0.2424,0.1389,6,2
945,T,Y,0.5657,0.006576,11,2
946,L,A,-0.4823,0.6325,10,2
946,L,C,-8.214,0.4808,9,2
946,L,D,-0.9225,0.4038,6,2
946,L,E,0.0106,1.185,3,2
946,L,F,0.2563,0.2805,12,2
946,L,G,-0.6235,0.1813,8,2
946,L,H,-0.3645,0.1624,11,2
946,L,I,0.7262,0.2613,7,2
946,L,K,-1.059,0.3483,9,2
946,L,L,0,0,,4
946,L,M,-0.1472,0.2383,10.5,4
946,L,N,-1.321,0.01344,4,2
946,L,P,-0.129,3.494,5.5,4
946,L,Q,-0.09061,0.2303,4.5,4
946,L,R,-1.266,0.7871,5,2
946,L,S,-0.03857,0.02966,7,2
946,L,T,-0.4441,0.213,9,2
946,L,V,-0.3401,0.1283,7,2
946,L,W,-0.04525,0.2903,7.5,2
946,L,Y,0.2677,0.0297,9,2
947,G,-,-2.342,3.348,1,2
947,G,A,-1.129,0.1393,11,2
947,G,C,-5.141,4.403,9.5,4
947,G,D,-0.6919,0.3711,18,4
947,G,E,-0.2939,0.1555,12,2
947,G,F,-1.45,0.01838,5,2
947,G,G,0,0,,4
947,G,H,-1.359,0.2531,7,2
947,G,I,-4.534,0.05162,7,2
947,G,K,-1.634,0.2107,8,2
947,G,L,-1.702,0.3818,13,2
947,G,M,-0.5383,0.1943,4,2
947,G,N,-0.2441,0.4422,12,2
947,G,P,-0.03111,0.09486,8,2
947,G,Q,-1.027,0.1358,12,2
947,G,R,-1.586,0.1096,9,2
947,G,S,-0.7437,1.619,12.25,4
947,G,T,-1.508,1.005,8,2
947,G,V,-1.794,1.919,5.75,4
947,G,W,-2.219,0.5134,9,2
947,G,Y,-1.458,1.054,8,2
948,V,-,-0.8974,1.162,1,2
948,V,A,-0.01321,1.519,7,4
948,V,C,-8.937,0.4992,9,2
948,V,D,0.2382,0.2819,10,2
948,V,E,-0.02585,0.402,4,2
948,V,F,-0.2214,0.3067,7,2
948,V,G,0.1963,0.5033,2.75,4
948,V,H,-0.7778,0.2522,9,2
948,V,I,-0.5682,0.07863,7,2
948,V,K,-0.7277,0.08726,4,2
948,V,L,0.2188,0.355,7.75,4
948,V,M,-0.01396,0.2545,25.75,4
948,V,N,-0.2419,0.1705,5,2
948,V,P,-0.538,0.3643,7,2
948,V,Q,-1.125,0.8348,5.5,2
948,V,R,-0.05017,0.1918,10,2
948,V,S,0.6906,0.0705,5,2
948,V,T,0.5263,0.03444,2,2
948,V,V,0,0,,4
948,V,W,0.1271,0.1791,13,2
948,V,Y,0.4911,0.1213,5,2
949,Q,*,-8.915,0.5778,27,4
949,Q,-,-1.253,0.1923,1,2
949,Q,A,-0.6274,0.1829,10,2
949,Q,C,-8.575,0.4377,11,2
949,Q,D,-0.2555,0.2791,10,2
949,Q,E,0.2152,0.03748,14,2
949,Q,F,0.2666,0.122,11,2
949,Q,G,0.2042,0.1861,13,2
949,Q,H,-0.4093,0.1734,8,4
949,Q,I,0.2369,0.1255,3,2
949,Q,K,-2.598,3.948,10.5,4
949,Q,L,-0.4946,1.947,8,4
949,Q,M,0.7061,0.1363,4,2
949,Q,N,0.1325,0.1855,8,2
949,Q,P,-0.1656,0.0454,10,2
949,Q,Q,0,0,,4
949,Q,R,-0.1363,0.4837,11,4
949,Q,S,-0.27,0.4004,5,2
949,Q,T,0.1422,0.01994,12,2
949,Q,V,-0.6172,0.2667,9,2
949,Q,W,-0.5104,0.3958,7.5,2
949,Q,Y,-0.53,0.1946,13.5,2
950,D,A,-1.011,0.3041,9,2
950,D,C,-9.562,0.3536,7,2
950,D,D,0,0,,4
950,D,E,-0.05715,1.022,3,4
950,D,F,-3.353,0.04738,10,2
950,D,G,0.04947,0.1186,13,2
950,D,H,-1.098,0.5779,4.5,4
950,D,I,-5.574,0.6802,11.5,2
950,D,K,-0.8217,0.2875,10,2
950,D,L,-3.959,0.1103,9,2
950,D,M,-0.9292,0.1653,14,2
950,D,N,-0.2076,0.1233,68.25,4
950,D,P,-0.01575,0.2784,14,2
950,D,Q,-1.311,0.1867,10,2
950,D,R,-1.038,0.3193,7,2
950,D,S,-0.2522,0.1343,5,2
950,D,T,-0.69,0.01351,8,2
950,D,V,-3.973,0.63,13,2
950,D,W,-1.583,0.2765,8,2
950,D,Y,-2.256,0.2977,14,2
951,I,-,-2.212,0.002828,1,2
951,I,A,-0.6745,0.01245,14,2
951,I,C,-9.236,0.2234,9.5,2
951,I,D,-2.214,0.3111,6,2
951,I,E,-3.874,1.703,5,2
951,I,F,0.0024,0.2534,17,2
951,I,G,-2.841,1.636,3,2
951,I,H,-1.59,0.244,6,2
951,I,I,0,0,,4
951,I,K,-2.078,0.6548,4,2
951,I,L,-0.2625,0.08528,16,2
951,I,M,-0.9692,0.7763,6.5,4
951,I,N,-1.205,0.5002,11,2
951,I,P,-1.549,0.6718,6,2
951,I,Q,-2.272,0.7368,5,2
951,I,R,-1.248,0.1223,7.5,2
951,I,S,-1.088,0.2926,7,2
951,I,T,-1.337,0.1945,7,2
951,I,V,0.1937,2.446,7.5,4
951,I,W,-1.121,0.1879,5,2
951,I,Y,-0.1948,0.08393,8,2
952,S,-,-1.97,1.217,1,2
952,S,A,0.2632,0.1311,15,2
952,S,C,-8.091,0.355,13,2
952,S,D,-0.9346,0.7954,8,2
952,S,E,0.0104,0.02746,9,2
952,S,F,0.2329,0.005162,14,2
952,S,G,-0.02209,0.2197,24.25,4
952,S,H,-0.7085,0.425,5,2
952,S,I,-2.006,0.6369,12,4
952,S,K,-0.4311,0.1197,8,2
952,S,L,-1.744,0.0799,10.5,2
952,S,M,-1.035,0.3331,12,2
952,S,N,-0.584,0.2485,17.25,4
952,S,P,-0.7962,0.04893,12,2
952,S,Q,-0.1789,0.3129,8,2
952,S,R,-0.3014,0.1641,11.5,4
952,S,S,0,0,,4
952,S,T,0.09735,0.9945,6.25,4
952,S,V,-1.817,0.1294,8,2
952,S,W,0.652,0.02588,12,2
952,S,Y,0.3295,0.2383,7,2
953,V,-,-1.048,1.09,1,2
953,V,A,0.2542,0.6196,6,4
953,V,C,-7.567,2.186,8,2
953,V,D,-0.4193,0.06576,6,2
953,V,E,0.1635,0.2463,7,4
953,V,F,-1.011,0.7289,8,2
953,V,G,-0.7344,0.5665,4,2
953,V,H,-0.8861,0.1964,6,2
953,V,I,-0.8556,0.08309,4,2
953,V,K,-0.9831,0.4453,10,2
953,V,L,-0.1116,0.7226,9,4
953,V,M,-0.1115,0.2314,14,4
953,V,N,-1.195,0.01485,16,2
953,V,P,-2.599,1.282,7,2
953,V,Q,-0.3745,0.02496,12,2
953,V,R,0.0136,0.4896,6,2
953,V,S,-2.062,1.848,2,2
953,V,T,-0.1986,0.2938,10,2
953,V,V,0,0,,4
953,V,W,-0.7577,0.06435,4.5,2
953,V,Y,-0.08891,0.2116,8,2
954,T,-,-4.091,2.873,1,2
954,T,A,0.1126,0.246,7,4
954,T,C,-8.644,0.7509,11,2
954,T,D,-0.2197,0.01294,8,2
954,T,E,0.1751,0.01131,11,2
954,T,F,0.3307,0.252,11,2
954,T,G,0.09345,0.1562,9,2
954,T,H,0.2135,0.1727,6,2
954,T,I,0.3853,0.1639,16.5,4
954,T,K,0.2908,0.07517,7,2
954,T,L,0.4241,0.07177,9,2
954,T,M,0.3951,0.0186,11,2
954,T,N,-0.5611,0.3004,11,4
954,T,P,-1.691,0.145,13,2
954,T,Q,-0.6686,0.09192,8,2
954,T,R,-0.4703,0.0932,8,2
954,T,S,-0.4662,1.812,5.5,4
954,T,T,0,0,,4
954,T,V,0.4274,0.1106,8,2
954,T,W,-0.5395,0.1126,9,2
954,T,Y,0.5962,0.1143,3,2
955,A,-,-4.27,1.526,2,2
955,A,A,0,0,,4
955,A,C,-8.922,0.1082,4,2
955,A,D,-2.776,0.8185,13,4
955,A,E,-0.6282,0.2455,9.5,2
955,A,F,-0.8383,0.2162,9,2
955,A,G,-1.151,0.05586,8,2
955,A,H,-2.087,0.1485,8,2
955,A,I,-1.058,0.01697,8,2
955,A,K,-2.51,0.04172,7,2
955,A,L,-0.1303,0.02835,10.5,2
955,A,M,-0.0839,0.4824,12,2
955,A,N,-1.321,0.3642,4,2
955,A,P,-1.766,0.2369,9,2
955,A,Q,-1.992,0.1131,8,2
955,A,R,-6.279,0.09192,9,2
955,A,S,-0.8358,0.8753,9.5,4
955,A,T,-0.9018,0.312,35.25,4
955,A,V,-0.7055,0.1804,12,4
955,A,W,-3.077,0.08485,11,2
955,A,Y,-1.647,0.128,5,2
956,M,-,-1.062,0.8072,1,2
956,M,A,0.02565,0.5356,5,2
956,M,C,-5.348,0.8429,3,2
956,M,D,-0.5983,0.1428,10,2
956,M,E,-1.348,0.35,8,2
956,M,F,-0.1603,0.09483,8,2
956,M,G,-2.208,0.02758,13,2
956,M,H,-0.3402,0.1834,11,2
956,M,I,-0.4008,0.7549,36,4
956,M,K,0.2731,0.169,5.5,4
956,M,L,-1.408,0.8008,4,2
956,M,M,0,0,,4
956,M,N,-1.302,0.0792,6,2
956,M,P,-1.221,0.8491,7,2
956,M,Q,-0.5314,0.1514,7,2
956,M,R,0.01335,1.507,4,4
956,M,S,-0.4553,0.4039,4,2
956,M,T,0.1008,0.3726,11,2
956,M,V,-0.07365,0.3771,5,2
956,M,W,0.3337,0.1022,9,2
956,M,Y,-1.205,0.6355,8,2
957,S,A,0.5358,0.1105,8,2
957,S,C,-4.784,0.5934,8.5,4
957,S,D,-0.05445,0.2555,14,2
957,S,E,0.3287,0.03422,10,2
957,S,F,-1.406,0.4087,12,2
957,S,G,-0.7123,0.4258,9.5,4
957,S,H,0.4359,0.2891,11,2
957,S,I,-0.5797,1.28,6,4
957,S,K,0.632,0.1254,11,2
957,S,L,-0.0044,0.1701,8,2
957,S,M,0.21,0.2848,10,2
957,S,N,-0.4346,1.325,20.5,4
957,S,P,-0.7708,0.1151,7,2
957,S,Q,-0.05208,0.1552,6,2
957,S,R,0.6825,0.6728,13.5,4
957,S,S,0,0,,4
957,S,T,0.202,0.0927,5,2
957,S,V,-0.9783,0.298,12,2
957,S,W,0.1499,0.1676,11,2
957,S,Y,0.161,0.4628,11,2
958,W,*,-9.087,0.4329,46,4
958,W,A,-0.9785,0.001344,9,2
958,W,C,-5.887,0.652,16,2
958,W,D,-1.603,0.1761,9,2
958,W,E,-1.021,0.2013,11,2
958,W,F,0.05304,0.03758,12,2
958,W,G,-2.888,0.02333,7,2
958,W,H,-0.9234,0.07764,6,2
958,W,I,-0.7203,0.4847,6,2
958,W,K,-1.415,0.02192,6,2
958,W,L,-0.0824,0.5522,3.5,4
958,W,M,-0.6945,0.2271,6,2
958,W,N,-1.722,0.2164,8,2
958,W,P,-2.015,0.7785,9,2
958,W,Q,-1.376,0.4596,9.5,2
958,W,R,-2.433,0.7852,9,4
958,W,S,-2.598,3.616,3.5,4
958,W,T,-1.201,0.5996,4,2
958,W,V,-0.778,0.08429,16,2
958,W,W,0,0,,4
958,W,Y,0.1431,0.02991,6,2
959,V,A,0.04121,0.3994,5,4
959,V,C,-4.642,0.2475,16,2
959,V,D,-2.571,0.01556,12,2
959,V,E,-3.328,1.854,5,2
959,V,F,-1.039,0.3771,8,2
959,V,G,-0.8117,0.3016,5,2
959,V,H,-2.003,0.9447,6,2
959,V,I,0.04914,0.153,9,2
959,V,K,-1.45,0.2256,11,2
959,V,L,-1.679,1.828,6.5,4
959,V,M,-0.3818,0.3298,9.5,4
959,V,N,-2.242,0.1358,15,2
959,V,P,-1.113,0.2312,9,2
959,V,Q,-1.381,0.9335,7.5,2
959,V,R,-2.027,0.215,17.5,2
959,V,S,-1.219,0.193,11,2
959,V,T,-0.6798,0.2885,7,2
959,V,V,0,0,,4
959,V,W,-1.065,0.04667,15,2
959,V,Y,-1.739,0.1867,15,2
960,Q,*,-8.968,0.6828,20.75,4
960,Q,A,-0.3999,0.02616,12,2
960,Q,C,-7.228,0.326,7,2
960,Q,D,-1.242,0.9533,9,2
960,Q,E,-0.4069,0.4101,6,2
960,Q,F,0.023,0.4192,12,2
960,Q,G,-0.09035,0.5942,5,2
960,Q,H,-0.3245,0.08528,9,2
960,Q,I,-0.4045,0.06887,10,2
960,Q,K,0.3634,0.239,11.5,4
960,Q,L,0.0436,0.1253,9,2
960,Q,M,-1.741,0.5332,3,2
960,Q,N,-0.006385,0.04979,12,2
960,Q,P,0.1921,0.2423,10,2
960,Q,Q,0,0,,4
960,Q,R,0.00161,0.2043,9,4
960,Q,S,0.5616,0.07814,8,2
960,Q,T,0.2526,0.07849,13,2
960,Q,V,-0.2531,0.722,7,2
960,Q,W,-1.283,0.5109,13,2
960,Q,Y,0.1183,0.2417,13,2
961,K,-,-0.2082,0.009051,1,2
961,K,A,-0.8447,0.07425,10,2
961,K,C,-5.245,0.9942,9,2
961,K,D,-2.108,1.031,12,2
961,K,E,-0.6514,1.247,4.5,4
961,K,F,-1.045,0.1476,9,2
961,K,G,0.06016,0.0419,12,2
961,K,H,-0.2611,0.1224,7,2
961,K,I,-4.482,1.107,4,2
961,K,K,0,0,,4
961,K,L,-2.889,0.9617,6,2
961,K,M,-1.727,0.01909,4,2
961,K,N,-0.08916,0.2292,8,2
961,K,P,-0.2878,0.3773,10,2
961,K,Q,-1.575,0.03394,9,2
961,K,R,-0.3451,1.489,7,4
961,K,S,0.7002,0.01025,4,2
961,K,T,-0.8796,1.083,15,2
961,K,V,-1.337,0.5446,11,2
961,K,W,-1.031,0.1343,8,2
961,K,Y,-0.4634,0.4792,11,2
962,I,-,-4.654,3.726,2,2
962,I,A,0.05525,0.7563,6,2
962,I,C,-3.437,1.299,4,2
962,I,D,-9.324,0.04525,7,2
962,I,E,-7.476,2.816,7,2
962,I,F,-0.2581,0.03302,8,2
962,I,G,-3.053,0.2864,12,2
962,I,H,-3.748,0.5515,11,2
962,I,I,0,0,,4
962,I,K,-6.993,2.793,8,2
962,I,L,-0.8554,0.03741,11.5,2
962,I,M,0.00087,0.08152,5,2
962,I,N,-3.487,0.7927,5.75,4
962,I,P,-4.445,0.4045,5,2
962,I,Q,-4.634,1.437,9,2
962,I,R,-8.278,0.3246,9,2
962,I,S,-3.208,0.01414,9,2
962,I,T,-0.5913,1.647,6,4
962,I,V,-0.2998,0.127,9,2
962,I,W,0.5338,0.2674,1,2
962,I,Y,-1.788,0.05162,5,2
963,T,-,-3.138,0.5812,1,2
963,T,A,0.2971,0.3416,8,4
963,T,C,-0.9925,0.3768,12,2
963,T,D,-3.892,0.4313,11,2
963,T,E,-2.57,0.2687,7,2
963,T,F,0.5925,0.2413,3,2
963,T,G,0.5262,0.1993,12.5,2
963,T,H,-2.006,0.4547,13.5,2
963,T,I,-0.4244,0.4636,14,4
963,T,K,-1.712,0.4065,13,4
963,T,L,-0.7013,0.2971,11,2
963,T,M,-1.847,0.5819,5,2
963,T,N,-2.495,0.2128,7,2
963,T,P,-1.563,0.09687,6,2
963,T,Q,-2.795,0.2341,9.5,2
963,T,R,-1.919,1.485,5,2
963,T,S,-0.9943,0.2499,8,2
963,T,T,0,0,,4
963,T,V,-0.3912,0.03444,10,2
963,T,W,-1.88,1.809,10,2
963,T,Y,0.7379,0.105,9,2
964,G,-,0.3548,0.4479,1,2
964,G,A,-2.308,0.4349,12,2
964,G,C,-5.819,1.127,16.5,4
964,G,D,-7.63,1.137,21,4
964,G,E,-2.417,1.172,7,2
964,G,F,-1.106,0.2005,13,2
964,G,G,0,0,,4
964,G,H,-2.791,0.1655,7,2
964,G,I,-7.658,1.846,9,2
964,G,K,-1.728,0.1817,5,2
964,G,L,-6.16,3.137,6.5,2
964,G,M,-3.07,0.2835,6,2
964,G,N,-3.762,0.3734,11,2
964,G,P,-2.493,0.3635,7,2
964,G,Q,-2.33,0.00495,6,2
964,G,R,-2.651,0.09334,12,2
964,G,S,-0.931,0.7036,13,4
964,G,T,-2.139,0.2362,5,2
964,G,V,-1.285,1.971,6,4
964,G,W,-2.058,2.017,3,2
964,G,Y,-3.147,0.5848,10,2
965,G,*,-7.897,0.8934,4,4
965,G,-,0.626,0.3401,3,2
965,G,A,-1.035,0.3586,10,2
965,G,C,-1.118,0.3034,12,2
965,G,D,-3.87,0.84,9.5,2
965,G,E,-2.209,0.9278,25,4
965,G,F,-2.978,0.321,8,2
965,G,G,0,0,,4
965,G,H,-3.067,0.06788,8,2
965,G,I,-2.056,0.3415,7,2
965,G,K,-0.5209,0.08613,6,2
965,G,L,-1.97,0.2213,11,2
965,G,M,-2.683,0.49,8,2
965,G,N,-2.46,0.1301,9,2
965,G,P,-2.333,0.5791,15,2
965,G,Q,-1.111,0.4012,9,2
965,G,R,-0.8702,0.2398,35.5,4
965,G,S,0.1537,0.04221,7,2
965,G,T,-1.054,0.4286,5.5,2
965,G,V,-2.728,0.0007071,14,2
965,G,W,-2.001,0.5735,10,2
965,G,Y,-0.6323,0.1242,11,2
966,V,-,-0.9691,0.5626,2,2
966,V,A,-1.427,1.622,4.5,4
966,V,C,-3.115,0.7262,6,2
966,V,D,-7.812,2.038,9,2
966,V,E,-6.341,2.811,7,2
966,V,F,-0.00595,0.06109,20,2
966,V,G,-1.648,0.01626,4,2
966,V,H,-2.591,0.7432,9,2
966,V,I,-0.6878,0.2178,8,4
966,V,K,-3.271,0.7191,7,2
966,V,L,-1.68,0.3274,6,2
966,V,M,0.0349,0.3889,3,2
966,V,N,-6.815,2.323,5,2
966,V,P,-2.425,0.08061,10,2
966,V,Q,-4.217,0.932,5,2
966,V,R,-4.386,0.7007,7,2
966,V,S,-1.382,0.2022,8,2
966,V,T,-0.201,0.1119,6,2
966,V,V,0,0,,4
966,V,W,-1.344,0.4554,9,2
966,V,Y,-1.625,0.04596,7,2
967,G,*,-8.509,4.135,4,4
967,G,-,-3.574,3.817,2,2
967,G,A,-1.093,0.07071,9,2
967,G,C,-1.817,0.5226,7,2
967,G,D,-9.885,0.02828,10,2
967,G,E,-7.488,1.002,21.75,4
967,G,F,-0.4287,0.4248,9,2
967,G,G,0,0,,4
967,G,H,-4.434,0.5805,5,2
967,G,I,0.2251,0.4773,7,2
967,G,K,-4.41,0.9122,8,2
967,G,L,-1.593,0.5233,13,2
967,G,M,-1.632,0.2355,7,2
967,G,N,-8.788,0.8153,9,2
967,G,P,-2.05,0.09405,7,2
967,G,Q,-6.005,0.04313,8,2
967,G,R,-7.702,1.04,56.75,4
967,G,S,-1.568,0.1301,4,2
967,G,T,-3.143,0.6244,7,2
967,G,V,-0.334,0.4055,9,4
967,G,W,-2.571,0.4193,5,2
967,G,Y,-1.938,0.3543,8,2
968,L,-,-2.327,2.225,2,2
968,L,A,0.4094,0.1061,5,2
968,L,C,-0.1691,0.1722,6,2
968,L,D,-8.505,1.19,6,2
968,L,E,-8.841,0.9991,5,2
968,L,F,0.2797,0.4831,4,2
968,L,G,0.5424,0.03302,7,2
968,L,H,-4.216,1.029,5.5,2
968,L,I,0.0564,0.2506,7,2
968,L,K,-1.365,0.1471,1,2
968,L,L,0,0,,4
968,L,M,-1.132,1.579,8.5,4
968,L,N,-2.964,0.9079,6,2
968,L,P,-2.005,0.1032,13,2
968,L,Q,-2.563,2.729,9,4
968,L,R,-3.725,0.2546,6,2
968,L,S,0.0929,0.3403,6,2
968,L,T,0.5501,0.05006,6,2
968,L,V,-0.2653,0.08125,14,2
968,L,W,-0.9834,0.36,3,2
968,L,Y,-0.6361,0.05926,8,2
969,V,-,-2.018,1.503,3,2
969,V,A,-0.9394,0.235,3.5,4
969,V,C,0.4377,0.297,4,2
969,V,D,-5.586,1.393,3,2
969,V,E,-5.399,1.097,5,2
969,V,F,0.7766,0.007354,5,2
969,V,G,-0.2343,0.3707,4,2
969,V,H,-4.399,0.9256,5,2
969,V,I,0.2741,0.2415,5,2
969,V,K,-4.236,0.8202,5,2
969,V,L,-0.1191,0.2138,6,4
969,V,M,0.442,0.2091,12,4
969,V,N,-3.857,0.07354,6,2
969,V,P,-1.997,0.2093,3,2
969,V,Q,-3.342,0.8061,2,2
969,V,R,-6.233,2.633,2,2
969,V,S,-0.8349,0.1065,5,2
969,V,T,-3.016,2.364,3,2
969,V,V,0,0,,4
969,V,W,-1.488,0.1838,8,2
969,V,Y,-0.848,0.4384,4,2
970,V,A,0.1026,0.6051,1,4
970,V,C,-1.021,0.8753,3,2
970,V,E,-1.485,2.42,1.5,4
970,V,F,0.4694,0.021,7,2
970,V,G,-1.162,0.8191,2,4
970,V,H,-0.2837,0.3401,1,2
970,V,I,0.423,0.03026,8,2
970,V,K,-7.102,2.362,5,2
970,V,L,0.4824,0.4564,3,4
970,V,M,-0.4622,0.3918,8,4
970,V,N,-6.891,1.047,4,2
970,V,P,-2.027,0.1683,4,2
970,V,Q,-5.013,1.569,3,2
970,V,R,-6.733,1.624,2,2
970,V,S,-1.538,0.4455,9,2
970,V,T,-0.6241,0.2517,6,2
970,V,V,0,0,,4
970,V,W,-0.6045,0.6937,6,2
970,V,Y,-2.086,0.9178,7,2
971,A,A,0,0,,4
971,A,C,-1.075,0.01061,6,2
971,A,D,-9.581,0.3012,5,2
971,A,E,-6.523,1.885,6,4
971,A,F,0.6025,0.01747,8,2
971,A,G,-0.1579,0.1976,8,2
971,A,H,-9.173,0.01556,5,2
971,A,I,0.2035,0.5158,6,2
971,A,K,-7.761,2.391,4,2
971,A,L,-0.3448,0.0845,11,2
971,A,M,-1.236,0.1619,4.5,2
971,A,N,-7,0.5077,6,2
971,A,P,-2.441,1.126,7,2
971,A,Q,-9.174,0.1011,2,2
971,A,R,-9.377,0.9369,7,2
971,A,S,0.6928,0.4424,4,4
971,A,T,-0.108,0.2615,52.25,4
971,A,V,-0.4347,0.2872,13,4
971,A,W,-1.432,0.2079,3,2
971,A,Y,-1.897,0.2722,6,2
972,V,A,-0.1355,0.6522,3.25,4
972,V,C,0.2134,0.06322,6,2
972,V,D,-8.119,1.807,5,2
972,V,E,-2.264,4.827,2,4
972,V,F,-0.01128,0.01874,1,2
972,V,G,0.1713,0.0432,6,2
972,V,H,-0.5867,1.296,1.5,2
972,V,I,0.5458,0.04391,2,2
972,V,K,-7.117,3.682,5.5,2
972,V,L,0.07352,0.4614,2.5,4
972,V,M,0.3738,2.011,7.75,4
972,V,N,-2.24,0.3896,6,2
972,V,P,-0.9942,0.4848,7,2
972,V,Q,-2.009,0.8712,5,2
972,V,R,-8.788,0.5798,4,2
972,V,S,-1.062,0.3433,4,2
972,V,T,0.3339,0.2852,8,2
972,V,V,0,0,,4
972,V,W,-0.8388,0.2831,4,2
972,V,Y,-0.7368,0.07106,6,2
973,A,A,0,0,,4
973,A,C,0.2434,0.1153,2,2
973,A,D,-5.816,0.6756,6.25,4
973,A,E,-3.018,0.1329,6,2
973,A,F,-0.7324,0.2219,5,2
973,A,G,-0.001365,0.1092,7,2
973,A,H,-1.288,0.03465,5,2
973,A,I,-1.704,0.07,5,2
973,A,K,-8.048,0.5148,6,2
973,A,L,-2.115,1.303,3,2
973,A,M,-0.6064,1.341,2,2
973,A,N,-0.3018,0.7695,2,2
973,A,P,0.7958,0.01584,5,2
973,A,Q,-3.241,0.7297,3,2
973,A,R,-4.898,6.307,3,2
973,A,S,-0.7454,1.23,4.5,4
973,A,T,-0.5768,0.7388,16.75,4
973,A,V,-0.5038,0.8302,15.75,4
973,A,W,-0.9343,0.2923,3,2
973,A,Y,0.08122,0.04721,4,2
974,A,A,0,0,,4
974,A,C,-0.7009,0.1947,3,2
974,A,D,-4.935,3.706,6.5,4
974,A,E,-7.848,2.027,3,2
974,A,F,0.1832,0.4946,4.5,2
974,A,G,-1.259,0.07212,5,2
974,A,H,-6.381,0.891,6,2
974,A,I,-1.276,0.6738,2,2
974,A,K,-8.427,0.6003,3.5,2
974,A,L,-0.6478,0.00396,4,2
974,A,M,-0.6582,0.5273,5,2
974,A,N,-8.176,2.203,4,2
974,A,P,-2.29,0.1556,8,2
974,A,Q,-4.56,0.9489,2,2
974,A,R,-8.744,0.7382,7,2
974,A,S,-0.2296,0.7146,4,4
974,A,T,-0.5982,0.1595,28,4
974,A,V,0.0456,0.351,9,4
974,A,W,0.0878,0.2908,4.5,2
974,A,Y,0.3269,0.4028,7,2
975,L,-,-1.841,2.002,2,4
975,L,A,-1.265,0.02546,3,2
975,L,C,0.1952,0.1121,6,2
975,L,D,-5.449,1.029,2,2
975,L,E,-2.889,0.2397,5,2
975,L,F,-0.466,0.1556,4,2
975,L,G,-3.277,2.221,1,2
975,L,H,-3.894,0.1534,3,2
975,L,I,0.4875,0.3237,7,2
975,L,K,-8.319,0.5742,5,2
975,L,L,0,0,,4
975,L,M,0.03175,0.1839,6.5,4
975,L,P,-1.648,0.4601,8,4
975,L,Q,-1.566,0.4441,6,2
975,L,R,-8.623,1.194,3,4
975,L,S,-0.6819,0.5531,9,2
975,L,T,-0.0393,0.1987,3.5,2
975,L,V,0.254,0.1025,5,2
975,L,W,-0.2927,0.9926,5,2
975,L,Y,-2.275,0.6817,3,2
976,I,-,-0.3032,0.4588,2,4
976,I,A,0.06135,0.6352,5,2
976,I,C,0.0378,0.2517,6,2
976,I,D,-9.267,0.0007071,8,2
976,I,E,-5.154,3.554,4,2
976,I,F,-1.432,0.7736,2,2
976,I,G,-1.046,0.3732,7,2
976,I,H,-1.887,0.2249,4,2
976,I,I,0,0,,4
976,I,K,-0.6951,0.5315,1,2
976,I,L,-0.3243,0.61,6,2
976,I,M,-3.254,1.629,4,2
976,I,N,-0.5074,3.065,4.25,4
976,I,P,-0.2075,1.416,5,2
976,I,Q,-0.0987,0.9185,3,2
976,I,R,0.2163,0.008273,1,2
976,I,S,-0.3059,0.2446,3,2
976,I,T,0.3594,0.2194,3.5,4
976,I,V,0.07295,0.1338,5.5,4
976,I,W,0.00425,0.3055,2,2
976,I,Y,-0.378,0.2519,5,2
977,L,A,-1.333,0.0997,3,2
977,L,C,-0.3772,0.06633,2,2
977,L,D,-1.751,0.1089,6,2
977,L,E,0.2176,0.2237,3,2
977,L,F,0.1978,0.1386,7,2
977,L,G,-1.511,1.048,1.5,2
977,L,H,-0.2414,0.04497,3,2
977,L,I,-0.7016,0.1653,4,2
977,L,K,-2.553,0.2432,6,2
977,L,L,0,0,,4
977,L,M,0.18,0.3476,4,4
977,L,N,-0.7102,0.605,4,2
977,L,P,-0.4118,1.061,5.5,4
977,L,Q,-1.625,0.2284,1,2
977,L,R,-3.582,0.4561,3,2
977,L,S,-0.2672,1.62,3,2
977,L,T,-0.7797,0.02333,5,2
977,L,V,-0.2319,0.2417,2,2
977,L,W,-0.5314,1.097,5,2
977,L,Y,0.5432,0.2227,4,2
978,I,A,-1.285,0.6227,3,2
978,I,C,-0.5918,0.6691,4,2
978,I,D,-8.925,0.1633,1.5,2
978,I,E,-8.02,0.8089,4,2
978,I,F,0.1872,0.275,1,4
978,I,G,-3.342,4.214,4,2
978,I,H,-2.546,0.2864,7,2
978,I,I,0,0,,4
978,I,K,-5.458,4.156,3,2
978,I,L,-0.5314,0.09998,6,2
978,I,M,-0.6506,0.6667,5,2
978,I,N,-2.855,0.4243,7,2
978,I,P,0.3619,0.1834,3,2
978,I,Q,-4.014,0.1308,7,2
978,I,R,-7.362,1.949,4,2
978,I,S,-2.493,0.7092,4,2
978,I,T,-2.965,1.57,3.5,4
978,I,V,-0.5218,0.151,4.75,4
978,I,W,-1.203,0.314,4,2
978,I,Y,-1.337,0.181,2,2
979,V,A,-0.1835,0.3988,7,4
979,V,C,0.0537,0.4469,7,2
979,V,D,-3.271,0.3854,6,2
979,V,E,-1.859,3.356,2,2
979,V,F,-0.1784,0.6286,9,4
979,V,G,-1.501,1.522,3,4
979,V,H,-1.521,0.3267,4,2
979,V,I,0.0604,0.2072,15.5,4
979,V,K,-3.862,0.449,6,2
979,V,L,-0.3723,0.6794,2,2
979,V,M,-0.9134,1.182,6,2
979,V,N,-2.616,0.03536,2,2
979,V,P,-0.624,0.4253,3,2
979,V,Q,-1.811,0.5784,5,2
979,V,R,-2.522,0.3592,5,2
979,V,S,0.4315,0.1189,3,2
979,V,T,-0.4191,0.4923,2,2
979,V,V,0,0,,4
979,V,W,-2.042,0.07212,2,2
979,V,Y,-0.2495,0.7422,3,2
980,V,A,-0.4549,0.1135,4.5,4
980,V,C,-0.9675,0.05862,8,2
980,V,D,-3.429,0.03606,4,2
980,V,E,-1.845,0.3875,4,2
980,V,F,-2.126,0.8132,3,2
980,V,G,-1.607,0.01202,5,2
980,V,H,-2.579,0.5098,5,2
980,V,I,-1.944,0.4561,7,2
980,V,K,-0.3657,0.199,2,2
980,V,L,-1.057,1.08,3,4
980,V,M,-1.255,0.6164,8.5,4
980,V,N,-3.258,0.1308,2,2
980,V,P,-0.3538,0.1827,2,2
980,V,Q,-0.3947,0.306,3,2
980,V,R,-4.787,1.279,6.5,2
980,V,S,0.4304,0.1596,2,2
980,V,T,0.3608,0.161,5,2
980,V,V,0,0,,4
980,V,W,-5.572,1.172,3,2
980,V,Y,-4.756,1.228,2,2
981,L,-,0.206,0.3805,1,2
981,L,A,-1.268,0.9982,5,2
981,L,C,-0.2978,0.2243,3,2
981,L,D,-2.997,0.4575,3,2
981,L,E,-1.833,1.885,2,2
981,L,F,-0.02695,0.5157,3,2
981,L,G,-0.4105,0.1554,6,2
981,L,H,-3.511,4.187,2,2
981,L,I,0.1582,0.4902,3,2
981,L,K,-0.9588,0.4656,2,2
981,L,L,0,0,,4
981,L,M,-0.1658,0.5223,5,4
981,L,N,0.7193,0.03521,8,2
981,L,P,-0.4309,0.5657,4.25,4
981,L,Q,0.3322,0.2306,7,2
981,L,R,0.2951,0.1454,5,2
981,L,S,0.08077,0.0209,3,2
981,L,T,0.2495,0.2743,7,2
981,L,V,0.6292,0.1416,2,4
981,L,W,0.1842,0.8241,4,2
981,L,Y,0.6564,0.03868,3,2
982,C,*,-8.634,0.5922,7.5,4
982,C,-,0.5305,1.233,1,4
982,C,A,-1.038,0.6804,6,2
982,C,C,0,0,,4
982,C,D,-5.99,0.1379,5,2
982,C,E,-5.698,1.561,5,2
982,C,F,-0.691,0.6025,13,2
982,C,G,-0.2663,0.1162,9,2
982,C,H,-2.328,0.6279,3,2
982,C,I,-1.562,0.7538,4.5,2
982,C,K,-0.6468,1.399,1,2
982,C,L,-0.5691,0.3005,7,2
982,C,M,-1.215,0.1789,5,2
982,C,N,-3.686,1.261,5,2
982,C,P,-1.623,0.4193,5,2
982,C,Q,-1.068,0.1894,5,2
982,C,R,-1.794,0.6686,5.5,4
982,C,S,-0.105,0.05347,8,2
982,C,T,-2.911,0.2249,3,2
982,C,V,-0.759,0.01888,6,2
982,C,W,-2.191,1.951,3.5,4
982,C,Y,-1.497,0.7478,9.5,4
983,V,-,0.05342,0.1852,1,2
983,V,A,-0.05738,0.1706,10,2
983,V,C,-0.3321,0.1834,4,2
983,V,D,-1.243,0.2828,3,2
983,V,E,-1.434,1.295,6,4
983,V,F,0.0767,0.1991,8,2
983,V,G,0.2716,0.1336,5,2
983,V,H,0.4386,0.1535,6,2
983,V,I,-0.3892,0.2673,5,2
983,V,K,0.07174,0.1854,5,2
983,V,L,0.1064,0.4011,8.5,2
983,V,M,0.1677,0.186,14.5,4
983,V,N,-0.01562,0.1575,2,2
983,V,P,-2.185,0.6576,3,2
983,V,Q,0.7059,0.1011,7,2
983,V,R,-2.288,1.752,1,2
983,V,S,-0.3847,0.151,4,2
983,V,T,-0.4355,0.4651,4,2
983,V,V,0,0,,4
983,V,W,0.6503,0.07064,3,2
983,V,Y,-2.818,,1,1
984,S,A,0.491,0.2345,8,2
984,S,C,-1.257,0.9396,2,2
984,S,D,0.7714,0.03613,2,2
984,S,E,-0.9108,0.02086,3,2
984,S,F,-1.195,0.8682,5.5,4
984,S,G,0.2324,0.08832,5,2
984,S,H,-1.098,0.09475,3,2
984,S,I,-0.5667,0.301,4,2
984,S,K,-1.368,0.3613,3,2
984,S,L,-1.453,0.3352,3,2
984,S,M,-0.6241,0.7253,1.5,2
984,S,N,0.8035,0.01952,4,2
984,S,P,0.4379,0.1591,10.5,4
984,S,Q,-0.3188,0.1344,6,2
984,S,R,-0.5088,0.2338,5,2
984,S,S,0,0,,4
984,S,T,-0.305,2.158,4,4
984,S,V,-0.6786,0.02369,5,2
984,S,W,0.4442,0.4627,8,2
984,S,Y,-0.4942,0.9306,3.5,4
985,F,A,0.3971,0.08047,4,2
985,F,C,0.2542,0.1615,7,2
985,F,D,-0.804,0.3677,3,2
985,F,E,-1.044,0.3429,5,2
985,F,F,0,0,,4
985,F,G,0.368,0.1476,10,2
985,F,H,0.6155,0.03507,4,2
985,F,I,-0.5321,0.2621,7,4
985,F,K,0.3821,0.0002828,3.5,2
985,F,L,-0.3893,0.575,12,4
985,F,M,-0.4654,0.5565,7,2
985,F,N,0.7699,0.01577,2,2
985,F,P,-0.872,0.02086,4,2
985,F,Q,0.4744,0.2927,7,2
985,F,R,-0.9958,0.2294,1,2
985,F,S,0.7013,0.1431,11.5,4
985,F,T,0.3558,0.08733,10.5,2
985,F,V,-0.03689,0.4282,6,4
985,F,W,-0.2336,0.6174,3,2
985,F,Y,-0.9074,0.2172,2,2
986,S,-,-0.7719,0.4129,1.5,4
986,S,A,-0.2128,0.8665,6,2
986,S,C,-1.559,1.284,3,2
986,S,D,-0.04135,0.2833,2,2
986,S,E,-0.2334,0.05303,5,2
986,S,F,0.03805,0.2412,2,2
986,S,G,0.7734,0.2252,5.5,4
986,S,H,0.09734,0.1745,3.5,2
986,S,I,0.1802,0.2234,3,4
986,S,K,0.417,0.09171,4,2
986,S,L,0.2558,0.1131,3,2
986,S,M,0.2949,0.7048,5,2
986,S,N,0.6791,0.7324,7,4
986,S,P,-0.4453,0.6685,7,2
986,S,Q,0.8331,0.04165,6,2
986,S,R,-0.1915,0.3076,13,4
986,S,S,0,0,,4
986,S,T,-0.2748,0.2366,8,2
986,S,V,-0.3165,0.01831,10,2
986,S,W,-0.861,0.6363,2,2
986,S,Y,-1.054,0.2202,3,2
987,R,-,0.2141,0.2337,1,2
987,R,A,-1.143,0.5697,5,2
987,R,C,-0.9651,1.131,1,2
987,R,D,-0.2889,0.2604,5,2
987,R,E,-0.9491,0.1201,4,2
987,R,F,-1.71,0.285,10,2
987,R,G,-0.442,0.1003,3,2
987,R,H,-4.002,2.881,2,2
987,R,I,-1.423,0.1047,10,2
987,R,K,0.4027,0.1219,8,2
987,R,L,-1.075,0.8193,12.5,2
987,R,M,-1.323,0.01414,5,2
987,R,N,0.8153,0.02362,4,2
987,R,P,-3.406,0.1909,3.5,2
987,R,Q,-0.484,0.7077,14,4
987,R,R,0,0,,4
987,R,S,-0.6978,0.3439,7,2
987,R,T,-1.38,0.3437,6,2
987,R,V,-3.832,0.3917,3,2
987,R,W,-1.213,0.4655,8.75,4
987,R,Y,-0.1565,0.04773,5,2
988,H,-,0.2417,0.2269,1,2
988,H,A,-0.3429,1.378,2,2
988,H,C,-0.3012,0.1607,6,2
988,H,D,-0.5314,0.04921,3,2
988,H,E,-0.734,0.5854,5,2
988,H,F,-1.284,0.1025,7,2
988,H,G,-0.1289,0.151,7,2
988,H,H,0,0,,4
988,H,I,-1.081,0.484,4,2
988,H,K,-0.07218,0.1635,2,4
988,H,L,-1.174,0.4158,12,2
988,H,M,0.205,0.1751,3,2
988,H,N,-0.07215,0.2789,11,4
988,H,P,-0.5091,0.1037,6,2
988,H,Q,-0.6942,0.878,5.5,4
988,H,R,0.2344,0.1654,3.5,4
988,H,S,0.2655,0.3423,4.5,2
988,H,T,-1.403,0.4561,4,2
988,H,V,-2.451,2.651,2,2
988,H,W,-0.2124,0.0659,4,2
988,H,Y,-0.2735,0.2049,12.5,4
989,*,*,0,0,,4
989,*,K,-1.7,2.337,1.5,4
989,*,Q,-0.9299,0.7843,3,4
989,*,W,-0.1671,0.1283,1.5,4
989,*,Y,-2.752,2.292,3,4
