# Omega fit to each site after fixing tree and all other parameters.
# Fits compared to null model of omega = 1.
# P-values NOT corrected for multiple testing, so consider Q-values too.
# Q-values computed separately for omega > and < 1 # Will fit different synonymous rate for each site.
#
site	omega	P	dLnL	Q
984	0.000	6.36e-13	25.867	6.27e-10
699	0.031	2.09e-07	13.474	0.000103
721	0.000	7.39e-07	12.256	0.000182
114	0.000	5.63e-07	12.518	0.000182
205	0.000	1.22e-06	11.771	0.000201
27	0.000	1.12e-06	11.852	0.000201
499	0.000	2.01e-06	11.292	0.000284
343	0.000	2.98e-06	10.915	0.000294
35	0.000	2.5e-06	11.082	0.000294
886	0.000	2.98e-06	10.916	0.000294
764	0.000	3.76e-06	10.691	0.000338
908	0.000	4.47e-06	10.526	0.000368
778	0.000	5.96e-06	10.251	0.000452
308	0.000	8.83e-06	9.874	0.000617
413	0.000	9.38e-06	9.817	0.000617
86	0.000	1.13e-05	9.641	0.000695
807	0.000	1.26e-05	9.538	0.000729
201	0.000	1.61e-05	9.301	0.000845
969	0.000	1.7e-05	9.249	0.000845
126	0.027	1.88e-05	9.151	0.000845
133	0.000	1.72e-05	9.240	0.000845
860	0.026	1.82e-05	9.183	0.000845
887	0.000	2.06e-05	9.066	0.000852
195	0.028	2.07e-05	9.061	0.000852
762	0.000	2.23e-05	8.989	0.000882
244	0.000	2.34e-05	8.947	0.000887
278	0.000	2.47e-05	8.894	0.000902
61	0.000	3.02e-05	8.701	0.00107
882	0.000	3.39e-05	8.592	0.00115
871	0.029	4.23e-05	8.382	0.00139
12	0.000	4.6e-05	8.303	0.00146
219	0.000	5.65e-05	8.108	0.00169
31	0.000	5.51e-05	8.132	0.00169
352	0.031	5.9e-05	8.068	0.00171
223	0.051	7.02e-05	7.902	0.00187
189	0.000	6.87e-05	7.923	0.00187
918	0.000	6.86e-05	7.924	0.00187
723	0.000	7.54e-05	7.835	0.00196
16	0.000	7.81e-05	7.801	0.00197
93	0.000	8e-05	7.779	0.00197
929	0.000	8.27e-05	7.747	0.00199
635	0.000	8.72e-05	7.697	0.00205
572	0.000	0.000104	7.534	0.00233
294	0.000	0.000102	7.554	0.00233
599	0.000	0.000108	7.500	0.00236
380	0.034	0.00011	7.479	0.00236
220	0.031	0.000112	7.458	0.00236
655	0.035	0.000118	7.409	0.00244
289	0.000	0.000123	7.370	0.00244
57	0.000	0.000122	7.384	0.00244
165	0.000	0.000129	7.325	0.00251
474	0.000	0.000132	7.304	0.00251
835	0.000	0.00015	7.187	0.00269
225	0.000	0.000148	7.196	0.00269
876	0.000	0.000148	7.199	0.00269
950	0.000	0.000156	7.147	0.00273
846	0.000	0.000158	7.140	0.00273
428	0.000	0.000162	7.115	0.00275
136	0.082	0.000175	7.041	0.00288
818	0.000	0.000173	7.054	0.00288
511	0.000	0.00018	7.013	0.00292
90	0.000	0.000191	6.959	0.00304
238	0.000	0.000197	6.932	0.00308
170	0.000	0.000202	6.907	0.00311
460	0.000	0.000217	6.837	0.0033
505	0.000	0.000231	6.781	0.00335
414	0.000	0.000225	6.806	0.00335
423	0.000	0.00023	6.786	0.00335
296	0.000	0.000254	6.690	0.00364
696	0.044	0.000275	6.617	0.00388
975	0.000	0.000297	6.546	0.00396
193	0.000	0.000303	6.526	0.00396
775	0.000	0.00031	6.505	0.00396
388	0.000	0.000303	6.526	0.00396
820	0.000	0.000306	6.516	0.00396
420	0.074	0.000309	6.507	0.00396
937	0.000	0.000309	6.508	0.00396
263	0.000	0.000313	6.496	0.00396
229	0.038	0.000325	6.460	0.00406
422	0.043	0.00033	6.447	0.00407
265	0.000	0.000347	6.399	0.00423
659	0.000	0.000352	6.384	0.00424
859	0.000	0.000358	6.370	0.00426
626	0.000	0.000387	6.298	0.00454
888	0.000	0.000398	6.271	0.00462
251	0.036	0.000432	6.194	0.00475
402	0.000	0.000416	6.230	0.00475
689	0.000	0.000443	6.171	0.00475
464	0.000	0.000437	6.184	0.00475
139	0.000	0.000429	6.202	0.00475
481	0.000	0.00044	6.178	0.00475
132	0.000	0.000439	6.179	0.00475
616	0.000	0.000466	6.123	0.00488
361	0.000	0.000469	6.117	0.00488
672	0.000	0.00046	6.135	0.00488
267	0.000	0.000486	6.084	0.005
48	0.000	0.000532	5.999	0.00542
758	0.043	0.000588	5.907	0.00584
407	0.000	0.000581	5.917	0.00584
676	0.000	0.000597	5.893	0.00584
287	0.000	0.000598	5.892	0.00584
748	0.000	0.000615	5.866	0.00595
14	0.000	0.000649	5.815	0.00622
137	0.041	0.000686	5.763	0.0065
517	0.000	0.000698	5.748	0.0065
921	0.000	0.000697	5.749	0.0065
298	0.047	0.00074	5.693	0.00683
848	0.000	0.000777	5.648	0.00704
80	0.000	0.000771	5.655	0.00704
790	0.048	0.000795	5.626	0.00713
529	0.045	0.000816	5.603	0.00725
157	0.000	0.000863	5.551	0.00756
10	0.000	0.000865	5.548	0.00756
281	0.000	0.000874	5.539	0.00756
214	0.000	0.000925	5.486	0.00794
571	0.000	0.000939	5.472	0.00799
828	0.000	0.000982	5.430	0.00829
932	0.000	0.000993	5.420	0.00831
336	0.000	0.00103	5.385	0.00851
707	0.000	0.00104	5.379	0.00851
704	0.000	0.00104	5.375	0.00851
583	0.000	0.00113	5.299	0.00916
315	0.000	0.00116	5.274	0.00933
256	0.000	0.00126	5.200	0.01
181	0.000	0.00128	5.185	0.0101
79	0.000	0.00131	5.163	0.0103
6	0.000	0.00136	5.130	0.0106
904	0.000	0.00138	5.119	0.0106
709	0.000	0.00142	5.091	0.0108
821	0.000	0.00144	5.080	0.0109
630	0.000	0.00147	5.056	0.0111
568	0.097	0.00151	5.036	0.0113
283	0.000	0.00152	5.028	0.0113
215	0.000	0.00162	4.968	0.0117
766	0.000	0.00163	4.963	0.0117
917	0.054	0.00163	4.963	0.0117
41	0.000	0.00163	4.962	0.0117
169	0.000	0.00168	4.935	0.012
788	0.000	0.0017	4.924	0.012
776	0.064	0.00169	4.929	0.012
593	0.000	0.00175	4.897	0.0123
648	0.000	0.00178	4.881	0.0124
234	0.046	0.0018	4.872	0.0124
211	0.000	0.00182	4.861	0.0125
518	0.000	0.00185	4.848	0.0126
739	0.000	0.00187	4.836	0.0126
609	0.000	0.00187	4.836	0.0126
670	0.000	0.00191	4.816	0.0128
257	0.054	0.00194	4.804	0.0128
1	0.000	0.00195	4.798	0.0128
353	0.000	0.00199	4.778	0.013
141	0.000	0.00204	4.759	0.0132
463	0.000	0.00211	4.728	0.0135
623	0.000	0.00211	4.724	0.0135
455	0.000	0.00211	4.724	0.0135
977	0.000	0.00213	4.715	0.0135
740	0.000	0.00216	4.706	0.0135
262	0.000	0.00221	4.682	0.0138
652	0.000	0.00224	4.672	0.0139
411	0.000	0.00228	4.653	0.0141
409	0.000	0.00238	4.617	0.0146
203	0.000	0.00254	4.557	0.0155
397	0.000	0.00258	4.542	0.0155
127	0.000	0.00257	4.546	0.0155
738	0.000	0.00261	4.530	0.0156
849	0.000	0.00263	4.525	0.0156
520	0.000	0.00273	4.491	0.0161
861	0.000	0.00274	4.485	0.0161
805	0.054	0.00276	4.479	0.0161
801	0.000	0.00278	4.474	0.0161
429	0.000	0.00283	4.458	0.0162
81	0.000	0.00284	4.454	0.0162
386	0.000	0.00285	4.449	0.0162
690	0.096	0.00282	4.460	0.0162
850	0.000	0.0029	4.436	0.0163
144	0.000	0.00291	4.432	0.0163
362	0.000	0.00296	4.415	0.0165
843	0.000	0.00309	4.378	0.0171
894	0.000	0.0032	4.345	0.0176
307	0.000	0.0033	4.318	0.0181
580	0.000	0.00333	4.307	0.0181
21	0.067	0.00333	4.308	0.0181
753	0.000	0.00345	4.276	0.0186
838	0.000	0.00346	4.274	0.0186
295	0.000	0.00351	4.261	0.0187
392	0.061	0.00358	4.243	0.0189
972	0.062	0.00356	4.248	0.0189
186	0.058	0.00362	4.234	0.019
550	0.000	0.0037	4.212	0.0193
522	0.000	0.00381	4.187	0.0197
530	0.000	0.00381	4.186	0.0197
639	0.000	0.00384	4.179	0.0197
873	0.000	0.00391	4.161	0.0198
926	0.067	0.0039	4.164	0.0198
867	0.000	0.00388	4.170	0.0198
700	0.000	0.00394	4.156	0.0198
868	0.000	0.00415	4.108	0.0208
856	0.061	0.00433	4.070	0.0216
145	0.076	0.00447	4.042	0.0222
855	0.000	0.00456	4.023	0.0225
640	0.000	0.00461	4.014	0.0225
438	0.000	0.00459	4.018	0.0225
471	0.000	0.00469	3.997	0.0227
239	0.000	0.00469	3.998	0.0227
73	0.000	0.00475	3.985	0.0229
129	0.000	0.00496	3.947	0.0238
674	0.000	0.00506	3.928	0.024
317	0.000	0.00507	3.927	0.024
733	0.057	0.00522	3.901	0.0245
627	0.000	0.00522	3.902	0.0245
779	0.000	0.0053	3.887	0.0248
750	0.000	0.00533	3.883	0.0248
584	0.000	0.00547	3.858	0.0252
936	0.000	0.00548	3.856	0.0252
702	0.000	0.00548	3.856	0.0252
338	0.000	0.00552	3.850	0.0252
236	0.000	0.00554	3.847	0.0252
24	0.000	0.00557	3.842	0.0252
470	0.000	0.00562	3.833	0.0253
949	0.000	0.00567	3.826	0.0254
825	0.000	0.00582	3.803	0.0259
601	0.000	0.0058	3.806	0.0259
356	0.000	0.00592	3.787	0.0262
168	0.000	0.00605	3.767	0.0265
182	0.108	0.00605	3.768	0.0265
909	0.000	0.00609	3.762	0.0266
958	0.000	0.00617	3.750	0.0268
451	0.077	0.0062	3.745	0.0268
108	0.000	0.00629	3.733	0.027
656	0.000	0.00627	3.735	0.027
587	0.067	0.00651	3.702	0.0278
840	0.097	0.00657	3.694	0.0279
712	0.000	0.0066	3.690	0.028
268	0.078	0.00664	3.683	0.028
785	0.000	0.00671	3.675	0.0282
442	0.079	0.00677	3.667	0.0283
395	0.000	0.00686	3.655	0.0286
715	0.000	0.00698	3.639	0.0288
622	0.000	0.00697	3.640	0.0288
966	0.000	0.0071	3.624	0.0292
97	0.000	0.00724	3.606	0.0296
502	0.000	0.00738	3.589	0.0301
98	0.000	0.00744	3.582	0.0302
400	0.000	0.00748	3.577	0.0302
473	0.000	0.00775	3.545	0.0311
956	0.000	0.00776	3.544	0.0311
851	0.000	0.00804	3.513	0.0318
692	0.000	0.00805	3.511	0.0318
496	0.000	0.008	3.517	0.0318
490	0.000	0.008	3.516	0.0318
765	0.000	0.00827	3.487	0.0324
212	0.000	0.0083	3.484	0.0324
589	0.082	0.00829	3.484	0.0324
760	0.059	0.00849	3.463	0.033
2	0.000	0.00851	3.461	0.033
931	0.000	0.00874	3.438	0.0336
687	0.000	0.00873	3.439	0.0336
99	0.000	0.00906	3.406	0.0338
497	0.000	0.00912	3.400	0.0338
493	0.000	0.00896	3.415	0.0338
322	0.000	0.009	3.412	0.0338
70	0.064	0.0089	3.421	0.0338
527	0.000	0.00899	3.413	0.0338
842	0.000	0.00909	3.403	0.0338
745	0.000	0.00907	3.405	0.0338
237	0.000	0.00902	3.409	0.0338
83	0.073	0.00925	3.387	0.0341
772	0.000	0.00925	3.387	0.0341
897	0.170	0.00939	3.374	0.0344
585	0.133	0.00943	3.370	0.0345
444	0.086	0.00949	3.364	0.0346
879	0.073	0.00953	3.361	0.0346
976	0.000	0.00963	3.351	0.0347
135	0.000	0.00964	3.351	0.0347
393	0.000	0.00995	3.322	0.0352
164	0.000	0.0099	3.326	0.0352
747	0.000	0.00995	3.322	0.0352
179	0.000	0.00989	3.327	0.0352
913	0.000	0.00994	3.323	0.0352
85	0.000	0.01	3.317	0.0353
829	0.000	0.0101	3.311	0.0354
345	0.000	0.0108	3.250	0.0378
241	0.000	0.0109	3.240	0.038
823	0.000	0.011	3.232	0.0383
487	0.000	0.0111	3.224	0.0383
799	0.000	0.0111	3.225	0.0383
833	0.000	0.0112	3.219	0.0384
45	0.087	0.0113	3.210	0.0387
590	0.000	0.0115	3.194	0.0391
22	0.000	0.0115	3.191	0.0391
577	0.000	0.0115	3.191	0.0391
928	0.000	0.0116	3.183	0.0393
355	0.000	0.0117	3.175	0.0396
381	0.130	0.0119	3.162	0.04
94	0.000	0.012	3.159	0.04
327	0.000	0.0122	3.144	0.0405
151	0.000	0.0122	3.140	0.0406
934	0.000	0.0123	3.136	0.0406
107	0.000	0.0124	3.130	0.0408
501	0.000	0.0128	3.097	0.0421
953	0.000	0.0128	3.095	0.0421
570	0.000	0.0129	3.091	0.0421
649	0.000	0.0129	3.089	0.0421
910	0.000	0.0135	3.049	0.0439
521	0.000	0.0137	3.036	0.0443
396	0.000	0.0137	3.039	0.0443
63	0.000	0.0138	3.031	0.0444
795	0.085	0.0139	3.024	0.0446
819	0.000	0.0143	3.002	0.0456
163	0.000	0.015	2.957	0.0478
646	0.239	0.0157	2.916	0.0499
885	0.000	0.0158	2.911	0.0501
875	0.000	0.0162	2.893	0.051
688	0.079	0.0164	2.878	0.0517
754	0.000	0.0165	2.873	0.0518
737	0.000	0.0168	2.861	0.0523
437	0.094	0.0174	2.827	0.0542
533	0.000	0.0177	2.814	0.0547
961	0.000	0.0176	2.816	0.0547
384	0.142	0.0181	2.792	0.0555
793	0.083	0.0181	2.794	0.0555
185	0.081	0.0181	2.795	0.0555
974	0.000	0.0184	2.781	0.0559
809	0.000	0.0184	2.781	0.0559
207	0.000	0.0185	2.774	0.0562
390	0.000	0.0186	2.770	0.0563
647	0.000	0.0188	2.762	0.0566
874	0.000	0.0192	2.740	0.0579
475	0.000	0.0197	2.720	0.0588
290	0.000	0.0197	2.720	0.0588
147	0.000	0.0197	2.718	0.0588
377	0.224	0.0198	2.715	0.0588
500	0.136	0.0202	2.696	0.0599
387	0.100	0.0203	2.694	0.0599
488	0.000	0.0207	2.675	0.0609
166	0.000	0.0207	2.676	0.0609
424	0.000	0.0208	2.671	0.0609
373	0.000	0.0209	2.669	0.0609
183	0.000	0.0211	2.661	0.0613
967	0.000	0.0211	2.659	0.0613
130	0.000	0.0216	2.640	0.0624
878	0.000	0.0219	2.628	0.0631
965	0.000	0.0219	2.625	0.0631
412	0.000	0.0221	2.620	0.0633
319	0.185	0.0221	2.618	0.0633
419	0.000	0.0222	2.615	0.0633
830	0.000	0.0224	2.607	0.0637
252	0.000	0.0225	2.601	0.0637
592	0.000	0.0226	2.600	0.0637
751	0.091	0.0224	2.605	0.0637
301	0.137	0.0227	2.597	0.0637
749	0.000	0.0229	2.587	0.0643
103	0.078	0.0232	2.578	0.0648
826	0.093	0.0233	2.572	0.065
52	0.180	0.0235	2.566	0.0653
360	0.000	0.0236	2.564	0.0653
741	0.000	0.0241	2.545	0.0664
665	0.085	0.024	2.546	0.0664
755	0.000	0.0246	2.526	0.0676
691	0.000	0.0253	2.503	0.0682
822	0.000	0.025	2.511	0.0682
95	0.000	0.0253	2.502	0.0682
683	0.000	0.0251	2.507	0.0682
503	0.108	0.0251	2.508	0.0682
233	0.000	0.0252	2.506	0.0682
732	0.000	0.0252	2.506	0.0682
763	0.000	0.0259	2.483	0.0695
258	0.258	0.0263	2.467	0.0702
767	0.000	0.0264	2.465	0.0702
370	0.091	0.0263	2.469	0.0702
862	0.000	0.0263	2.468	0.0702
780	0.000	0.0266	2.459	0.0705
293	0.000	0.0273	2.435	0.0723
20	0.000	0.0276	2.428	0.0725
484	0.000	0.0275	2.428	0.0725
115	0.000	0.0276	2.425	0.0726
65	0.123	0.0279	2.418	0.0726
786	0.000	0.0279	2.418	0.0726
681	0.000	0.0278	2.421	0.0726
841	0.000	0.0281	2.410	0.0731
71	0.086	0.0284	2.403	0.0733
158	0.000	0.0283	2.405	0.0733
5	0.000	0.0286	2.397	0.0734
431	0.000	0.0285	2.398	0.0734
110	0.000	0.0291	2.382	0.0745
973	0.000	0.0293	2.376	0.0746
605	0.000	0.0293	2.376	0.0746
911	0.000	0.03	2.355	0.0751
730	0.098	0.03	2.356	0.0751
84	0.000	0.0297	2.362	0.0751
720	0.000	0.0299	2.358	0.0751
198	0.000	0.0299	2.358	0.0751
389	0.000	0.0296	2.368	0.0751
304	0.000	0.0299	2.358	0.0751
604	0.000	0.0301	2.351	0.0751
333	0.000	0.0304	2.344	0.0751
292	0.000	0.0303	2.345	0.0751
276	0.000	0.0303	2.347	0.0751
34	0.000	0.0302	2.350	0.0751
178	0.000	0.0305	2.340	0.0752
351	0.000	0.0305	2.339	0.0752
667	0.000	0.0311	2.323	0.0764
512	0.000	0.0313	2.317	0.0766
641	0.095	0.0313	2.318	0.0766
710	0.099	0.0317	2.306	0.0773
525	0.000	0.0318	2.303	0.0774
472	0.106	0.0319	2.301	0.0774
160	0.000	0.032	2.300	0.0774
329	0.000	0.0324	2.288	0.0782
650	0.000	0.0328	2.279	0.0789
816	0.000	0.0331	2.270	0.0795
118	0.094	0.0333	2.265	0.0798
38	0.000	0.0341	2.246	0.0812
357	0.000	0.034	2.247	0.0812
456	0.000	0.0342	2.241	0.0814
461	0.103	0.0346	2.232	0.0815
363	0.258	0.0346	2.232	0.0815
324	0.174	0.0346	2.232	0.0815
574	0.000	0.0344	2.238	0.0815
982	0.000	0.0356	2.207	0.083
89	0.000	0.0357	2.206	0.083
446	0.000	0.0358	2.203	0.083
385	0.000	0.0358	2.203	0.083
713	0.000	0.0354	2.212	0.083
651	0.000	0.0358	2.203	0.083
979	0.107	0.0357	2.206	0.083
756	0.000	0.0368	2.181	0.0846
948	0.000	0.0368	2.180	0.0846
901	0.000	0.0367	2.181	0.0846
78	0.121	0.0369	2.177	0.0848
462	0.000	0.0376	2.162	0.0861
82	0.146	0.038	2.154	0.0867
485	0.191	0.0381	2.151	0.0868
240	0.000	0.0386	2.140	0.0877
581	0.000	0.0401	2.107	0.091
466	0.000	0.0403	2.103	0.0912
405	0.123	0.0405	2.097	0.0916
866	0.113	0.0426	2.055	0.096
202	0.000	0.0428	2.053	0.0961
504	0.000	0.0433	2.042	0.0971
643	0.000	0.046	1.990	0.103
629	0.000	0.046	1.990	0.103
271	0.159	0.0478	1.959	0.106
457	0.000	0.0486	1.944	0.108
67	0.118	0.0492	1.935	0.109
453	0.000	0.0493	1.932	0.109
611	0.150	0.0495	1.929	0.109
194	0.000	0.0508	1.908	0.112
72	0.116	0.0507	1.908	0.112
602	0.118	0.0512	1.901	0.112
36	0.000	0.0517	1.893	0.113
116	0.000	0.054	1.856	0.118
69	0.105	0.0554	1.835	0.121
75	0.122	0.0563	1.821	0.123
664	0.129	0.0581	1.795	0.126
272	0.000	0.0586	1.788	0.127
912	0.000	0.0586	1.788	0.127
76	0.130	0.0592	1.780	0.128
318	0.000	0.0599	1.770	0.128
486	0.000	0.0599	1.770	0.128
323	0.000	0.0605	1.761	0.13
877	0.136	0.0628	1.730	0.134
523	0.000	0.0638	1.717	0.136
792	0.161	0.0644	1.710	0.137
54	0.198	0.065	1.702	0.138
986	0.136	0.0659	1.692	0.14
919	0.139	0.0667	1.681	0.141
954	0.141	0.0676	1.671	0.142
619	0.000	0.0705	1.636	0.148
270	0.143	0.0729	1.608	0.153
40	0.104	0.073	1.607	0.153
531	0.122	0.073	1.607	0.153
354	0.000	0.0742	1.594	0.155
566	0.000	0.0746	1.590	0.155
773	0.144	0.075	1.585	0.156
771	0.000	0.0757	1.577	0.157
150	0.000	0.0757	1.577	0.157
906	0.150	0.0772	1.562	0.159
797	0.214	0.0772	1.561	0.159
369	0.113	0.0773	1.561	0.159
573	0.000	0.0775	1.559	0.159
933	0.000	0.0786	1.547	0.16
734	0.000	0.0785	1.548	0.16
314	0.000	0.0786	1.547	0.16
812	0.000	0.0788	1.545	0.16
302	0.000	0.0789	1.543	0.16
217	0.000	0.0804	1.528	0.161
625	0.110	0.0793	1.539	0.161
330	0.000	0.0796	1.536	0.161
26	0.000	0.0804	1.529	0.161
528	0.000	0.0805	1.527	0.161
806	0.000	0.0801	1.531	0.161
924	0.000	0.0794	1.538	0.161
662	0.000	0.0804	1.529	0.161
125	0.110	0.08	1.533	0.161
673	0.000	0.0815	1.517	0.162
898	0.156	0.0817	1.515	0.162
42	0.187	0.0818	1.514	0.162
218	0.000	0.0824	1.508	0.163
155	0.000	0.0839	1.494	0.166
597	0.000	0.085	1.484	0.166
92	0.000	0.085	1.484	0.166
507	0.185	0.0841	1.492	0.166
644	0.000	0.085	1.484	0.166
266	0.124	0.0844	1.489	0.166
854	0.000	0.085	1.484	0.166
55	0.000	0.0863	1.471	0.168
173	0.000	0.0868	1.467	0.168
653	0.000	0.0868	1.467	0.168
47	0.000	0.0878	1.457	0.169
685	0.000	0.0877	1.458	0.169
633	0.000	0.0878	1.458	0.169
938	0.000	0.0878	1.458	0.169
728	0.000	0.0877	1.458	0.169
708	0.000	0.0886	1.450	0.17
32	0.000	0.0892	1.445	0.17
309	0.127	0.089	1.446	0.17
896	0.158	0.0889	1.447	0.17
288	0.000	0.0896	1.441	0.17
117	0.000	0.0896	1.441	0.17
123	0.000	0.0907	1.431	0.172
722	0.127	0.0908	1.430	0.172
197	0.159	0.0912	1.427	0.172
159	0.000	0.091	1.428	0.172
51	0.000	0.0927	1.414	0.174
666	0.000	0.0928	1.412	0.174
624	0.000	0.0926	1.414	0.174
810	0.000	0.0931	1.410	0.174
660	0.000	0.0935	1.406	0.174
889	0.000	0.0936	1.406	0.174
914	0.100	0.0938	1.404	0.174
638	0.000	0.0957	1.388	0.177
279	0.000	0.0957	1.388	0.177
111	0.000	0.0955	1.390	0.177
334	0.000	0.0953	1.391	0.177
628	0.000	0.097	1.377	0.179
465	0.000	0.0979	1.369	0.179
88	0.000	0.0979	1.369	0.179
104	0.000	0.0979	1.369	0.179
631	0.000	0.0985	1.365	0.179
106	0.000	0.0985	1.365	0.179
436	0.170	0.0986	1.364	0.179
46	0.000	0.101	1.345	0.181
724	0.000	0.0999	1.354	0.181
697	0.134	0.1	1.351	0.181
804	0.000	0.101	1.347	0.181
796	0.000	0.101	1.345	0.181
112	0.000	0.101	1.347	0.181
188	0.158	0.1	1.350	0.181
359	0.000	0.101	1.345	0.181
907	0.000	0.103	1.332	0.183
701	0.000	0.103	1.332	0.183
100	0.000	0.103	1.331	0.183
39	0.000	0.103	1.329	0.184
325	0.000	0.104	1.320	0.185
769	0.000	0.105	1.312	0.187
671	0.000	0.106	1.308	0.188
432	0.272	0.106	1.305	0.188
725	0.000	0.107	1.302	0.188
303	0.000	0.107	1.297	0.189
951	0.000	0.107	1.297	0.189
598	0.000	0.108	1.293	0.189
492	0.000	0.108	1.290	0.189
391	0.000	0.108	1.292	0.189
678	0.000	0.108	1.289	0.189
615	0.000	0.108	1.290	0.189
232	0.000	0.108	1.290	0.189
789	0.000	0.109	1.281	0.19
983	0.169	0.109	1.281	0.19
675	0.000	0.11	1.275	0.191
96	0.143	0.11	1.275	0.191
836	0.293	0.111	1.273	0.191
339	0.000	0.111	1.269	0.191
677	0.289	0.113	1.255	0.194
176	0.000	0.113	1.254	0.195
305	0.239	0.114	1.252	0.195
467	0.000	0.116	1.234	0.199
277	0.000	0.116	1.234	0.199
347	0.000	0.117	1.228	0.2
13	0.231	0.118	1.224	0.2
586	0.000	0.119	1.217	0.201
761	0.160	0.119	1.217	0.201
458	0.000	0.119	1.213	0.202
621	0.000	0.121	1.200	0.205
58	0.000	0.121	1.201	0.205
537	0.000	0.124	1.186	0.208
717	0.000	0.124	1.185	0.208
834	0.000	0.126	1.168	0.212
515	0.000	0.126	1.168	0.212
808	0.000	0.127	1.162	0.212
247	0.000	0.127	1.162	0.212
105	0.000	0.127	1.162	0.212
508	0.000	0.127	1.162	0.212
109	0.000	0.128	1.158	0.213
661	0.000	0.13	1.148	0.215
542	0.000	0.131	1.141	0.215
300	0.000	0.131	1.141	0.215
404	0.000	0.13	1.144	0.215
196	0.254	0.131	1.141	0.215
162	0.000	0.131	1.142	0.215
802	0.000	0.132	1.133	0.217
803	0.000	0.133	1.129	0.217
11	0.000	0.133	1.129	0.217
742	0.000	0.133	1.129	0.217
243	0.000	0.132	1.133	0.217
447	0.170	0.133	1.128	0.217
454	0.122	0.134	1.120	0.218
122	0.000	0.134	1.120	0.218
192	0.000	0.135	1.118	0.218
863	0.237	0.136	1.113	0.219
698	0.300	0.137	1.108	0.221
209	0.000	0.137	1.106	0.221
313	0.000	0.139	1.096	0.223
669	0.239	0.138	1.098	0.223
946	0.000	0.139	1.096	0.223
727	0.000	0.14	1.088	0.225
782	0.000	0.143	1.074	0.227
634	0.000	0.142	1.077	0.227
703	0.000	0.143	1.074	0.227
752	0.000	0.143	1.074	0.227
204	0.168	0.144	1.070	0.228
468	0.000	0.146	1.059	0.231
227	0.000	0.148	1.047	0.234
576	0.178	0.152	1.026	0.24
962	0.000	0.154	1.017	0.241
596	0.000	0.154	1.016	0.241
774	0.358	0.154	1.017	0.241
260	0.000	0.154	1.017	0.241
3	0.251	0.154	1.016	0.241
845	0.000	0.154	1.017	0.241
770	0.000	0.156	1.004	0.242
184	0.173	0.156	1.008	0.242
230	0.179	0.156	1.005	0.242
800	0.000	0.156	1.008	0.242
865	0.342	0.156	1.009	0.242
959	0.000	0.156	1.008	0.242
248	0.000	0.156	1.004	0.242
831	0.000	0.156	1.004	0.242
154	0.000	0.157	1.000	0.243
813	0.000	0.158	0.999	0.243
857	0.184	0.16	0.986	0.247
777	0.188	0.165	0.965	0.253
221	0.272	0.167	0.955	0.256
4	0.184	0.169	0.945	0.259
532	0.188	0.171	0.936	0.262
858	0.194	0.172	0.931	0.263
190	0.283	0.173	0.928	0.264
208	0.000	0.174	0.924	0.265
514	0.184	0.175	0.921	0.266
213	0.353	0.18	0.900	0.273
679	0.187	0.18	0.898	0.273
77	0.199	0.182	0.890	0.276
543	0.201	0.19	0.858	0.287
844	0.236	0.192	0.850	0.29
682	0.212	0.198	0.830	0.298
939	0.218	0.198	0.828	0.298
716	0.208	0.202	0.813	0.304
246	0.221	0.203	0.812	0.304
291	0.387	0.204	0.805	0.306
312	0.510	0.209	0.789	0.312
153	0.217	0.214	0.773	0.319
612	0.221	0.215	0.769	0.32
172	0.221	0.217	0.761	0.324
340	0.214	0.22	0.754	0.326
56	0.229	0.22	0.753	0.326
250	0.336	0.221	0.748	0.328
180	0.313	0.223	0.744	0.329
406	0.261	0.223	0.744	0.329
930	0.307	0.223	0.742	0.329
714	0.056	0.228	0.728	0.335
920	0.230	0.232	0.716	0.341
476	0.238	0.233	0.712	0.342
255	0.232	0.234	0.708	0.343
430	0.119	0.238	0.697	0.348
588	0.237	0.242	0.684	0.354
177	0.244	0.242	0.684	0.354
261	0.245	0.244	0.680	0.355
332	0.246	0.244	0.678	0.355
608	0.246	0.244	0.678	0.355
900	0.295	0.246	0.674	0.356
60	0.358	0.249	0.664	0.361
695	0.296	0.251	0.659	0.363
916	0.248	0.253	0.654	0.365
435	0.347	0.265	0.621	0.382
519	0.400	0.265	0.620	0.382
187	0.442	0.267	0.616	0.384
942	0.189	0.269	0.610	0.387
282	0.302	0.274	0.599	0.393
941	0.364	0.279	0.586	0.4
124	0.418	0.281	0.580	0.403
50	0.321	0.283	0.576	0.404
249	0.450	0.285	0.570	0.407
341	0.278	0.289	0.562	0.412
426	0.000	0.292	0.555	0.414
9	0.000	0.292	0.554	0.414
175	0.000	0.292	0.554	0.414
899	0.278	0.292	0.555	0.414
372	0.223	0.295	0.548	0.417
526	0.317	0.296	0.547	0.417
19	0.281	0.296	0.547	0.417
489	0.286	0.299	0.539	0.421
66	0.443	0.301	0.535	0.423
459	0.403	0.303	0.531	0.425
952	0.492	0.304	0.529	0.426
978	0.357	0.307	0.523	0.429
947	0.342	0.309	0.516	0.433
603	0.482	0.313	0.510	0.435
798	0.386	0.312	0.510	0.435
350	0.322	0.312	0.511	0.435
881	0.120	0.318	0.499	0.442
425	0.340	0.324	0.486	0.45
480	0.213	0.325	0.485	0.45
146	0.426	0.332	0.470	0.46
538	0.363	0.334	0.467	0.462
167	0.366	0.338	0.459	0.467
491	0.355	0.344	0.448	0.474
768	0.382	0.358	0.423	0.493
15	0.249	0.359	0.421	0.493
964	0.374	0.366	0.408	0.503
883	0.259	0.373	0.398	0.51
971	0.389	0.373	0.398	0.51
226	0.384	0.375	0.393	0.513
8	0.266	0.382	0.382	0.522
320	0.273	0.391	0.368	0.533
927	0.494	0.391	0.368	0.533
375	0.308	0.393	0.365	0.534
398	0.284	0.395	0.362	0.536
614	0.450	0.396	0.360	0.536
757	0.439	0.396	0.360	0.536
337	0.286	0.4	0.355	0.54
383	0.544	0.411	0.337	0.555
477	0.300	0.416	0.331	0.56
495	0.510	0.422	0.323	0.568
980	0.490	0.423	0.321	0.569
591	0.318	0.425	0.318	0.57
23	0.649	0.425	0.318	0.57
140	0.435	0.428	0.314	0.573
433	0.437	0.429	0.313	0.574
658	0.314	0.434	0.306	0.58
18	0.332	0.437	0.301	0.583
509	0.450	0.444	0.293	0.591
119	0.338	0.447	0.290	0.594
316	0.324	0.453	0.282	0.601
142	0.346	0.455	0.279	0.604
174	0.446	0.457	0.277	0.605
421	0.635	0.466	0.265	0.617
224	0.549	0.469	0.262	0.62
321	0.347	0.477	0.253	0.629
864	0.362	0.487	0.241	0.642
884	0.362	0.487	0.241	0.642
149	0.367	0.493	0.235	0.648
902	0.493	0.497	0.231	0.652
970	0.490	0.501	0.227	0.657
416	0.496	0.503	0.224	0.658
582	0.449	0.507	0.221	0.662
418	0.380	0.51	0.217	0.666
578	0.382	0.512	0.215	0.667
872	0.390	0.521	0.206	0.678
269	0.540	0.538	0.190	0.7
483	0.407	0.539	0.189	0.7
148	0.539	0.541	0.187	0.701
280	0.410	0.541	0.186	0.701
870	0.421	0.555	0.174	0.718
567	0.428	0.559	0.170	0.723
905	0.436	0.561	0.169	0.723
358	0.257	0.562	0.168	0.725
945	0.626	0.565	0.165	0.728
694	0.577	0.57	0.161	0.733
827	0.450	0.586	0.148	0.753
441	0.608	0.591	0.144	0.758
326	0.471	0.607	0.132	0.778
62	0.473	0.609	0.131	0.779
880	0.478	0.612	0.129	0.781
399	0.499	0.633	0.114	0.807
744	0.643	0.651	0.102	0.829
968	0.485	0.656	0.099	0.835
940	0.527	0.658	0.098	0.835
923	0.561	0.665	0.094	0.843
368	0.537	0.668	0.092	0.846
206	0.578	0.673	0.089	0.852
620	0.573	0.675	0.088	0.853
890	0.686	0.686	0.081	0.866
216	0.558	0.688	0.081	0.867
152	0.567	0.698	0.075	0.879
331	0.630	0.711	0.069	0.892
668	0.707	0.711	0.068	0.892
448	0.739	0.71	0.069	0.892
91	0.603	0.726	0.062	0.909
30	0.640	0.736	0.057	0.92
510	0.358	0.738	0.056	0.922
138	0.711	0.743	0.054	0.927
28	0.650	0.744	0.053	0.927
382	0.787	0.745	0.053	0.927
987	0.553	0.776	0.041	0.964
101	0.713	0.794	0.034	0.986
275	0.799	0.806	0.030	1
791	29.184	0.934	0.003	1
348	0.898	0.906	0.007	1
346	99.927	0.472	0.258	1
344	0.000	0.932	0.004	1
342	0.000	0.934	0.003	1
335	0.000	0.934	0.003	1
922	100.000	0.215	0.770	1
328	0.879	0.865	0.014	1
311	0.000	0.931	0.004	1
925	100.000	0.0569	1.813	1
310	3.162	0.253	0.653	1
306	1.278	0.834	0.022	1
299	0.000	0.943	0.003	1
297	0.968	0.979	0.000	1
286	1.217	0.824	0.025	1
285	1.315	0.745	0.053	1
284	0.000	0.931	0.004	1
274	1.915	0.275	0.595	1
935	0.000	0.923	0.005	1
273	0.000	0.934	0.003	1
349	100.000	0.645	0.106	1
915	1.345	0.801	0.032	1
364	0.000	0.918	0.005	1
365	0.000	0.934	0.003	1
893	100.000	0.345	0.446	1
439	1.000	1	0.000	1
895	0.947	0.964	0.001	1
434	1.493	0.736	0.057	1
427	0.000	0.934	0.003	1
417	93.430	0.165	0.962	1
415	1.960	0.544	0.184	1
410	0.000	0.932	0.004	1
408	1.202	0.87	0.013	1
264	100.000	0.41	0.340	1
403	0.000	0.943	0.003	1
401	0.809	0.868	0.014	1
394	1.001	0.999	0.000	1
379	0.000	0.932	0.004	1
378	100.000	0.41	0.340	1
376	1.445	0.746	0.053	1
374	0.000	0.943	0.003	1
371	1.616	0.714	0.067	1
367	97.677	0.418	0.328	1
366	0.851	0.898	0.008	1
903	1.028	0.982	0.000	1
259	100.000	0.168	0.951	1
254	0.000	0.932	0.004	1
253	100.000	0.409	0.341	1
120	0.000	0.923	0.005	1
113	0.000	0.944	0.002	1
102	0.000	0.932	0.004	1
87	0.999	1	0.000	1
74	0.000	0.932	0.004	1
68	95.111	0.548	0.181	1
64	0.000	0.933	0.004	1
59	0.961	0.971	0.001	1
53	90.718	0.343	0.449	1
121	100.000	0.0367	2.182	1
49	0.000	0.944	0.002	1
43	0.000	0.918	0.005	1
37	0.000	0.918	0.005	1
33	99.221	0.0263	2.469	1
29	0.927	0.936	0.003	1
981	90.463	0.473	0.258	1
25	100.000	0.472	0.259	1
17	0.000	0.931	0.004	1
7	100.000	0.801	0.032	1
985	0.825	0.877	0.012	1
44	0.954	0.97	0.001	1
892	100.000	0.287	0.566	1
963	0.000	0.934	0.003	1
131	0.000	0.948	0.002	1
245	95.376	0.67	0.091	1
242	100.000	0.0956	1.389	1
943	0.000	0.936	0.003	1
944	0.797	0.858	0.016	1
235	1.001	0.999	0.000	1
231	94.420	0.57	0.161	1
228	2.087	0.27	0.608	1
222	1.277	0.833	0.022	1
210	1.288	0.822	0.025	1
128	0.000	0.943	0.003	1
200	0.000	0.923	0.005	1
191	0.000	0.932	0.004	1
171	100.000	0.437	0.301	1
161	0.000	0.918	0.005	1
955	100.000	0.786	0.037	1
156	0.968	0.979	0.000	1
957	0.000	0.943	0.003	1
143	100.000	0.214	0.772	1
134	0.000	0.918	0.005	1
960	96.315	0.41	0.340	1
199	0.804	0.821	0.025	1
794	0.000	0.931	0.004	1
891	1.202	0.875	0.012	1
443	1.280	0.812	0.028	1
680	0.807	0.867	0.014	1
663	100.000	0.437	0.302	1
657	0.000	0.931	0.004	1
654	0.000	0.934	0.003	1
824	100.000	0.675	0.088	1
645	0.000	0.928	0.004	1
642	0.000	0.931	0.004	1
637	1.001	0.999	0.000	1
636	0.000	0.918	0.005	1
684	95.992	0.198	0.830	1
632	0.000	0.933	0.004	1
617	0.000	0.932	0.004	1
832	0.914	0.942	0.003	1
613	1.394	0.756	0.048	1
610	0.000	0.931	0.004	1
607	0.000	0.934	0.003	1
606	0.000	0.937	0.003	1
837	0.000	0.931	0.004	1
600	0.000	0.932	0.004	1
839	1.105	0.907	0.007	1
618	100.000	0.457	0.276	1
595	0.000	0.932	0.004	1
686	0.000	0.944	0.002	1
693	1.167	0.867	0.014	1
787	0.000	0.932	0.004	1
784	0.000	0.934	0.003	1
783	0.000	0.944	0.002	1
781	0.000	0.934	0.003	1
759	4.289	0.155	1.013	1
746	0.000	0.934	0.003	1
743	0.999	1	0.000	1
736	0.000	0.928	0.004	1
735	0.000	0.918	0.005	1
817	2.281	0.424	0.319	1
731	100.000	0.393	0.365	1
726	0.000	0.933	0.004	1
719	92.561	0.334	0.467	1
718	0.000	0.943	0.003	1
711	0.831	0.87	0.013	1
811	0.000	0.936	0.003	1
706	0.000	0.928	0.004	1
705	100.000	0.41	0.340	1
814	0.000	0.932	0.004	1
815	0.000	0.932	0.004	1
729	0.000	0.932	0.004	1
594	0.000	0.934	0.003	1
579	1.000	1	0.000	1
575	0.000	0.918	0.005	1
869	100.000	0.105	1.315	1
541	100.000	0.146	1.056	1
540	100.000	0.479	0.250	1
539	100.000	0.315	0.505	1
536	0.000	0.948	0.002	1
535	0.000	0.929	0.004	1
534	100.000	0.00677	3.667	1
524	1.246	0.855	0.017	1
516	0.831	0.846	0.019	1
544	100.000	0.133	1.126	1
513	0.000	0.948	0.002	1
498	0.000	0.943	0.003	1
482	0.991	0.992	0.000	1
479	1.256	0.857	0.016	1
478	0.902	0.942	0.003	1
469	0.000	0.934	0.003	1
452	0.000	0.918	0.005	1
450	3.032	0.356	0.425	1
449	100.000	0.179	0.903	1
445	100.000	0.771	0.042	1
506	0.000	0.943	0.003	1
545	96.872	0.348	0.441	1
546	1.041	0.975	0.000	1
547	2.181	0.468	0.263	1
569	0.000	0.932	0.004	1
565	0.000	0.936	0.003	1
564	0.000	0.932	0.004	1
847	1.001	0.999	0.000	1
563	0.000	0.934	0.003	1
562	0.000	0.937	0.003	1
561	0.000	0.932	0.004	1
560	0.000	0.934	0.003	1
852	1.023	0.98	0.000	1
853	1.884	0.577	0.156	1
559	0.000	0.933	0.004	1
558	0.000	0.936	0.003	1
557	100.000	0.477	0.253	1
556	0.000	0.937	0.003	1
555	0.000	0.932	0.004	1
554	0.000	0.933	0.004	1
553	100.000	0.358	0.423	1
552	1.922	0.554	0.175	1
551	0.000	0.932	0.004	1
549	0.000	0.934	0.003	1
548	0.000	0.934	0.003	1
440	98.495	0.294	0.550	1
494	1.114	0.931	0.004	1