# Omega fit to each site after fixing tree and all other parameters.
# Fits compared to null model of omega = 1.
# P-values NOT corrected for multiple testing, so consider Q-values too.
# Q-values computed separately for omega > and < 1 # Will fit different synonymous rate for each site.
#
site	omega	P	dLnL	Q
984	0.000	5.53e-13	26.004	5.46e-10
699	0.027	1.44e-07	13.837	7.08e-05
499	0.000	9.79e-07	11.985	0.000322
126	0.027	2.4e-05	8.922	0.00395
413	0.000	1.62e-05	9.298	0.00395
886	0.000	2.06e-05	9.068	0.00395
343	0.000	3.23e-05	8.640	0.00455
764	0.000	9.17e-05	7.650	0.00696
871	0.029	5.93e-05	8.063	0.00696
882	0.000	7.16e-05	7.883	0.00696
929	0.000	8.72e-05	7.698	0.00696
887	0.000	6.72e-05	7.943	0.00696
908	0.000	7.9e-05	7.791	0.00696
16	0.000	0.000134	7.292	0.00945
474	0.000	0.00018	7.012	0.0119
723	0.000	0.000235	6.765	0.0134
969	0.000	0.000246	6.723	0.0134
511	0.000	0.000257	6.680	0.0134
505	0.000	0.000217	6.837	0.0134
529	0.035	0.000306	6.516	0.0137
846	0.000	0.000302	6.530	0.0137
90	0.000	0.000303	6.526	0.0137
762	0.000	0.000332	6.441	0.0142
414	0.000	0.000398	6.272	0.0164
251	0.035	0.000416	6.229	0.0164
225	0.000	0.00044	6.177	0.0167
223	0.072	0.000463	6.129	0.0169
975	0.000	0.00049	6.077	0.0173
114	0.000	0.000625	5.849	0.0213
136	0.086	0.000824	5.594	0.0271
704	0.000	0.000977	5.436	0.0311
820	0.000	0.00102	5.394	0.0315
859	0.000	0.00114	5.289	0.0327
950	0.000	0.00116	5.277	0.0327
568	0.091	0.0011	5.322	0.0327
572	0.000	0.0012	5.244	0.0329
409	0.000	0.00128	5.187	0.0341
630	0.000	0.00151	5.031	0.0365
818	0.000	0.00165	4.953	0.0365
659	0.000	0.00166	4.946	0.0365
917	0.054	0.00157	4.995	0.0365
690	0.082	0.0017	4.923	0.0365
517	0.000	0.00164	4.955	0.0365
518	0.000	0.00169	4.929	0.0365
520	0.000	0.00156	5.006	0.0365
455	0.000	0.0017	4.925	0.0365
411	0.000	0.00187	4.837	0.0393
707	0.000	0.00192	4.811	0.0395
12	0.000	0.00198	4.784	0.0399
838	0.000	0.0021	4.732	0.0414
283	0.000	0.00223	4.676	0.0423
14	0.000	0.00221	4.685	0.0423
463	0.000	0.00244	4.593	0.0446
31	0.000	0.00243	4.595	0.0446
361	0.000	0.00254	4.556	0.0456
571	0.000	0.00269	4.502	0.0468
186	0.053	0.00275	4.484	0.0468
133	0.000	0.00273	4.490	0.0468
932	0.000	0.00296	4.415	0.0496
921	0.000	0.00318	4.350	0.0524
530	0.000	0.00324	4.334	0.0524
739	0.000	0.00333	4.309	0.053
157	0.000	0.00339	4.293	0.0531
1	0.000	0.00344	4.278	0.0531
676	0.000	0.00351	4.260	0.0533
139	0.000	0.00365	4.225	0.0538
407	0.000	0.00362	4.232	0.0538
287	0.000	0.00379	4.190	0.0551
170	0.000	0.004	4.142	0.0566
522	0.000	0.00401	4.139	0.0566
496	0.000	0.00414	4.110	0.0576
57	0.000	0.00425	4.086	0.0583
696	0.075	0.00453	4.028	0.0609
977	0.000	0.00456	4.022	0.0609
490	0.000	0.00485	3.966	0.0639
471	0.000	0.00531	3.886	0.0688
828	0.000	0.00536	3.876	0.0688
873	0.000	0.00544	3.863	0.0689
670	0.000	0.00586	3.796	0.0724
429	0.000	0.00582	3.803	0.0724
848	0.000	0.00605	3.768	0.0728
909	0.000	0.00604	3.769	0.0728
165	0.000	0.00616	3.752	0.0732
949	0.000	0.0063	3.731	0.074
897	0.156	0.0065	3.703	0.0752
627	0.000	0.00663	3.686	0.0752
497	0.000	0.00656	3.695	0.0752
438	0.000	0.0067	3.675	0.0752
502	0.000	0.00679	3.664	0.0753
850	0.000	0.00696	3.642	0.0763
867	0.000	0.0071	3.623	0.0771
894	0.000	0.00756	3.567	0.0812
464	0.000	0.00817	3.497	0.0858
41	0.000	0.00809	3.506	0.0858
958	0.000	0.00879	3.432	0.0914
460	0.000	0.00892	3.419	0.0917
80	0.000	0.00906	3.405	0.0922
672	0.000	0.00918	3.394	0.0925
801	0.000	0.00941	3.372	0.0938
211	0.000	0.00965	3.350	0.0952
888	0.000	0.00984	3.331	0.0962
829	0.000	0.01	3.317	0.0966
93	0.000	0.0101	3.310	0.0966
748	0.000	0.0103	3.292	0.0976
388	0.000	0.0106	3.262	0.1
521	0.000	0.0108	3.246	0.101
702	0.000	0.0114	3.201	0.105
493	0.000	0.0117	3.179	0.107
345	0.000	0.0124	3.127	0.112
6	0.000	0.0126	3.112	0.112
583	0.000	0.0129	3.094	0.112
527	0.000	0.0128	3.096	0.112
823	0.000	0.0129	3.094	0.112
855	0.000	0.013	3.085	0.112
700	0.000	0.0133	3.066	0.113
856	0.084	0.0132	3.074	0.113
48	0.000	0.0135	3.049	0.114
205	0.000	0.0139	3.028	0.115
956	0.000	0.0139	3.028	0.115
972	0.090	0.0141	3.012	0.115
758	0.091	0.0142	3.005	0.115
623	0.000	0.0142	3.008	0.115
182	0.137	0.0146	2.979	0.118
377	0.208	0.0154	2.935	0.122
910	0.000	0.0154	2.935	0.122
584	0.000	0.0156	2.921	0.123
709	0.000	0.0161	2.893	0.125
470	0.000	0.0162	2.893	0.125
843	0.000	0.0163	2.884	0.125
501	0.000	0.0164	2.879	0.125
692	0.000	0.0166	2.870	0.125
129	0.000	0.0171	2.844	0.127
24	0.000	0.0169	2.851	0.127
688	0.080	0.0172	2.838	0.127
298	0.101	0.0173	2.831	0.127
327	0.000	0.0184	2.779	0.129
145	0.114	0.0178	2.807	0.129
400	0.000	0.0187	2.763	0.129
295	0.000	0.0187	2.765	0.129
776	0.107	0.0186	2.771	0.129
953	0.000	0.0182	2.788	0.129
63	0.000	0.0183	2.785	0.129
976	0.000	0.0183	2.785	0.129
885	0.000	0.0192	2.740	0.131
533	0.000	0.0191	2.744	0.131
281	0.000	0.0199	2.710	0.135
412	0.000	0.0202	2.697	0.136
315	0.000	0.0205	2.685	0.137
488	0.000	0.021	2.664	0.139
793	0.089	0.0217	2.635	0.143
710	0.084	0.022	2.622	0.144
144	0.000	0.0222	2.614	0.144
387	0.104	0.0225	2.603	0.145
913	0.000	0.0228	2.591	0.145
451	0.114	0.0227	2.594	0.145
257	0.101	0.0231	2.579	0.146
185	0.090	0.0237	2.558	0.149
21	0.114	0.0239	2.552	0.149
70	0.093	0.0246	2.527	0.152
868	0.000	0.0251	2.507	0.154
27	0.000	0.0251	2.510	0.154
585	0.168	0.0264	2.464	0.161
730	0.095	0.0269	2.448	0.162
821	0.000	0.0269	2.448	0.162
851	0.000	0.0276	2.426	0.165
936	0.000	0.0279	2.417	0.166
82	0.131	0.0285	2.397	0.169
911	0.000	0.0318	2.305	0.186
835	0.000	0.0317	2.308	0.186
965	0.000	0.0326	2.284	0.187
380	0.128	0.0326	2.282	0.187
72	0.094	0.0324	2.288	0.187
384	0.167	0.033	2.274	0.188
809	0.000	0.0336	2.257	0.19
755	0.000	0.0337	2.255	0.19
256	0.000	0.0341	2.245	0.191
22	0.000	0.0344	2.238	0.192
525	0.000	0.0349	2.226	0.193
437	0.120	0.0356	2.207	0.196
2	0.000	0.0358	2.204	0.196
904	0.000	0.0366	2.184	0.199
503	0.124	0.0366	2.185	0.199
472	0.114	0.0374	2.166	0.202
683	0.000	0.0381	2.151	0.204
570	0.000	0.0385	2.142	0.205
982	0.000	0.0388	2.135	0.206
462	0.000	0.0413	2.082	0.218
589	0.133	0.0416	2.075	0.219
52	0.213	0.0421	2.065	0.219
593	0.000	0.042	2.067	0.219
229	0.131	0.0432	2.044	0.222
512	0.000	0.0431	2.045	0.222
937	0.000	0.0433	2.041	0.222
276	0.000	0.0438	2.031	0.222
504	0.000	0.0437	2.033	0.222
754	0.000	0.0451	2.007	0.225
760	0.107	0.0453	2.004	0.225
687	0.000	0.0451	2.007	0.225
587	0.129	0.0452	2.006	0.225
875	0.000	0.0464	1.984	0.228
878	0.000	0.0463	1.986	0.228
85	0.000	0.0472	1.969	0.231
689	0.000	0.0491	1.936	0.239
625	0.080	0.0494	1.932	0.239
381	0.198	0.0498	1.924	0.24
830	0.000	0.05	1.921	0.24
422	0.149	0.0507	1.910	0.242
45	0.147	0.0521	1.887	0.245
69	0.103	0.0518	1.891	0.245
961	0.000	0.0525	1.880	0.245
419	0.000	0.0524	1.881	0.245
912	0.000	0.0518	1.891	0.245
34	0.000	0.0531	1.870	0.245
974	0.000	0.0529	1.874	0.245
40	0.084	0.0536	1.863	0.246
271	0.165	0.0537	1.860	0.246
609	0.000	0.0563	1.822	0.255
35	0.000	0.0562	1.824	0.255
523	0.000	0.0587	1.787	0.264
214	0.000	0.059	1.783	0.265
268	0.127	0.0595	1.776	0.266
446	0.000	0.06	1.769	0.267
194	0.000	0.0617	1.746	0.272
61	0.000	0.0617	1.745	0.272
486	0.000	0.0639	1.716	0.279
601	0.000	0.0639	1.717	0.279
973	0.000	0.0645	1.709	0.279
42	0.170	0.0645	1.709	0.279
329	0.000	0.0651	1.702	0.28
103	0.123	0.0657	1.694	0.282
36	0.000	0.0668	1.680	0.285
674	0.000	0.067	1.678	0.285
715	0.000	0.0679	1.667	0.287
420	0.243	0.0689	1.654	0.291
67	0.138	0.0694	1.649	0.292
528	0.000	0.0702	1.639	0.294
484	0.000	0.0711	1.629	0.296
948	0.000	0.0722	1.617	0.299
71	0.129	0.0733	1.604	0.303
812	0.000	0.0737	1.599	0.303
840	0.202	0.0744	1.592	0.304
158	0.000	0.0746	1.589	0.304
580	0.000	0.0755	1.580	0.307
314	0.000	0.0765	1.569	0.308
901	0.000	0.0767	1.567	0.308
622	0.000	0.0768	1.566	0.308
75	0.140	0.0783	1.550	0.312
258	0.346	0.0788	1.545	0.312
733	0.150	0.0785	1.548	0.312
141	0.000	0.079	1.543	0.312
466	0.000	0.0804	1.529	0.316
649	0.000	0.0812	1.521	0.318
967	0.000	0.0822	1.510	0.321
619	0.000	0.0851	1.482	0.322
531	0.132	0.0835	1.498	0.322
507	0.184	0.0842	1.491	0.322
646	0.359	0.0852	1.481	0.322
118	0.141	0.0855	1.479	0.322
602	0.149	0.0841	1.492	0.322
826	0.160	0.0836	1.497	0.322
914	0.097	0.0846	1.487	0.322
862	0.000	0.0839	1.494	0.322
266	0.126	0.0866	1.468	0.324
65	0.189	0.0865	1.470	0.324
160	0.000	0.0869	1.465	0.324
701	0.000	0.0885	1.451	0.328
198	0.000	0.0897	1.440	0.331
631	0.000	0.1	1.351	0.368
500	0.239	0.1	1.350	0.368
88	0.000	0.102	1.340	0.37
46	0.000	0.101	1.343	0.37
244	0.000	0.102	1.336	0.371
32	0.000	0.103	1.331	0.371
896	0.170	0.104	1.324	0.373
442	0.198	0.105	1.317	0.375
465	0.000	0.105	1.311	0.377
747	0.000	0.107	1.301	0.38
270	0.172	0.107	1.296	0.381
861	0.000	0.109	1.287	0.384
125	0.127	0.109	1.285	0.384
863	0.213	0.11	1.279	0.385
150	0.000	0.11	1.276	0.385
933	0.000	0.11	1.275	0.385
444	0.205	0.111	1.271	0.385
740	0.000	0.111	1.269	0.385
738	0.000	0.115	1.242	0.397
405	0.187	0.116	1.235	0.399
215	0.000	0.118	1.221	0.403
951	0.000	0.118	1.221	0.403
926	0.202	0.121	1.202	0.412
193	0.000	0.123	1.192	0.416
178	0.000	0.125	1.176	0.418
681	0.000	0.124	1.181	0.418
181	0.000	0.125	1.178	0.418
756	0.000	0.125	1.178	0.418
485	0.298	0.127	1.167	0.422
508	0.000	0.129	1.149	0.426
537	0.000	0.129	1.151	0.426
334	0.000	0.129	1.153	0.426
363	0.384	0.129	1.150	0.426
355	0.000	0.131	1.139	0.43
515	0.000	0.132	1.134	0.43
732	0.000	0.132	1.136	0.43
542	0.000	0.133	1.130	0.431
5	0.000	0.133	1.126	0.432
58	0.000	0.135	1.114	0.437
234	0.214	0.137	1.107	0.44
277	0.000	0.138	1.101	0.441
833	0.000	0.138	1.100	0.441
318	0.000	0.139	1.094	0.443
708	0.000	0.141	1.084	0.444
461	0.197	0.141	1.086	0.444
100	0.000	0.14	1.088	0.444
369	0.158	0.145	1.063	0.455
3	0.242	0.148	1.046	0.464
766	0.000	0.15	1.036	0.469
703	0.000	0.153	1.023	0.473
810	0.000	0.153	1.020	0.473
671	0.000	0.152	1.026	0.473
453	0.000	0.153	1.019	0.473
660	0.000	0.156	1.007	0.479
954	0.212	0.157	1.000	0.482
492	0.000	0.159	0.993	0.485
20	0.000	0.16	0.985	0.489
979	0.215	0.162	0.976	0.49
288	0.000	0.162	0.977	0.49
279	0.000	0.163	0.974	0.49
691	0.000	0.162	0.977	0.49
628	0.000	0.166	0.959	0.497
292	0.000	0.166	0.958	0.497
272	0.000	0.167	0.956	0.497
834	0.000	0.167	0.954	0.497
38	0.000	0.168	0.950	0.498
685	0.000	0.169	0.945	0.499
907	0.000	0.169	0.944	0.499
98	0.000	0.171	0.938	0.501
293	0.000	0.171	0.937	0.501
188	0.200	0.172	0.931	0.502
577	0.000	0.172	0.932	0.502
309	0.192	0.174	0.925	0.505
788	0.000	0.177	0.909	0.513
938	0.000	0.178	0.909	0.513
959	0.000	0.179	0.901	0.515
865	0.361	0.18	0.901	0.515
543	0.193	0.182	0.892	0.517
263	0.000	0.181	0.894	0.517
336	0.000	0.181	0.895	0.517
514	0.193	0.183	0.885	0.518
724	0.000	0.183	0.888	0.518
11	0.000	0.184	0.884	0.518
550	0.000	0.185	0.880	0.519
983	0.225	0.187	0.872	0.522
122	0.000	0.186	0.873	0.522
404	0.000	0.189	0.864	0.526
95	0.000	0.191	0.856	0.528
66	0.352	0.19	0.859	0.528
135	0.000	0.191	0.855	0.528
763	0.000	0.193	0.849	0.53
159	0.000	0.193	0.848	0.53
278	0.000	0.194	0.843	0.532
84	0.000	0.197	0.831	0.534
677	0.361	0.197	0.832	0.534
406	0.242	0.198	0.828	0.534
741	0.000	0.199	0.825	0.534
239	0.000	0.2	0.820	0.534
112	0.000	0.2	0.820	0.534
898	0.251	0.2	0.823	0.534
590	0.000	0.2	0.823	0.534
753	0.000	0.199	0.825	0.534
845	0.000	0.2	0.820	0.534
532	0.212	0.205	0.803	0.543
986	0.245	0.205	0.803	0.543
456	0.000	0.205	0.803	0.543
770	0.000	0.207	0.796	0.545
808	0.000	0.207	0.797	0.545
154	0.000	0.208	0.792	0.546
173	0.000	0.209	0.788	0.548
454	0.168	0.211	0.784	0.548
722	0.210	0.21	0.785	0.548
946	0.000	0.212	0.780	0.55
656	0.000	0.213	0.776	0.551
742	0.000	0.214	0.771	0.553
673	0.000	0.215	0.769	0.554
751	0.249	0.22	0.752	0.556
581	0.000	0.219	0.757	0.556
697	0.216	0.219	0.756	0.556
192	0.000	0.222	0.746	0.556
402	0.000	0.221	0.750	0.556
227	0.000	0.222	0.747	0.556
800	0.000	0.222	0.744	0.556
519	0.362	0.217	0.763	0.556
803	0.000	0.221	0.750	0.556
96	0.226	0.221	0.748	0.556
458	0.000	0.218	0.760	0.556
962	0.000	0.219	0.755	0.556
130	0.000	0.223	0.743	0.556
55	0.000	0.224	0.741	0.556
13	0.320	0.23	0.720	0.571
717	0.000	0.232	0.715	0.573
60	0.338	0.234	0.709	0.577
725	0.000	0.235	0.705	0.579
475	0.000	0.237	0.698	0.583
333	0.000	0.238	0.695	0.583
238	0.000	0.238	0.696	0.583
664	0.266	0.244	0.678	0.593
566	0.000	0.246	0.674	0.593
874	0.000	0.246	0.673	0.593
789	0.000	0.245	0.675	0.593
294	0.000	0.244	0.679	0.593
761	0.258	0.248	0.667	0.597
775	0.000	0.252	0.656	0.599
221	0.337	0.25	0.661	0.599
89	0.000	0.252	0.657	0.599
243	0.000	0.25	0.660	0.599
153	0.240	0.251	0.659	0.599
831	0.000	0.253	0.654	0.599
786	0.000	0.253	0.653	0.599
635	0.000	0.258	0.640	0.606
373	0.000	0.257	0.642	0.606
423	0.000	0.258	0.641	0.606
51	0.000	0.259	0.638	0.606
56	0.258	0.261	0.632	0.611
468	0.000	0.264	0.623	0.617
491	0.294	0.266	0.620	0.618
313	0.000	0.268	0.614	0.619
302	0.000	0.267	0.615	0.619
250	0.377	0.27	0.608	0.619
796	0.000	0.27	0.607	0.619
866	0.284	0.268	0.613	0.619
109	0.000	0.27	0.609	0.619
947	0.308	0.269	0.612	0.619
233	0.000	0.272	0.604	0.621
598	0.000	0.273	0.602	0.622
386	0.000	0.28	0.585	0.634
467	0.000	0.279	0.585	0.634
879	0.295	0.281	0.582	0.635
799	0.000	0.282	0.580	0.636
269	0.334	0.284	0.574	0.639
678	0.000	0.284	0.574	0.639
260	0.000	0.289	0.562	0.643
184	0.264	0.289	0.562	0.643
779	0.000	0.29	0.560	0.643
573	0.000	0.287	0.566	0.643
592	0.000	0.29	0.560	0.643
392	0.302	0.288	0.564	0.643
393	0.000	0.291	0.556	0.645
966	0.000	0.293	0.553	0.647
526	0.320	0.297	0.545	0.653
390	0.000	0.298	0.542	0.654
432	0.435	0.299	0.540	0.655
586	0.000	0.301	0.536	0.657
666	0.000	0.3	0.537	0.657
430	0.164	0.303	0.531	0.659
714	0.085	0.309	0.517	0.672
207	0.000	0.31	0.516	0.672
197	0.317	0.312	0.512	0.674
806	0.000	0.317	0.500	0.685
166	0.000	0.318	0.499	0.685
621	0.000	0.319	0.496	0.686
81	0.000	0.322	0.491	0.689
147	0.000	0.321	0.492	0.689
489	0.306	0.328	0.479	0.698
94	0.000	0.327	0.480	0.698
841	0.000	0.333	0.468	0.709
104	0.000	0.335	0.464	0.712
599	0.000	0.338	0.458	0.717
804	0.000	0.34	0.456	0.718
347	0.000	0.344	0.447	0.726
920	0.308	0.346	0.444	0.728
611	100.000	0.00118	5.259	0.729
534	100.000	0.00295	4.418	0.729
358	100.000	0.00293	4.425	0.729
743	61.230	0.00224	4.672	0.729
934	0.000	0.352	0.434	0.738
296	0.000	0.356	0.427	0.743
842	0.000	0.355	0.428	0.743
651	0.000	0.357	0.424	0.745
629	0.000	0.358	0.422	0.745
767	0.000	0.359	0.421	0.746
248	0.000	0.36	0.419	0.747
769	0.000	0.363	0.414	0.75
655	0.390	0.365	0.410	0.754
667	0.000	0.369	0.403	0.761
495	0.468	0.37	0.402	0.761
899	0.337	0.375	0.393	0.769
282	0.381	0.376	0.392	0.769
487	0.000	0.377	0.391	0.77
425	0.383	0.382	0.383	0.775
889	0.000	0.381	0.383	0.775
883	0.259	0.381	0.384	0.775
603	0.535	0.384	0.379	0.778
290	0.000	0.389	0.371	0.787
354	0.000	0.392	0.367	0.789
713	0.000	0.392	0.367	0.789
26	0.000	0.393	0.365	0.79
226	0.403	0.398	0.357	0.798
151	0.000	0.402	0.352	0.801
115	0.000	0.4	0.354	0.801
352	0.418	0.401	0.352	0.801
176	0.000	0.408	0.343	0.811
320	0.283	0.412	0.337	0.816
574	0.000	0.411	0.338	0.816
745	0.000	0.415	0.332	0.821
771	0.000	0.416	0.331	0.821
203	0.000	0.419	0.327	0.823
881	0.184	0.418	0.327	0.823
325	0.000	0.422	0.323	0.824
436	0.394	0.422	0.322	0.824
952	0.572	0.422	0.322	0.824
180	0.458	0.42	0.325	0.824
727	0.000	0.43	0.311	0.838
447	0.390	0.431	0.310	0.838
319	0.548	0.437	0.302	0.842
312	0.663	0.435	0.304	0.842
219	0.000	0.435	0.305	0.842
604	0.000	0.436	0.303	0.842
97	0.000	0.443	0.295	0.852
426	0.000	0.445	0.291	0.855
39	0.000	0.448	0.288	0.858
797	0.497	0.45	0.286	0.86
339	0.000	0.457	0.276	0.873
424	0.000	0.458	0.275	0.873
204	0.421	0.467	0.265	0.887
317	0.000	0.472	0.258	0.896
209	0.000	0.477	0.253	0.903
435	0.514	0.484	0.245	0.916
816	0.000	0.487	0.242	0.916
971	0.468	0.485	0.244	0.916
183	0.000	0.487	0.242	0.916
576	0.428	0.491	0.237	0.922
218	0.000	0.492	0.236	0.922
124	0.568	0.495	0.233	0.924
236	0.000	0.501	0.226	0.93
640	0.000	0.501	0.227	0.93
77	0.430	0.5	0.227	0.93
884	0.373	0.5	0.227	0.93
110	0.000	0.507	0.220	0.937
768	0.499	0.507	0.221	0.937
356	0.000	0.51	0.217	0.939
900	0.489	0.509	0.218	0.939
509	0.503	0.513	0.214	0.939
15	0.368	0.511	0.216	0.939
675	0.000	0.513	0.214	0.939
945	0.585	0.515	0.212	0.941
737	0.000	0.516	0.211	0.942
942	0.389	0.517	0.210	0.942
860	0.503	0.523	0.204	0.948
774	0.623	0.523	0.204	0.948
23	0.707	0.523	0.204	0.948
987	0.291	0.527	0.200	0.952
351	0.000	0.531	0.196	0.956
477	0.397	0.53	0.197	0.956
927	0.601	0.536	0.192	0.96
802	0.000	0.538	0.190	0.96
538	0.521	0.537	0.191	0.96
669	0.541	0.538	0.190	0.96
728	0.000	0.537	0.191	0.96
54	0.566	0.545	0.183	0.972
323	0.000	0.561	0.169	0.998
208	0.000	0.685	0.082	1
206	1.612	0.706	0.071	1
201	0.000	0.782	0.038	1
202	0.000	0.914	0.006	1
210	3.249	0.272	0.603	1
847	1.004	0.999	0.000	1
844	0.566	0.661	0.096	1
212	0.000	0.837	0.021	1
837	0.000	0.955	0.002	1
213	0.702	0.633	0.114	1
836	0.845	0.829	0.023	1
216	2.049	0.635	0.113	1
217	0.000	0.883	0.011	1
220	9.813	0.127	1.166	1
832	1.163	0.902	0.008	1
222	1.707	0.639	0.110	1
224	0.732	0.707	0.071	1
228	2.353	0.202	0.812	1
230	0.890	0.926	0.004	1
839	1.311	0.753	0.050	1
200	0.000	0.959	0.001	1
551	1.000	1	0.000	1
827	2.442	0.545	0.183	1
167	0.588	0.62	0.123	1
168	0.000	0.641	0.109	1
872	0.681	0.794	0.034	1
169	0.000	0.823	0.025	1
870	0.540	0.675	0.088	1
869	100.000	0.077	1.564	1
171	100.000	0.359	0.421	1
172	5.481	0.247	0.669	1
174	0.595	0.636	0.112	1
175	0.000	0.577	0.156	1
864	1.090	0.953	0.002	1
849	0.000	0.818	0.027	1
177	1.312	0.84	0.020	1
187	0.668	0.573	0.159	1
189	0.000	0.779	0.039	1
190	0.604	0.597	0.140	1
858	0.495	0.572	0.160	1
857	6.428	0.203	0.809	1
191	0.000	0.97	0.001	1
195	0.992	0.994	0.000	1
854	0.000	0.892	0.009	1
853	2.178	0.494	0.234	1
852	1.248	0.805	0.030	1
196	0.673	0.661	0.096	1
179	0.000	0.729	0.060	1
199	1.809	0.537	0.191	1
232	0.000	0.628	0.118	1
825	0.000	0.583	0.151	1
262	0.000	0.736	0.057	1
795	0.561	0.645	0.106	1
794	0.000	0.973	0.001	1
264	100.000	0.235	0.705	1
792	0.804	0.844	0.019	1
791	94.524	0.33	0.474	1
790	2.228	0.531	0.196	1
265	0.000	0.794	0.034	1
267	0.000	0.788	0.036	1
787	1.000	1	0.000	1
273	0.000	0.94	0.003	1
785	0.000	0.85	0.018	1
784	0.000	0.964	0.001	1
783	1.000	1	0.000	1
782	0.000	0.866	0.014	1
781	0.000	0.97	0.001	1
780	0.000	0.59	0.145	1
274	3.979	0.023	2.586	1
778	0.000	0.672	0.090	1
777	0.621	0.708	0.070	1
275	1.642	0.593	0.143	1
280	1.047	0.976	0.000	1
284	1.000	1	0.000	1
261	88.695	0.0212	2.653	1
231	100.000	0.353	0.430	1
798	0.910	0.924	0.005	1
255	0.560	0.653	0.101	1
824	100.000	0.658	0.098	1
164	0.000	0.567	0.164	1
822	0.000	0.815	0.027	1
235	100.000	0.817	0.027	1
237	0.000	0.769	0.043	1
819	0.000	0.849	0.018	1
240	0.000	0.908	0.007	1
817	3.340	0.253	0.653	1
241	0.000	0.85	0.018	1
815	0.000	0.955	0.002	1
814	0.000	0.954	0.002	1
813	0.000	0.937	0.003	1
242	100.000	0.0396	2.117	1
811	0.000	0.94	0.003	1
245	96.153	0.502	0.225	1
246	0.713	0.8	0.032	1
247	0.000	0.631	0.116	1
807	0.000	0.735	0.057	1
249	1.270	0.753	0.049	1
805	1.911	0.611	0.130	1
252	0.000	0.711	0.069	1
253	100.000	0.258	0.639	1
254	1.000	1	0.000	1
259	100.000	0.0918	1.421	1
876	0.000	0.792	0.035	1
163	0.000	0.645	0.106	1
773	0.658	0.728	0.060	1
50	1.796	0.655	0.100	1
957	1.000	1	0.000	1
53	100.000	0.314	0.507	1
955	86.169	0.775	0.041	1
59	0.933	0.95	0.002	1
62	0.612	0.738	0.056	1
64	1.000	1	0.000	1
68	96.314	0.441	0.297	1
73	0.000	0.655	0.100	1
74	0.000	0.972	0.001	1
76	0.742	0.811	0.029	1
78	100.000	0.00736	3.591	1
79	0.000	0.809	0.029	1
944	0.884	0.923	0.005	1
943	0.000	0.936	0.003	1
83	64.762	0.0284	2.400	1
941	0.589	0.588	0.147	1
940	0.637	0.755	0.049	1
939	1.285	0.844	0.019	1
86	0.000	0.758	0.048	1
87	1.843	0.624	0.120	1
91	1.218	0.892	0.009	1
935	0.000	0.979	0.000	1
49	0.000	0.937	0.003	1
92	0.000	0.892	0.009	1
960	100.000	0.272	0.602	1
44	1.142	0.917	0.005	1
985	0.552	0.649	0.104	1
4	0.975	0.984	0.000	1
7	100.000	0.678	0.086	1
8	6.147	0.255	0.649	1
981	100.000	0.34	0.455	1
980	0.642	0.622	0.121	1
9	0.000	0.648	0.104	1
978	0.594	0.597	0.140	1
10	0.000	0.631	0.116	1
17	0.000	0.962	0.001	1
18	0.483	0.597	0.140	1
19	0.540	0.616	0.126	1
25	100.000	0.254	0.652	1
28	0.944	0.965	0.001	1
29	1.135	0.894	0.009	1
970	0.698	0.734	0.058	1
30	0.699	0.787	0.036	1
968	0.667	0.82	0.026	1
33	100.000	0.0328	2.278	1
37	0.000	0.921	0.005	1
43	0.000	0.921	0.005	1
964	0.974	0.98	0.000	1
963	0.000	0.975	0.000	1
47	0.000	0.592	0.143	1
99	0.000	0.86	0.016	1
101	1.220	0.88	0.011	1
931	0.000	0.753	0.049	1
128	0.000	0.946	0.002	1
131	1.000	1	0.000	1
132	0.000	0.839	0.021	1
134	1.000	1	0.000	1
137	1.513	0.74	0.055	1
138	0.795	0.829	0.023	1
895	1.035	0.978	0.000	1
140	0.640	0.709	0.070	1
893	100.000	0.355	0.427	1
892	2.216	0.452	0.283	1
891	1.734	0.632	0.115	1
890	0.844	0.855	0.017	1
142	3.222	0.419	0.326	1
143	100.000	0.0105	3.275	1
146	0.638	0.62	0.123	1
148	0.728	0.751	0.050	1
149	0.636	0.757	0.048	1
152	1.892	0.668	0.092	1
155	0.000	0.89	0.010	1
156	1.291	0.84	0.020	1
161	0.000	0.94	0.003	1
880	0.840	0.904	0.007	1
162	0.000	0.729	0.060	1
902	0.675	0.709	0.070	1
903	2.144	0.529	0.199	1
127	0.000	0.731	0.059	1
905	7.516	0.189	0.861	1
930	1.514	0.682	0.084	1
102	0.000	0.971	0.001	1
928	0.000	0.827	0.024	1
105	0.000	0.727	0.061	1
925	100.000	0.0383	2.146	1
924	0.000	0.895	0.009	1
923	0.494	0.606	0.133	1
922	100.000	0.141	1.085	1
106	0.000	0.648	0.104	1
107	0.000	0.85	0.018	1
919	0.615	0.67	0.091	1
877	1.398	0.786	0.037	1
918	0.000	0.779	0.039	1
916	0.785	0.85	0.018	1
915	1.906	0.582	0.152	1
111	0.000	0.841	0.020	1
113	1.000	1	0.000	1
116	0.000	0.616	0.126	1
117	0.000	0.808	0.030	1
119	9.761	0.15	1.034	1
120	0.000	0.942	0.003	1
121	92.469	0.00855	3.458	1
123	0.000	0.894	0.009	1
906	0.684	0.765	0.045	1
108	0.000	0.691	0.079	1
772	0.000	0.884	0.011	1
289	0.000	0.772	0.042	1
286	3.282	0.167	0.955	1
440	100.000	0.299	0.540	1
441	0.711	0.712	0.068	1
443	8.213	0.0943	1.400	1
445	100.000	0.716	0.066	1
626	0.000	0.801	0.032	1
448	0.835	0.824	0.025	1
624	0.000	0.602	0.136	1
449	100.000	0.112	1.265	1
450	6.403	0.151	1.033	1
452	0.000	0.916	0.006	1
620	0.489	0.6	0.137	1
457	0.000	0.724	0.063	1
618	100.000	0.492	0.236	1
617	0.000	0.94	0.003	1
616	0.000	0.786	0.037	1
615	0.000	0.644	0.107	1
614	0.622	0.603	0.135	1
613	2.455	0.356	0.426	1
612	3.613	0.37	0.402	1
459	0.969	0.972	0.001	1
610	1.000	1	0.000	1
469	0.000	0.919	0.005	1
608	53.232	0.0406	2.096	1
439	2.669	0.469	0.262	1
607	1.000	1	0.000	1
632	1.000	1	0.000	1
634	0.000	0.931	0.004	1
657	0.000	0.941	0.003	1
418	0.916	0.952	0.002	1
421	1.144	0.823	0.025	1
654	0.000	0.975	0.000	1
653	0.000	0.881	0.011	1
652	0.000	0.568	0.163	1
427	0.000	0.964	0.001	1
650	0.000	0.892	0.009	1
428	0.000	0.834	0.022	1
648	0.000	0.825	0.024	1
647	0.000	0.605	0.134	1
431	0.000	0.745	0.053	1
645	0.000	0.95	0.002	1
644	0.000	0.892	0.009	1
643	0.000	0.782	0.038	1
642	1.000	1	0.000	1
641	3.675	0.351	0.435	1
433	0.582	0.644	0.107	1
639	0.000	0.842	0.020	1
638	0.000	0.903	0.007	1
637	100.000	0.528	0.199	1
636	1.000	1	0.000	1
434	2.952	0.363	0.415	1
633	0.000	0.892	0.009	1
658	2.909	0.49	0.238	1
606	1.000	1	0.000	1
473	0.000	0.636	0.112	1
540	87.516	0.507	0.220	1
541	91.082	0.153	1.021	1
544	100.000	0.139	1.094	1
545	100.000	0.338	0.459	1
546	2.714	0.418	0.328	1
569	0.000	0.945	0.002	1
547	1.834	0.587	0.148	1
567	0.661	0.777	0.040	1
548	0.000	0.943	0.003	1
565	0.000	0.94	0.003	1
564	1.000	1	0.000	1
563	0.000	0.947	0.002	1
562	0.000	0.939	0.003	1
561	0.000	0.939	0.003	1
560	0.000	0.936	0.003	1
559	0.000	0.94	0.003	1
558	0.000	0.94	0.003	1
557	89.100	0.319	0.497	1
556	0.000	0.961	0.001	1
555	0.000	0.944	0.002	1
554	0.000	0.926	0.004	1
553	90.277	0.165	0.963	1
552	1.953	0.548	0.180	1
575	0.000	0.916	0.006	1
605	0.000	0.793	0.034	1
539	100.000	0.253	0.653	1
579	1.000	1	0.000	1
476	1.146	0.915	0.006	1
478	6.292	0.259	0.638	1
600	0.000	0.92	0.005	1
479	2.120	0.56	0.170	1
480	28.126	0.058	1.797	1
597	0.000	0.892	0.009	1
596	0.000	0.689	0.080	1
595	0.000	0.955	0.002	1
594	1.000	1	0.000	1
481	0.000	0.717	0.066	1
482	1.207	0.836	0.021	1
591	0.780	0.863	0.015	1
483	0.698	0.805	0.030	1
498	0.000	0.935	0.003	1
588	2.529	0.504	0.224	1
506	0.000	0.945	0.002	1
510	100.000	0.29	0.559	1
513	0.000	0.953	0.002	1
516	0.859	0.874	0.013	1
524	1.308	0.824	0.025	1
582	0.661	0.748	0.051	1
535	0.000	0.917	0.005	1
536	0.000	0.948	0.002	1
578	1.544	0.772	0.042	1
285	1.831	0.467	0.265	1
417	100.000	0.0888	1.448	1
661	0.000	0.612	0.129	1
328	1.423	0.634	0.113	1
330	0.000	0.883	0.011	1
331	1.915	0.588	0.147	1
332	32.002	0.0436	2.036	1
335	1.000	1	0.000	1
736	0.000	0.926	0.004	1
735	0.000	0.929	0.004	1
734	0.000	0.817	0.027	1
337	0.431	0.572	0.159	1
338	0.000	0.836	0.021	1
731	100.000	0.232	0.714	1
340	0.700	0.783	0.038	1
729	0.000	0.949	0.002	1
341	0.812	0.872	0.013	1
726	1.000	1	0.000	1
342	1.000	1	0.000	1
344	0.000	0.93	0.004	1
346	99.895	0.298	0.542	1
348	1.072	0.94	0.003	1
721	0.000	0.668	0.092	1
720	0.000	0.89	0.009	1
719	100.000	0.0699	1.643	1
718	1.000	1	0.000	1
326	0.523	0.659	0.097	1
349	100.000	0.2	0.820	1
324	1.196	0.844	0.019	1
746	1.000	1	0.000	1
549	0.000	0.947	0.002	1
291	0.786	0.754	0.049	1
297	1.743	0.646	0.106	1
299	1.000	1	0.000	1
765	0.000	0.776	0.040	1
300	0.000	0.663	0.095	1
301	2.355	0.367	0.408	1
303	0.000	0.911	0.006	1
304	0.000	0.771	0.042	1
305	4.516	0.17	0.942	1
759	4.971	0.114	1.247	1
306	3.789	0.246	0.673	1
757	0.720	0.732	0.058	1
307	0.000	0.657	0.098	1
308	0.000	0.75	0.051	1
310	3.464	0.213	0.777	1
311	0.000	0.951	0.002	1
752	0.000	0.902	0.008	1
316	0.758	0.855	0.017	1
750	0.000	0.828	0.024	1
749	0.000	0.616	0.126	1
321	0.483	0.625	0.120	1
322	0.000	0.787	0.037	1
744	1.220	0.839	0.021	1
416	0.996	0.998	0.000	1
716	0.665	0.746	0.053	1
353	0.000	0.747	0.052	1
383	2.742	0.215	0.770	1
684	100.000	0.0916	1.423	1
385	0.000	0.815	0.027	1
682	3.083	0.413	0.335	1
389	0.000	0.89	0.010	1
680	1.554	0.729	0.060	1
679	0.730	0.813	0.028	1
391	0.000	0.917	0.005	1
394	0.979	0.99	0.000	1
395	0.000	0.86	0.016	1
396	0.000	0.856	0.016	1
397	0.000	0.82	0.026	1
398	0.957	0.976	0.000	1
399	10.853	0.139	1.096	1
401	1.892	0.613	0.128	1
403	1.000	1	0.000	1
668	1.891	0.488	0.241	1
408	1.078	0.946	0.002	1
410	0.000	0.92	0.005	1
665	38.020	0.038	2.151	1
415	1.746	0.628	0.117	1
663	94.476	0.376	0.392	1
662	0.000	0.883	0.011	1
686	0.000	0.935	0.003	1
350	0.581	0.636	0.112	1
382	1.173	0.829	0.023	1
378	100.000	0.239	0.694	1
712	0.000	0.857	0.016	1
711	2.042	0.51	0.217	1
357	0.000	0.873	0.013	1
359	17.206	0.207	0.795	1
360	0.000	0.865	0.014	1
362	0.000	0.869	0.014	1
706	0.000	0.916	0.006	1
705	94.121	0.298	0.541	1
364	0.000	0.974	0.001	1
365	1.000	1	0.000	1
366	0.904	0.937	0.003	1
367	100.000	0.285	0.571	1
368	1.788	0.696	0.076	1
370	1.004	0.997	0.000	1
698	2.427	0.297	0.543	1
371	2.550	0.485	0.243	1
372	2.899	0.47	0.261	1
695	0.700	0.737	0.056	1
694	0.987	0.99	0.000	1
693	1.376	0.723	0.063	1
374	1.000	1	0.000	1
375	4.528	0.36	0.418	1
376	2.149	0.494	0.233	1
379	1.000	1	0.000	1
494	1.212	0.877	0.012	1