# Omega fit to each site after fixing tree and all other parameters.
# Fits compared to null model of omega = 1.
# P-values NOT corrected for multiple testing, so consider Q-values too.
# Q-values computed separately for omega > and < 1 # Will fit different synonymous rate for each site.
#
site	omega	P	dLnL	Q
126	0.000	4.84e-06	10.449	0.00239
278	0.000	4e-06	10.631	0.00239
201	0.000	1.45e-05	9.399	0.00359
499	0.000	1.82e-05	9.184	0.00359
343	0.000	1.82e-05	9.187	0.00359
165	0.000	5.1e-05	8.206	0.0042
835	0.000	5.27e-05	8.174	0.0042
61	0.000	4.03e-05	8.428	0.0042
871	0.000	4.91e-05	8.241	0.0042
984	0.000	5.54e-05	8.127	0.0042
267	0.000	5.21e-05	8.185	0.0042
16	0.000	3.68e-05	8.514	0.0042
12	0.000	2.79e-05	8.777	0.0042
778	0.000	6.85e-05	7.926	0.00451
205	0.000	6.65e-05	7.954	0.00451
807	0.000	8.76e-05	7.694	0.00455
721	0.000	7.52e-05	7.837	0.00455
137	0.000	8.32e-05	7.743	0.00455
308	0.000	8.42e-05	7.730	0.00455
460	0.000	0.000104	7.528	0.00491
908	0.000	0.000103	7.544	0.00491
189	0.000	0.000122	7.384	0.00546
380	0.000	0.000133	7.297	0.00548
133	0.000	0.000131	7.316	0.00548
413	0.000	0.000155	7.157	0.00587
451	0.000	0.000154	7.160	0.00587
225	0.000	0.000178	7.027	0.00605
659	0.000	0.000168	7.080	0.00605
529	0.028	0.000173	7.053	0.00605
775	0.000	0.000237	6.757	0.00743
296	0.000	0.000233	6.771	0.00743
929	0.000	0.000241	6.741	0.00743
828	0.000	0.00028	6.599	0.00786
571	0.000	0.000287	6.578	0.00786
414	0.000	0.000287	6.578	0.00786
805	0.000	0.000271	6.629	0.00786
937	0.000	0.000298	6.543	0.00794
904	0.000	0.000306	6.517	0.00794
35	0.000	0.000323	6.465	0.00818
882	0.000	0.000341	6.415	0.00821
392	0.000	0.000333	6.437	0.00821
848	0.000	0.000351	6.389	0.00825
181	0.000	0.0004	6.267	0.00896
652	0.000	0.000392	6.285	0.00896
599	0.000	0.000556	5.959	0.0105
511	0.000	0.000537	5.992	0.0105
57	0.000	0.000549	5.971	0.0105
251	0.000	0.000542	5.982	0.0105
758	0.031	0.000517	6.027	0.0105
670	0.000	0.000534	5.996	0.0105
31	0.000	0.000524	6.015	0.0105
195	0.000	0.000547	5.974	0.0105
136	0.062	0.000601	5.886	0.0108
764	0.000	0.000582	5.917	0.0108
818	0.000	0.000612	5.869	0.0108
950	0.000	0.000595	5.896	0.0108
886	0.000	0.00067	5.786	0.0116
707	0.000	0.00069	5.758	0.0117
79	0.000	0.000719	5.720	0.0118
315	0.000	0.00071	5.732	0.0118
294	0.000	0.000754	5.675	0.0122
10	0.000	0.000811	5.608	0.0127
672	0.000	0.000808	5.612	0.0127
626	0.000	0.000853	5.561	0.0132
219	0.000	0.000867	5.546	0.0132
281	0.000	0.000884	5.528	0.0132
14	0.000	0.000955	5.456	0.0141
820	0.000	0.000975	5.437	0.0142
748	0.000	0.00108	5.342	0.0155
676	0.000	0.00117	5.268	0.0163
733	0.000	0.00117	5.270	0.0163
655	0.000	0.00123	5.219	0.0165
975	0.000	0.00122	5.229	0.0165
169	0.000	0.00121	5.241	0.0165
704	0.000	0.00131	5.165	0.0172
289	0.000	0.00135	5.136	0.0175
699	0.051	0.00138	5.113	0.0177
969	0.000	0.0014	5.101	0.0178
238	0.000	0.00148	5.053	0.0183
6	0.000	0.00148	5.050	0.0183
480	0.000	0.00158	4.993	0.0187
24	0.000	0.00156	5.001	0.0187
428	0.000	0.00159	4.984	0.0187
244	0.000	0.00158	4.991	0.0187
674	0.000	0.00168	4.936	0.0193
262	0.000	0.00167	4.942	0.0193
384	0.000	0.00179	4.874	0.0204
505	0.000	0.00183	4.859	0.0205
129	0.000	0.0019	4.821	0.0209
648	0.000	0.00191	4.818	0.0209
917	0.046	0.00202	4.766	0.0214
93	0.000	0.00206	4.747	0.0214
723	0.000	0.00208	4.741	0.0214
388	0.000	0.00209	4.736	0.0214
859	0.000	0.00199	4.780	0.0214
928	0.000	0.00201	4.772	0.0214
689	0.000	0.0021	4.730	0.0214
641	0.000	0.00214	4.712	0.0216
887	0.000	0.00229	4.653	0.0226
239	0.000	0.00229	4.649	0.0226
353	0.000	0.00234	4.632	0.0228
114	0.000	0.00256	4.548	0.0243
287	0.000	0.00253	4.559	0.0243
712	0.000	0.00256	4.548	0.0243
623	0.000	0.00262	4.526	0.0247
464	0.000	0.00274	4.487	0.0253
474	0.000	0.00271	4.495	0.0253
753	0.000	0.00279	4.470	0.0255
850	0.000	0.00282	4.461	0.0255
583	0.000	0.00299	4.406	0.0266
463	0.000	0.00299	4.408	0.0266
876	0.000	0.0032	4.345	0.0282
139	0.000	0.00359	4.240	0.0294
132	0.000	0.00364	4.227	0.0294
144	0.000	0.00364	4.228	0.0294
750	0.000	0.00367	4.219	0.0294
779	0.000	0.00364	4.228	0.0294
362	0.000	0.00369	4.214	0.0294
894	0.000	0.00345	4.276	0.0294
888	0.000	0.00359	4.240	0.0294
90	0.000	0.00357	4.246	0.0294
785	0.000	0.00355	4.251	0.0294
395	0.000	0.00338	4.296	0.0294
601	0.000	0.0034	4.290	0.0294
70	0.043	0.00376	4.199	0.0297
27	0.000	0.00384	4.179	0.0301
48	0.000	0.00388	4.170	0.0301
932	0.000	0.00404	4.134	0.031
823	0.000	0.00405	4.132	0.031
422	0.058	0.00421	4.096	0.0315
861	0.000	0.00417	4.105	0.0315
322	0.000	0.00419	4.101	0.0315
170	0.000	0.00447	4.041	0.0329
739	0.000	0.00444	4.046	0.0329
696	0.057	0.00458	4.019	0.0335
873	0.000	0.00474	3.988	0.0341
402	0.000	0.00471	3.994	0.0341
910	0.000	0.00477	3.983	0.0341
949	0.000	0.00494	3.951	0.035
934	0.000	0.00496	3.947	0.035
622	0.000	0.00503	3.934	0.0351
386	0.000	0.00507	3.927	0.0351
214	0.000	0.00508	3.926	0.0351
577	0.000	0.00524	3.897	0.0355
656	0.000	0.00522	3.901	0.0355
977	0.000	0.00525	3.895	0.0355
265	0.000	0.00531	3.886	0.0355
846	0.000	0.00538	3.873	0.0355
1	0.000	0.0054	3.870	0.0355
41	0.000	0.00539	3.872	0.0355
168	0.000	0.00552	3.850	0.0361
496	0.000	0.00569	3.823	0.0362
263	0.000	0.00572	3.818	0.0362
94	0.000	0.0057	3.821	0.0362
879	0.000	0.00565	3.830	0.0362
877	0.000	0.00562	3.834	0.0362
393	0.000	0.0059	3.790	0.0371
954	0.000	0.00645	3.710	0.0374
223	0.054	0.00627	3.736	0.0374
616	0.000	0.00632	3.728	0.0374
256	0.000	0.00602	3.772	0.0374
78	0.000	0.00633	3.727	0.0374
972	0.000	0.00644	3.712	0.0374
97	0.000	0.00644	3.712	0.0374
455	0.000	0.00644	3.711	0.0374
918	0.000	0.00643	3.712	0.0374
502	0.000	0.00604	3.770	0.0374
234	0.000	0.00622	3.742	0.0374
518	0.000	0.00609	3.762	0.0374
86	0.000	0.00632	3.729	0.0374
520	0.000	0.00658	3.692	0.038
145	0.066	0.00663	3.686	0.038
473	0.000	0.00683	3.658	0.039
849	0.000	0.00693	3.646	0.0393
377	0.105	0.00709	3.625	0.0397
639	0.000	0.00707	3.628	0.0397
411	0.000	0.00737	3.590	0.0411
151	0.000	0.0075	3.575	0.0416
471	0.000	0.00781	3.539	0.0428
795	0.052	0.0078	3.540	0.0428
913	0.000	0.0079	3.528	0.0431
183	0.000	0.00805	3.512	0.0436
926	0.066	0.00832	3.482	0.0446
336	0.000	0.00832	3.481	0.0446
2	0.000	0.00849	3.464	0.0453
442	0.067	0.00856	3.456	0.0454
355	0.000	0.00907	3.404	0.0479
211	0.000	0.00915	3.397	0.048
788	0.000	0.00956	3.357	0.0494
98	0.000	0.00955	3.358	0.0494
163	0.000	0.00952	3.361	0.0494
501	0.000	0.0098	3.335	0.0498
487	0.000	0.00975	3.340	0.0498
801	0.000	0.00984	3.332	0.0498
609	0.000	0.00979	3.336	0.0498
338	0.000	0.0099	3.327	0.0498
793	0.000	0.00997	3.320	0.0499
20	0.000	0.0104	3.284	0.0516
874	0.000	0.0104	3.283	0.0516
409	0.000	0.0107	3.259	0.0521
396	0.000	0.0106	3.264	0.0521
604	0.000	0.0107	3.260	0.0521
855	0.000	0.0107	3.256	0.0521
420	0.106	0.0108	3.252	0.0521
147	0.000	0.0109	3.244	0.0523
747	0.000	0.0109	3.239	0.0523
885	0.000	0.0112	3.217	0.0534
838	0.000	0.0113	3.206	0.0535
930	0.000	0.0113	3.209	0.0535
822	0.000	0.0115	3.195	0.0539
215	0.000	0.0116	3.185	0.0543
470	0.000	0.0117	3.178	0.0545
868	0.000	0.0119	3.164	0.0545
135	0.000	0.0118	3.172	0.0545
967	0.000	0.0119	3.165	0.0545
309	0.000	0.0123	3.131	0.0563
760	0.000	0.0127	3.105	0.0577
589	0.074	0.0129	3.094	0.0582
390	0.000	0.0129	3.091	0.0582
397	0.000	0.0131	3.077	0.0588
625	0.035	0.0135	3.052	0.0603
694	0.000	0.0137	3.040	0.0608
361	0.000	0.0138	3.034	0.0609
640	0.000	0.0138	3.029	0.061
77	0.000	0.0145	2.991	0.0623
862	0.000	0.0143	2.999	0.0623
461	0.000	0.0144	2.992	0.0623
572	0.000	0.0142	3.005	0.0623
108	0.000	0.0144	2.992	0.0623
317	0.000	0.0148	2.970	0.0632
799	0.000	0.0147	2.973	0.0632
95	0.000	0.015	2.958	0.0635
702	0.000	0.015	2.960	0.0635
593	0.000	0.0151	2.955	0.0635
825	0.000	0.0154	2.937	0.064
157	0.000	0.0153	2.938	0.064
732	0.000	0.0153	2.941	0.064
611	0.076	0.0156	2.926	0.0643
767	0.000	0.0156	2.926	0.0643
688	0.000	0.0158	2.914	0.0649
587	0.000	0.016	2.904	0.0652
203	0.000	0.016	2.902	0.0652
665	0.000	0.0161	2.897	0.0653
755	0.000	0.0164	2.882	0.0662
965	0.000	0.0165	2.875	0.0662
878	0.000	0.0165	2.874	0.0662
630	0.000	0.0168	2.859	0.0671
749	0.000	0.0172	2.838	0.0684
590	0.000	0.0172	2.835	0.0684
370	0.000	0.0173	2.832	0.0684
351	0.000	0.0174	2.826	0.0686
809	0.000	0.0175	2.821	0.0687
360	0.000	0.0176	2.816	0.0687
110	0.000	0.0177	2.813	0.0687
635	0.000	0.018	2.798	0.0689
21	0.000	0.0179	2.805	0.0689
780	0.000	0.018	2.797	0.0689
63	0.000	0.0179	2.802	0.0689
202	0.000	0.0182	2.788	0.069
36	0.000	0.0181	2.791	0.069
512	0.000	0.0182	2.787	0.069
522	0.000	0.0185	2.774	0.0695
897	0.142	0.0185	2.774	0.0695
958	0.000	0.0187	2.766	0.0696
389	0.000	0.0186	2.768	0.0696
493	0.000	0.0188	2.759	0.0699
740	0.000	0.019	2.753	0.0701
843	0.000	0.0192	2.743	0.0706
412	0.000	0.0197	2.720	0.0722
13	0.076	0.0203	2.694	0.0733
416	0.000	0.0204	2.687	0.0733
574	0.000	0.0205	2.685	0.0733
229	0.063	0.0202	2.698	0.0733
772	0.000	0.0202	2.697	0.0733
966	0.000	0.0204	2.691	0.0733
931	0.000	0.02	2.704	0.0733
738	0.000	0.0207	2.676	0.0737
5	0.000	0.0208	2.670	0.0737
526	0.000	0.0208	2.671	0.0737
298	0.000	0.0209	2.666	0.0738
457	0.000	0.0212	2.655	0.0745
842	0.000	0.0214	2.647	0.0749
453	0.000	0.0215	2.643	0.0749
65	0.048	0.0216	2.639	0.075
986	0.076	0.0219	2.628	0.0757
419	0.000	0.0223	2.612	0.0769
974	0.000	0.0228	2.590	0.078
821	0.000	0.0228	2.590	0.078
687	0.000	0.0228	2.591	0.078
909	0.000	0.0229	2.587	0.078
233	0.000	0.0231	2.581	0.0783
84	0.000	0.0232	2.575	0.0783
484	0.000	0.0232	2.575	0.0783
979	0.081	0.0236	2.561	0.0791
252	0.000	0.0236	2.560	0.0791
948	0.000	0.0239	2.549	0.0796
830	0.000	0.024	2.549	0.0796
160	0.000	0.0243	2.537	0.0801
268	0.091	0.0242	2.539	0.0801
919	0.000	0.0267	2.455	0.0845
713	0.000	0.0266	2.458	0.0845
588	0.000	0.0265	2.462	0.0845
466	0.000	0.026	2.479	0.0845
237	0.000	0.0267	2.454	0.0845
333	0.000	0.0259	2.481	0.0845
504	0.000	0.0259	2.482	0.0845
276	0.000	0.0264	2.465	0.0845
629	0.000	0.0269	2.449	0.0845
643	0.000	0.0269	2.449	0.0845
860	0.062	0.0266	2.460	0.0845
602	0.080	0.0263	2.469	0.0845
745	0.000	0.0268	2.451	0.0845
568	0.103	0.0257	2.487	0.0845
841	0.000	0.0262	2.470	0.0845
503	0.000	0.027	2.445	0.0847
357	0.000	0.0272	2.439	0.085
647	0.000	0.0274	2.433	0.0853
497	0.000	0.0278	2.421	0.0854
856	0.085	0.0279	2.418	0.0854
700	0.000	0.0278	2.420	0.0854
115	0.000	0.0278	2.420	0.0854
765	0.000	0.0278	2.419	0.0854
166	0.000	0.0284	2.401	0.0869
146	0.089	0.0285	2.397	0.087
271	0.086	0.0289	2.388	0.0876
592	0.000	0.0298	2.360	0.0893
82	0.075	0.0297	2.362	0.0893
650	0.000	0.0299	2.359	0.0893
158	0.000	0.0298	2.359	0.0893
290	0.000	0.0298	2.359	0.0893
570	0.000	0.0304	2.344	0.0903
329	0.000	0.0303	2.345	0.0903
953	0.000	0.0313	2.319	0.0922
194	0.000	0.0312	2.321	0.0922
816	0.000	0.0311	2.322	0.0922
715	0.000	0.0316	2.311	0.0927
250	0.117	0.0323	2.292	0.0937
973	0.000	0.0322	2.293	0.0937
177	0.000	0.0322	2.293	0.0937
385	0.000	0.0322	2.295	0.0937
185	0.080	0.0324	2.289	0.0937
295	0.000	0.033	2.274	0.0949
116	0.000	0.033	2.273	0.0949
80	0.000	0.0335	2.261	0.096
103	0.073	0.0336	2.258	0.0961
692	0.000	0.0341	2.246	0.0972
792	0.113	0.0344	2.238	0.0978
319	0.104	0.0349	2.225	0.0988
763	0.000	0.0348	2.227	0.0988
756	0.000	0.0352	2.219	0.0988
304	0.000	0.0352	2.217	0.0988
573	0.000	0.0352	2.219	0.0988
197	0.000	0.0354	2.213	0.0989
282	0.000	0.0358	2.204	0.0997
528	0.000	0.036	2.198	0.0999
710	0.098	0.036	2.198	0.0999
22	0.000	0.0366	2.185	0.101
8	0.000	0.0367	2.181	0.101
187	0.133	0.0368	2.180	0.101
833	0.000	0.0369	2.177	0.101
400	0.000	0.037	2.176	0.101
956	0.000	0.0372	2.170	0.102
217	0.000	0.0374	2.166	0.102
212	0.000	0.0377	2.160	0.102
456	0.000	0.0389	2.133	0.105
431	0.000	0.0389	2.132	0.105
751	0.000	0.0402	2.105	0.108
490	0.000	0.0405	2.098	0.109
754	0.000	0.0408	2.093	0.109
437	0.104	0.0413	2.082	0.11
786	0.000	0.0412	2.084	0.11
301	0.104	0.0417	2.074	0.111
921	0.000	0.0418	2.071	0.111
155	0.000	0.0424	2.059	0.112
790	0.107	0.0428	2.052	0.112
69	0.090	0.0428	2.052	0.112
730	0.095	0.0444	2.021	0.116
38	0.000	0.0448	2.012	0.117
423	0.000	0.0454	2.001	0.118
73	0.000	0.0453	2.003	0.118
806	0.000	0.0462	1.988	0.12
324	0.106	0.047	1.973	0.121
150	0.000	0.0489	1.939	0.126
771	0.000	0.0489	1.939	0.126
218	0.000	0.0491	1.936	0.126
619	0.000	0.0493	1.932	0.126
50	0.000	0.0517	1.892	0.129
644	0.000	0.0519	1.890	0.129
320	0.000	0.0515	1.896	0.129
597	0.000	0.0519	1.890	0.129
646	0.177	0.0519	1.890	0.129
854	0.000	0.0519	1.890	0.129
631	0.000	0.0509	1.905	0.129
481	0.000	0.0519	1.890	0.129
258	0.167	0.0515	1.896	0.129
118	0.076	0.052	1.889	0.129
92	0.000	0.0519	1.890	0.129
819	0.000	0.0519	1.890	0.129
826	0.101	0.0529	1.874	0.131
677	0.179	0.0534	1.866	0.132
407	0.000	0.0538	1.860	0.132
924	0.000	0.0537	1.861	0.132
345	0.000	0.0542	1.853	0.133
100	0.000	0.0547	1.846	0.134
54	0.111	0.0548	1.844	0.134
283	0.000	0.0552	1.838	0.134
55	0.000	0.0553	1.837	0.134
812	0.000	0.0565	1.818	0.137
638	0.000	0.0578	1.799	0.14
797	0.121	0.0613	1.751	0.147
531	0.000	0.0616	1.746	0.147
186	0.094	0.0611	1.753	0.147
318	0.000	0.0616	1.746	0.147
302	0.000	0.0613	1.751	0.147
486	0.000	0.0616	1.746	0.147
829	0.000	0.062	1.742	0.147
18	0.000	0.0629	1.730	0.148
796	0.000	0.0631	1.727	0.148
207	0.000	0.0629	1.730	0.148
46	0.000	0.0631	1.727	0.148
47	0.000	0.0646	1.707	0.149
112	0.000	0.0648	1.705	0.149
938	0.000	0.0645	1.709	0.149
690	0.156	0.0639	1.717	0.149
429	0.000	0.0643	1.711	0.149
81	0.000	0.0639	1.717	0.149
101	0.000	0.0649	1.704	0.149
193	0.000	0.0647	1.707	0.149
633	0.000	0.0645	1.709	0.149
339	0.000	0.066	1.690	0.151
42	0.000	0.0663	1.686	0.152
671	0.000	0.0672	1.675	0.154
272	0.000	0.0683	1.662	0.155
912	0.000	0.0683	1.662	0.155
99	0.000	0.0683	1.662	0.155
164	0.000	0.0692	1.651	0.155
179	0.000	0.0692	1.651	0.155
119	0.000	0.0689	1.655	0.155
709	0.000	0.0692	1.651	0.155
159	0.000	0.0689	1.655	0.155
45	0.123	0.0694	1.649	0.155
236	0.000	0.0699	1.642	0.156
741	0.000	0.0718	1.620	0.16
475	0.000	0.0719	1.620	0.16
566	0.000	0.0728	1.609	0.161
673	0.000	0.0733	1.604	0.162
51	0.000	0.0739	1.597	0.163
944	0.000	0.0748	1.587	0.164
359	0.000	0.0748	1.587	0.164
776	0.136	0.0746	1.589	0.164
323	0.000	0.0751	1.584	0.164
521	0.000	0.0759	1.576	0.165
337	0.000	0.0759	1.576	0.165
628	0.000	0.0756	1.579	0.165
325	0.000	0.0761	1.573	0.165
951	0.000	0.0777	1.556	0.168
303	0.000	0.0777	1.556	0.168
327	0.000	0.0781	1.552	0.168
725	0.000	0.0785	1.547	0.169
947	0.113	0.0788	1.544	0.169
697	0.106	0.08	1.533	0.171
176	0.000	0.0822	1.510	0.172
701	0.000	0.0821	1.511	0.172
907	0.000	0.0821	1.511	0.172
769	0.000	0.0819	1.514	0.172
488	0.000	0.0821	1.511	0.172
438	0.000	0.0821	1.511	0.172
804	0.000	0.0814	1.518	0.172
864	0.000	0.0821	1.511	0.172
884	0.000	0.0818	1.515	0.172
356	0.000	0.0814	1.518	0.172
141	0.000	0.0834	1.499	0.173
96	0.115	0.0835	1.498	0.173
107	0.000	0.0834	1.499	0.173
933	0.000	0.0834	1.499	0.173
314	0.000	0.0834	1.499	0.173
722	0.000	0.0834	1.499	0.173
241	0.000	0.0858	1.476	0.175
472	0.133	0.0848	1.485	0.175
681	0.000	0.0852	1.481	0.175
387	0.146	0.0861	1.473	0.175
875	0.000	0.0862	1.472	0.175
658	0.000	0.0862	1.472	0.175
500	0.126	0.086	1.474	0.175
210	0.000	0.0857	1.477	0.175
708	0.000	0.0859	1.474	0.175
106	0.000	0.0866	1.468	0.176
305	0.171	0.0873	1.462	0.176
586	0.000	0.0873	1.461	0.176
585	0.202	0.0874	1.461	0.176
381	0.189	0.088	1.456	0.177
624	0.000	0.0884	1.452	0.177
737	0.000	0.0884	1.452	0.177
60	0.114	0.0892	1.444	0.178
976	0.000	0.0899	1.438	0.179
288	0.000	0.0903	1.434	0.179
117	0.000	0.0903	1.434	0.179
404	0.000	0.0909	1.429	0.18
961	0.000	0.0923	1.417	0.183
34	0.000	0.0928	1.413	0.183
584	0.000	0.0935	1.407	0.184
173	0.000	0.0943	1.399	0.184
936	0.000	0.0944	1.399	0.184
773	0.147	0.0951	1.393	0.184
810	0.000	0.0952	1.392	0.184
32	0.000	0.0946	1.397	0.184
72	0.000	0.0947	1.396	0.184
653	0.000	0.0943	1.399	0.184
683	0.000	0.0937	1.405	0.184
142	0.000	0.0952	1.392	0.184
109	0.000	0.0965	1.381	0.186
525	0.000	0.097	1.377	0.187
280	0.000	0.0975	1.373	0.188
530	0.000	0.0986	1.364	0.189
678	0.000	0.0998	1.354	0.191
517	0.000	0.1	1.349	0.192
581	0.000	0.101	1.343	0.192
507	0.177	0.101	1.343	0.192
543	0.000	0.101	1.347	0.192
537	0.000	0.101	1.342	0.192
576	0.000	0.102	1.339	0.193
75	0.125	0.104	1.322	0.196
946	0.000	0.104	1.321	0.196
313	0.000	0.104	1.321	0.196
89	0.000	0.104	1.321	0.196
192	0.000	0.106	1.305	0.199
39	0.000	0.107	1.300	0.2
209	0.000	0.107	1.301	0.2
172	0.000	0.108	1.294	0.2
178	0.000	0.107	1.296	0.2
279	0.000	0.107	1.295	0.2
334	0.000	0.108	1.293	0.2
467	0.000	0.108	1.289	0.2
277	0.000	0.108	1.289	0.2
111	0.000	0.108	1.291	0.2
401	0.000	0.11	1.280	0.202
627	0.000	0.11	1.280	0.202
196	0.124	0.11	1.278	0.202
87	0.000	0.11	1.277	0.202
391	0.000	0.111	1.268	0.203
598	0.000	0.111	1.269	0.203
293	0.000	0.111	1.270	0.203
208	0.000	0.112	1.260	0.203
802	0.000	0.113	1.259	0.203
243	0.000	0.113	1.259	0.203
580	0.000	0.112	1.262	0.203
880	0.000	0.113	1.259	0.203
724	0.000	0.114	1.252	0.204
184	0.124	0.113	1.253	0.204
122	0.000	0.113	1.255	0.204
867	0.000	0.114	1.252	0.204
621	0.000	0.114	1.249	0.204
515	0.000	0.12	1.209	0.21
154	0.000	0.12	1.208	0.21
661	0.000	0.119	1.216	0.21
844	0.160	0.118	1.220	0.21
605	0.000	0.119	1.213	0.21
578	0.000	0.12	1.209	0.21
675	0.000	0.118	1.220	0.21
834	0.000	0.12	1.209	0.21
911	0.000	0.12	1.209	0.21
492	0.000	0.12	1.209	0.21
232	0.000	0.12	1.209	0.21
615	0.000	0.12	1.209	0.21
766	0.000	0.122	1.199	0.21
247	0.000	0.122	1.199	0.21
454	0.085	0.121	1.203	0.21
808	0.000	0.122	1.199	0.21
307	0.000	0.121	1.204	0.21
508	0.000	0.122	1.199	0.21
300	0.000	0.122	1.197	0.211
88	0.000	0.124	1.183	0.212
105	0.000	0.123	1.187	0.212
550	0.000	0.124	1.183	0.212
292	0.000	0.123	1.187	0.212
465	0.000	0.124	1.183	0.212
831	0.000	0.124	1.182	0.212
104	0.000	0.124	1.183	0.212
634	0.000	0.126	1.171	0.215
527	0.000	0.127	1.165	0.216
368	0.000	0.128	1.158	0.217
596	0.000	0.128	1.160	0.217
468	0.000	0.128	1.158	0.217
727	0.000	0.129	1.154	0.217
546	0.000	0.129	1.154	0.217
666	0.000	0.131	1.143	0.218
669	0.147	0.131	1.140	0.218
962	0.000	0.131	1.139	0.218
432	0.223	0.13	1.144	0.218
341	0.000	0.131	1.139	0.218
532	0.146	0.13	1.148	0.218
845	0.000	0.131	1.139	0.218
649	0.000	0.131	1.139	0.218
260	0.000	0.131	1.139	0.218
982	0.000	0.132	1.132	0.219
608	0.000	0.132	1.132	0.219
446	0.000	0.132	1.132	0.219
182	0.246	0.133	1.127	0.22
174	0.000	0.134	1.123	0.221
703	0.000	0.135	1.115	0.222
462	0.000	0.135	1.115	0.222
83	0.155	0.136	1.110	0.223
914	0.061	0.137	1.107	0.223
851	0.000	0.137	1.107	0.223
198	0.000	0.138	1.100	0.225
485	0.198	0.139	1.096	0.226
720	0.000	0.139	1.096	0.226
249	0.241	0.139	1.093	0.226
383	0.204	0.14	1.087	0.227
204	0.160	0.141	1.084	0.228
800	0.000	0.142	1.079	0.229
959	0.000	0.142	1.079	0.229
942	0.122	0.144	1.069	0.231
67	0.163	0.145	1.062	0.233
803	0.000	0.146	1.058	0.234
123	0.000	0.147	1.053	0.235
651	0.000	0.149	1.043	0.238
906	0.172	0.149	1.040	0.238
248	0.000	0.153	1.021	0.243
770	0.000	0.153	1.021	0.243
58	0.000	0.153	1.022	0.243
858	0.167	0.155	1.011	0.246
714	0.022	0.156	1.006	0.247
444	0.171	0.157	1.003	0.248
752	0.000	0.158	0.998	0.249
901	0.000	0.158	0.998	0.249
66	0.289	0.159	0.990	0.251
866	0.176	0.163	0.971	0.257
127	0.000	0.164	0.970	0.257
76	0.178	0.164	0.968	0.257
542	0.000	0.164	0.967	0.257
664	0.180	0.166	0.958	0.26
774	0.301	0.17	0.940	0.265
985	0.099	0.17	0.941	0.265
691	0.000	0.177	0.911	0.275
533	0.000	0.178	0.909	0.276
240	0.000	0.179	0.904	0.277
59	0.148	0.179	0.902	0.277
340	0.183	0.18	0.899	0.278
782	0.000	0.181	0.894	0.279
246	0.191	0.181	0.893	0.279
762	0.000	0.184	0.883	0.283
836	0.283	0.184	0.881	0.283
270	0.192	0.184	0.881	0.283
902	0.210	0.192	0.852	0.293
430	0.080	0.196	0.835	0.3
350	0.225	0.204	0.808	0.311
920	0.196	0.205	0.801	0.313
56	0.214	0.213	0.777	0.323
614	0.273	0.214	0.771	0.325
865	0.319	0.216	0.764	0.328
15	0.127	0.218	0.758	0.33
257	0.216	0.22	0.754	0.332
331	0.172	0.226	0.733	0.341
261	0.225	0.23	0.721	0.346
332	0.226	0.23	0.719	0.347
358	0.118	0.235	0.705	0.353
436	0.236	0.238	0.696	0.357
757	0.279	0.238	0.695	0.357
978	0.294	0.241	0.688	0.36
291	0.354	0.244	0.679	0.364
923	0.141	0.244	0.679	0.364
124	0.339	0.249	0.664	0.371
476	0.239	0.249	0.663	0.371
405	0.243	0.262	0.630	0.388
899	0.246	0.266	0.620	0.393
798	0.253	0.268	0.612	0.395
426	0.000	0.268	0.613	0.395
9	0.000	0.268	0.613	0.395
863	0.281	0.268	0.614	0.395
523	0.000	0.269	0.610	0.396
23	0.423	0.272	0.603	0.4
312	0.456	0.274	0.598	0.402
477	0.188	0.277	0.592	0.405
269	0.307	0.277	0.590	0.405
898	0.266	0.282	0.579	0.411
679	0.226	0.284	0.575	0.414
190	0.321	0.285	0.571	0.415
916	0.261	0.286	0.569	0.416
881	0.093	0.29	0.560	0.421
591	0.227	0.295	0.548	0.428
406	0.271	0.298	0.543	0.431
220	0.181	0.305	0.526	0.441
226	0.318	0.309	0.518	0.445
964	0.313	0.319	0.497	0.46
375	0.255	0.324	0.485	0.467
761	0.256	0.326	0.483	0.468
352	0.274	0.33	0.475	0.473
900	0.326	0.333	0.468	0.477
321	0.225	0.341	0.453	0.488
372	0.264	0.357	0.425	0.509
221	0.362	0.356	0.426	0.509
369	0.223	0.359	0.421	0.511
206	0.260	0.364	0.413	0.517
768	0.376	0.367	0.406	0.522
682	0.264	0.372	0.399	0.527
857	0.267	0.38	0.385	0.539
29	0.367	0.384	0.379	0.543
52	0.396	0.385	0.377	0.544
538	0.391	0.389	0.371	0.548
398	0.275	0.39	0.370	0.549
939	0.291	0.391	0.368	0.549
224	0.414	0.394	0.363	0.553
167	0.285	0.401	0.353	0.562
840	0.359	0.404	0.348	0.565
952	0.481	0.406	0.345	0.567
482	0.409	0.407	0.343	0.569
140	0.417	0.417	0.329	0.582
297	0.290	0.418	0.328	0.582
744	0.299	0.421	0.324	0.585
266	0.297	0.422	0.323	0.585
4	0.298	0.425	0.318	0.589
620	0.307	0.429	0.313	0.594
421	0.491	0.433	0.308	0.598
483	0.320	0.45	0.286	0.621
895	0.322	0.457	0.276	0.63
905	0.350	0.463	0.269	0.635
695	0.339	0.462	0.271	0.635
447	0.332	0.463	0.270	0.635
441	0.457	0.466	0.266	0.639
716	0.338	0.48	0.249	0.657
980	0.414	0.481	0.248	0.658
495	0.537	0.492	0.236	0.671
149	0.363	0.494	0.234	0.674
896	0.369	0.5	0.228	0.681
316	0.349	0.501	0.227	0.681
399	0.374	0.511	0.216	0.694
777	0.384	0.518	0.209	0.702
872	0.386	0.526	0.201	0.71
743	0.392	0.526	0.201	0.71
680	0.385	0.525	0.202	0.71
567	0.394	0.528	0.199	0.713
348	0.541	0.546	0.182	0.735
941	0.540	0.562	0.168	0.756
418	0.426	0.569	0.162	0.761
514	0.402	0.568	0.163	0.761
62	0.421	0.569	0.162	0.761
230	0.426	0.569	0.162	0.761
180	0.535	0.572	0.160	0.764
945	0.574	0.585	0.149	0.78
891	0.474	0.596	0.140	0.794
603	0.590	0.598	0.139	0.795
213	0.585	0.638	0.111	0.847
870	0.495	0.64	0.109	0.849
983	0.504	0.649	0.103	0.86
940	0.518	0.656	0.099	0.868
516	0.658	0.67	0.091	0.886
285	0.657	0.676	0.088	0.889
903	0.543	0.675	0.088	0.889
91	0.540	0.675	0.088	0.889
494	0.544	0.679	0.086	0.892
71	0.552	0.691	0.079	0.907
19	0.560	0.697	0.076	0.913
188	0.559	0.702	0.073	0.919
698	0.621	0.715	0.067	0.935
489	0.588	0.716	0.066	0.935
459	0.626	0.724	0.062	0.944
199	0.699	0.731	0.059	0.951
612	0.618	0.743	0.054	0.966
491	0.631	0.744	0.053	0.966
311	0.000	0.94	0.003	1
310	4.687	0.145	1.061	1
286	1.706	0.586	0.149	1
326	100.000	0.345	0.447	1
328	0.851	0.866	0.014	1
306	1.001	0.999	0.000	1
299	0.000	0.96	0.001	1
330	0.000	0.944	0.002	1
284	0.000	0.944	0.002	1
742	0.000	0.942	0.003	1
335	0.000	0.942	0.003	1
274	1.793	0.465	0.267	1
273	0.000	0.944	0.002	1
915	0.868	0.914	0.006	1
264	100.000	0.41	0.339	1
259	97.022	0.338	0.459	1
255	0.000	0.942	0.003	1
254	0.000	0.937	0.003	1
253	100.000	0.409	0.341	1
245	100.000	0.815	0.027	1
922	0.000	0.942	0.003	1
242	100.000	0.259	0.638	1
275	1.668	0.668	0.092	1
342	0.000	0.943	0.003	1
349	91.956	0.736	0.057	1
346	100.000	0.267	0.616	1
415	0.675	0.789	0.036	1
410	0.000	0.953	0.002	1
408	0.707	0.784	0.038	1
403	0.000	0.96	0.001	1
394	1.001	0.999	0.000	1
382	0.952	0.955	0.002	1
379	0.000	0.939	0.003	1
378	100.000	0.41	0.339	1
376	1.734	0.646	0.105	1
883	0.000	0.934	0.003	1
374	0.000	0.96	0.001	1
373	0.000	0.939	0.003	1
371	1.041	0.979	0.000	1
367	100.000	0.244	0.678	1
366	1.042	0.974	0.001	1
889	0.000	0.94	0.003	1
890	2.251	0.487	0.242	1
365	0.000	0.944	0.002	1
892	100.000	0.467	0.264	1
893	100.000	0.291	0.559	1
364	0.000	0.929	0.004	1
363	1.187	0.846	0.019	1
354	0.000	0.934	0.003	1
235	15.039	0.946	0.002	1
347	0.000	0.938	0.003	1
344	0.000	0.94	0.003	1
925	100.000	0.0395	2.120	1
227	0.000	0.952	0.002	1
927	1.972	0.555	0.174	1
85	0.000	0.934	0.003	1
960	100.000	0.41	0.339	1
74	0.000	0.94	0.003	1
963	0.000	0.944	0.002	1
68	100.000	0.582	0.152	1
64	0.000	0.946	0.002	1
53	100.000	0.314	0.507	1
49	0.000	0.956	0.002	1
968	0.924	0.967	0.001	1
44	100.000	0.285	0.572	1
970	0.863	0.894	0.009	1
971	1.274	0.86	0.016	1
43	0.000	0.929	0.004	1
40	0.000	0.934	0.003	1
37	0.000	0.929	0.004	1
33	92.509	0.0589	1.783	1
30	0.754	0.839	0.021	1
28	100.000	0.379	0.387	1
26	0.000	0.944	0.002	1
25	91.640	0.587	0.147	1
981	100.000	0.588	0.147	1
17	0.000	0.944	0.002	1
11	0.000	0.942	0.003	1
7	81.047	0.805	0.030	1
3	0.754	0.835	0.022	1
102	0.000	0.944	0.002	1
231	100.000	0.553	0.176	1
957	0.000	0.96	0.001	1
955	91.063	0.885	0.010	1
228	1.541	0.626	0.118	1
417	100.000	0.158	0.996	1
222	100.000	0.434	0.306	1
216	0.000	0.956	0.001	1
200	0.000	0.933	0.004	1
191	0.000	0.94	0.003	1
935	0.000	0.933	0.004	1
175	0.000	0.957	0.001	1
171	76.439	0.4	0.355	1
162	0.000	0.944	0.002	1
161	0.000	0.929	0.004	1
156	0.734	0.817	0.027	1
153	0.000	0.942	0.003	1
943	0.000	0.938	0.003	1
152	100.000	0.329	0.477	1
148	2.031	0.556	0.174	1
143	100.000	0.218	0.759	1
138	1.745	0.724	0.062	1
134	0.000	0.929	0.004	1
131	0.000	0.957	0.001	1
130	0.000	0.939	0.003	1
128	0.000	0.96	0.001	1
125	0.000	0.938	0.003	1
121	100.000	0.0863	1.471	1
120	0.000	0.933	0.004	1
113	0.000	0.956	0.002	1
424	0.000	0.956	0.002	1
869	100.000	0.164	0.969	1
427	0.000	0.943	0.003	1
783	0.000	0.956	0.002	1
784	0.000	0.942	0.003	1
636	0.000	0.929	0.004	1
632	0.000	0.938	0.003	1
787	0.000	0.939	0.003	1
618	89.684	0.459	0.274	1
789	0.000	0.939	0.003	1
617	0.000	0.939	0.003	1
791	34.230	0.919	0.005	1
613	0.982	0.988	0.000	1
794	0.000	0.94	0.003	1
610	0.000	0.944	0.002	1
607	0.000	0.943	0.003	1
606	0.000	0.946	0.002	1
600	0.000	0.94	0.003	1
595	0.000	0.937	0.003	1
594	0.000	0.943	0.003	1
582	0.661	0.772	0.042	1
579	1.001	0.999	0.000	1
575	0.000	0.929	0.004	1
569	0.000	0.944	0.002	1
565	0.000	0.952	0.002	1
564	0.000	0.939	0.003	1
563	0.000	0.956	0.002	1
562	0.000	0.946	0.002	1
637	0.000	0.96	0.001	1
561	0.000	0.942	0.003	1
781	0.000	0.943	0.003	1
645	0.000	0.934	0.003	1
736	0.000	0.934	0.003	1
735	0.000	0.929	0.004	1
734	0.000	0.934	0.003	1
731	100.000	0.582	0.152	1
729	0.000	0.94	0.003	1
728	0.000	0.943	0.003	1
759	1.582	0.712	0.068	1
726	0.000	0.941	0.003	1
719	100.000	0.328	0.479	1
718	0.000	0.96	0.001	1
717	0.000	0.938	0.003	1
711	0.603	0.827	0.024	1
706	0.000	0.934	0.003	1
705	93.170	0.41	0.339	1
693	90.133	0.0188	2.761	1
686	0.000	0.956	0.002	1
685	0.000	0.943	0.003	1
684	100.000	0.308	0.521	1
668	0.844	0.893	0.009	1
667	0.000	0.942	0.003	1
663	100.000	0.398	0.357	1
662	0.000	0.944	0.002	1
660	0.000	0.94	0.003	1
657	0.000	0.939	0.003	1
654	0.000	0.942	0.003	1
642	0.000	0.944	0.002	1
425	100.000	0.39	0.369	1
560	0.000	0.944	0.002	1
559	0.000	0.941	0.003	1
519	0.870	0.895	0.009	1
513	0.000	0.957	0.001	1
510	100.000	0.32	0.495	1
509	0.978	0.987	0.000	1
506	0.000	0.96	0.001	1
847	5.426	0.957	0.001	1
498	0.000	0.96	0.001	1
479	1.560	0.734	0.058	1
852	1.445	0.759	0.047	1
853	0.710	0.794	0.034	1
478	0.768	0.855	0.017	1
469	0.000	0.944	0.002	1
458	0.000	0.946	0.002	1
452	0.000	0.929	0.004	1
450	1.204	0.891	0.009	1
449	100.000	0.314	0.507	1
448	0.866	0.899	0.008	1
445	91.509	0.76	0.047	1
443	1.058	0.958	0.001	1
440	100.000	0.514	0.213	1
439	0.883	0.925	0.004	1
435	1.011	0.993	0.000	1
434	1.683	0.699	0.075	1
433	0.765	0.787	0.037	1
746	0.000	0.944	0.002	1
524	0.656	0.774	0.041	1
811	0.000	0.942	0.003	1
534	100.000	0.00364	4.229	1
535	0.000	0.952	0.002	1
813	0.000	0.946	0.002	1
814	0.000	0.942	0.003	1
815	0.000	0.944	0.002	1
558	0.000	0.941	0.003	1
817	1.493	0.725	0.062	1
557	100.000	0.518	0.209	1
556	0.000	0.946	0.002	1
555	0.000	0.937	0.003	1
554	0.000	0.941	0.003	1
553	0.000	0.942	0.003	1
552	1.022	0.987	0.000	1
824	100.000	0.675	0.088	1
551	0.000	0.94	0.003	1
549	0.000	0.943	0.003	1
827	0.000	0.943	0.003	1
548	0.000	0.941	0.003	1
547	100.000	0.246	0.674	1
545	0.000	0.952	0.002	1
544	100.000	0.526	0.201	1
832	1.003	0.999	0.000	1
541	100.000	0.301	0.536	1
540	0.000	0.938	0.003	1
539	93.980	0.754	0.049	1
536	0.000	0.957	0.001	1
837	0.000	0.942	0.003	1
839	0.770	0.783	0.038	1
987	0.000	0.94	0.003	1