# Omega fit to each site after fixing tree and all other parameters.
# Fits compared to null model of omega = 1.
# P-values NOT corrected for multiple testing, so consider Q-values too.
# Q-values computed separately for omega > and < 1 # Will fit different synonymous rate for each site.
#
site	omega	P	dLnL	Q
126	0.000	2.92e-05	8.734	0.00962
984	0.000	2.75e-05	8.792	0.00962
499	0.000	1.29e-05	9.512	0.00962
413	0.000	7.94e-05	7.787	0.0196
529	0.027	0.000142	7.239	0.028
414	0.000	0.000267	6.643	0.0362
225	0.000	0.000278	6.607	0.0362
871	0.000	0.000384	6.305	0.0362
16	0.000	0.000315	6.491	0.0362
882	0.000	0.00044	6.177	0.0362
929	0.000	0.000416	6.229	0.0362
343	0.000	0.000369	6.340	0.0362
704	0.000	0.000589	5.906	0.0387
251	0.000	0.000523	6.017	0.0387
136	0.047	0.000562	5.949	0.0387
511	0.000	0.000668	5.788	0.0412
12	0.000	0.000714	5.726	0.0415
908	0.000	0.00111	5.316	0.0549
975	0.000	0.00104	5.379	0.0549
571	0.000	0.00106	5.362	0.0549
505	0.000	0.0013	5.171	0.0611
886	0.000	0.00146	5.065	0.0642
707	0.000	0.00156	5.002	0.0642
659	0.000	0.00163	4.965	0.0642
699	0.046	0.00154	5.017	0.0642
287	0.000	0.00188	4.834	0.0707
377	0.075	0.00194	4.805	0.0707
764	0.000	0.00225	4.667	0.0793
748	0.000	0.00302	4.399	0.0898
917	0.052	0.00305	4.388	0.0898
496	0.000	0.00302	4.397	0.0898
887	0.000	0.00316	4.356	0.0898
818	0.000	0.00318	4.349	0.0898
820	0.000	0.00312	4.369	0.0898
828	0.000	0.00301	4.402	0.0898
451	0.000	0.00338	4.295	0.0927
949	0.000	0.00377	4.196	0.101
502	0.000	0.00419	4.099	0.103
969	0.000	0.00447	4.041	0.103
165	0.000	0.0048	3.976	0.103
873	0.000	0.00426	4.085	0.103
518	0.000	0.00478	3.981	0.103
14	0.000	0.00413	4.113	0.103
474	0.000	0.00455	4.024	0.103
859	0.000	0.00471	3.994	0.103
850	0.000	0.00437	4.061	0.103
411	0.000	0.00508	3.925	0.105
723	0.000	0.00513	3.917	0.105
384	0.000	0.00612	3.757	0.116
463	0.000	0.0059	3.790	0.116
409	0.000	0.00577	3.811	0.116
670	0.000	0.00609	3.762	0.116
688	0.000	0.0068	3.663	0.122
848	0.000	0.00669	3.677	0.122
90	0.000	0.00661	3.688	0.122
846	0.000	0.00801	3.515	0.132
380	0.000	0.00793	3.525	0.132
972	0.000	0.00792	3.525	0.132
493	0.000	0.00798	3.520	0.132
733	0.000	0.00758	3.566	0.132
739	0.000	0.00859	3.453	0.135
835	0.000	0.00845	3.468	0.135
950	0.000	0.00855	3.458	0.135
793	0.000	0.00968	3.346	0.135
470	0.000	0.00908	3.404	0.135
455	0.000	0.0093	3.382	0.135
623	0.000	0.00974	3.341	0.135
139	0.000	0.00963	3.351	0.135
894	0.000	0.00956	3.357	0.135
676	0.000	0.00895	3.417	0.135
520	0.000	0.00965	3.349	0.135
205	0.000	0.00994	3.323	0.136
897	0.121	0.0104	3.284	0.14
135	0.000	0.0105	3.274	0.14
838	0.000	0.0111	3.222	0.145
823	0.000	0.0111	3.225	0.145
672	0.000	0.0119	3.164	0.152
501	0.000	0.0125	3.122	0.158
1	0.000	0.0131	3.079	0.161
24	0.000	0.0129	3.088	0.161
57	0.000	0.0134	3.061	0.163
471	0.000	0.0137	3.035	0.163
211	0.000	0.0137	3.041	0.163
932	0.000	0.0141	3.015	0.163
710	0.065	0.014	3.021	0.163
31	0.000	0.0146	2.985	0.167
412	0.000	0.0149	2.962	0.169
271	0.071	0.0154	2.935	0.173
910	0.000	0.0156	2.923	0.173
460	0.000	0.0162	2.890	0.176
885	0.000	0.0161	2.895	0.176
6	0.000	0.0165	2.874	0.177
48	0.000	0.0174	2.827	0.183
522	0.000	0.0173	2.835	0.183
954	0.000	0.0182	2.787	0.189
282	0.000	0.0185	2.775	0.19
583	0.000	0.0192	2.742	0.195
630	0.000	0.0208	2.672	0.209
309	0.000	0.0212	2.657	0.209
568	0.092	0.021	2.663	0.209
904	0.000	0.0214	2.646	0.209
913	0.000	0.0218	2.632	0.211
21	0.000	0.0222	2.613	0.213
977	0.000	0.0225	2.603	0.214
464	0.000	0.0238	2.555	0.224
70	0.082	0.0247	2.521	0.227
41	0.000	0.0245	2.529	0.227
157	0.000	0.0248	2.517	0.227
909	0.000	0.0254	2.499	0.23
129	0.000	0.0258	2.484	0.232
497	0.000	0.0267	2.456	0.237
281	0.000	0.0271	2.442	0.239
696	0.103	0.0314	2.316	0.255
2	0.000	0.0298	2.359	0.255
694	0.000	0.0313	2.320	0.255
268	0.087	0.0327	2.280	0.255
809	0.000	0.0328	2.277	0.255
361	0.000	0.0334	2.263	0.255
145	0.111	0.0296	2.367	0.255
183	0.000	0.0316	2.310	0.255
958	0.000	0.0298	2.362	0.255
315	0.000	0.0323	2.292	0.255
755	0.000	0.031	2.327	0.255
512	0.000	0.0323	2.292	0.255
587	0.000	0.0327	2.280	0.255
186	0.075	0.0333	2.265	0.255
490	0.000	0.0319	2.302	0.255
503	0.000	0.0331	2.271	0.255
856	0.091	0.032	2.300	0.255
388	0.000	0.0338	2.253	0.256
82	0.081	0.0351	2.219	0.257
965	0.000	0.0346	2.232	0.257
526	0.000	0.0349	2.224	0.257
69	0.079	0.0347	2.230	0.257
700	0.000	0.0345	2.234	0.257
63	0.000	0.0354	2.212	0.257
625	0.058	0.0362	2.193	0.261
234	0.000	0.0368	2.181	0.263
504	0.000	0.0373	2.168	0.265
801	0.000	0.0377	2.158	0.266
843	0.000	0.0399	2.111	0.279
133	0.000	0.0421	2.065	0.282
974	0.000	0.0426	2.056	0.282
194	0.000	0.0413	2.082	0.282
912	0.000	0.0417	2.074	0.282
103	0.084	0.0419	2.070	0.282
185	0.086	0.0414	2.081	0.282
276	0.000	0.0423	2.061	0.282
868	0.000	0.0424	2.059	0.282
355	0.000	0.0447	2.014	0.294
429	0.000	0.0456	1.998	0.298
223	0.122	0.0468	1.977	0.303
531	0.000	0.0469	1.974	0.303
973	0.000	0.0476	1.963	0.303
144	0.000	0.0476	1.962	0.303
256	0.000	0.0488	1.941	0.304
956	0.000	0.049	1.938	0.304
93	0.000	0.0487	1.942	0.304
484	0.000	0.0488	1.941	0.304
387	0.116	0.0493	1.932	0.304
967	0.000	0.0508	1.908	0.309
170	0.000	0.0513	1.900	0.309
953	0.000	0.0512	1.901	0.309
158	0.000	0.0506	1.910	0.309
948	0.000	0.0524	1.882	0.313
461	0.000	0.0528	1.875	0.314
692	0.000	0.0542	1.854	0.32
830	0.000	0.0551	1.839	0.323
528	0.000	0.0554	1.836	0.323
878	0.000	0.0591	1.781	0.332
593	0.000	0.0596	1.774	0.332
298	0.000	0.0588	1.785	0.332
572	0.000	0.0575	1.805	0.332
392	0.000	0.0598	1.771	0.332
181	0.000	0.0601	1.767	0.332
760	0.000	0.0595	1.775	0.332
855	0.000	0.0598	1.772	0.332
466	0.000	0.0574	1.806	0.332
400	0.000	0.0585	1.790	0.332
812	0.000	0.0609	1.756	0.334
13	0.119	0.062	1.741	0.337
486	0.000	0.0622	1.740	0.337
601	0.000	0.0632	1.726	0.341
168	0.000	0.0649	1.704	0.343
687	0.000	0.0645	1.709	0.343
419	0.000	0.0642	1.712	0.343
65	0.095	0.0649	1.704	0.343
36	0.000	0.0685	1.660	0.345
295	0.000	0.0676	1.670	0.345
619	0.000	0.0681	1.664	0.345
730	0.112	0.0668	1.681	0.345
602	0.119	0.0684	1.661	0.345
416	0.000	0.0672	1.675	0.345
336	0.000	0.0675	1.672	0.345
66	0.205	0.0662	1.687	0.345
622	0.000	0.0679	1.667	0.345
921	0.000	0.0689	1.655	0.345
114	0.000	0.0703	1.638	0.347
437	0.133	0.0711	1.629	0.347
327	0.000	0.0709	1.632	0.347
422	0.144	0.0711	1.629	0.347
521	0.000	0.0701	1.640	0.347
320	0.000	0.0759	1.576	0.366
278	0.000	0.0756	1.578	0.366
42	0.000	0.0759	1.575	0.366
702	0.000	0.0784	1.549	0.375
570	0.000	0.0787	1.546	0.375
337	0.000	0.0798	1.535	0.379
888	0.000	0.0812	1.521	0.383
829	0.000	0.0825	1.508	0.386
701	0.000	0.0821	1.511	0.386
589	0.147	0.0851	1.482	0.386
146	0.143	0.0857	1.477	0.386
747	0.000	0.0849	1.484	0.386
314	0.000	0.0851	1.482	0.386
646	0.193	0.0847	1.487	0.386
329	0.000	0.0845	1.488	0.386
5	0.000	0.0856	1.478	0.386
947	0.117	0.0854	1.480	0.386
609	0.000	0.0862	1.472	0.387
32	0.000	0.0869	1.465	0.388
690	0.180	0.0881	1.454	0.392
530	0.000	0.0888	1.448	0.392
677	0.212	0.089	1.446	0.392
160	0.000	0.0897	1.440	0.393
77	0.000	0.0905	1.433	0.395
150	0.000	0.0915	1.424	0.398
46	0.000	0.0921	1.419	0.399
407	0.000	0.0928	1.412	0.4
884	0.000	0.0934	1.407	0.401
283	0.000	0.0941	1.401	0.402
488	0.000	0.0949	1.395	0.403
20	0.000	0.0951	1.393	0.403
758	0.145	0.0969	1.378	0.409
732	0.000	0.1	1.352	0.412
214	0.000	0.0985	1.365	0.412
465	0.000	0.1	1.352	0.412
674	0.000	0.0981	1.368	0.412
944	0.000	0.0989	1.361	0.412
197	0.000	0.0997	1.355	0.412
517	0.000	0.101	1.348	0.412
60	0.126	0.102	1.338	0.414
80	0.000	0.102	1.339	0.414
879	0.000	0.104	1.323	0.42
951	0.000	0.105	1.316	0.422
631	0.000	0.109	1.282	0.438
345	0.000	0.11	1.274	0.439
438	0.000	0.111	1.272	0.439
334	0.000	0.111	1.273	0.439
543	0.000	0.111	1.269	0.439
472	0.155	0.112	1.264	0.439
184	0.122	0.112	1.263	0.439
627	0.000	0.114	1.249	0.445
689	0.000	0.115	1.241	0.447
18	0.000	0.117	1.231	0.451
671	0.000	0.118	1.224	0.454
250	0.216	0.12	1.206	0.457
867	0.000	0.121	1.202	0.457
22	0.000	0.121	1.203	0.457
508	0.000	0.12	1.211	0.457
683	0.000	0.119	1.213	0.457
708	0.000	0.122	1.198	0.458
821	0.000	0.125	1.176	0.469
72	0.000	0.126	1.168	0.471
173	0.000	0.131	1.140	0.471
58	0.000	0.131	1.140	0.471
930	0.000	0.129	1.150	0.471
27	0.000	0.127	1.162	0.471
862	0.000	0.13	1.147	0.471
88	0.000	0.128	1.160	0.471
655	0.000	0.13	1.147	0.471
810	0.000	0.129	1.150	0.471
525	0.000	0.128	1.157	0.471
500	0.161	0.131	1.140	0.471
537	0.000	0.128	1.156	0.471
542	0.000	0.132	1.132	0.471
911	0.000	0.133	1.131	0.471
515	0.000	0.132	1.132	0.471
277	0.000	0.133	1.127	0.471
577	0.000	0.135	1.116	0.477
982	0.000	0.137	1.103	0.481
628	0.000	0.138	1.101	0.481
101	0.000	0.138	1.101	0.481
507	0.207	0.14	1.092	0.485
697	0.148	0.142	1.079	0.487
84	0.000	0.141	1.084	0.487
933	0.000	0.141	1.082	0.487
938	0.000	0.144	1.068	0.493
61	0.000	0.147	1.052	0.493
492	0.000	0.145	1.060	0.493
703	0.000	0.147	1.049	0.493
756	0.000	0.147	1.052	0.493
95	0.000	0.144	1.065	0.493
318	0.000	0.147	1.051	0.493
122	0.000	0.146	1.059	0.493
67	0.166	0.149	1.043	0.495
751	0.000	0.149	1.039	0.495
722	0.000	0.149	1.040	0.495
462	0.000	0.15	1.035	0.496
834	0.000	0.151	1.032	0.496
976	0.000	0.153	1.022	0.501
585	0.256	0.153	1.019	0.501
907	0.000	0.154	1.016	0.501
192	0.000	0.154	1.014	0.501
875	0.000	0.159	0.994	0.51
715	0.000	0.158	0.994	0.51
986	0.192	0.158	0.996	0.51
453	0.000	0.16	0.988	0.512
442	0.218	0.162	0.978	0.517
959	0.000	0.163	0.971	0.52
527	0.000	0.164	0.967	0.521
446	0.000	0.168	0.949	0.531
100	0.000	0.168	0.950	0.531
38	0.000	0.173	0.929	0.534
35	0.000	0.173	0.928	0.534
961	0.000	0.175	0.922	0.534
96	0.180	0.172	0.932	0.534
724	0.000	0.175	0.920	0.534
182	0.292	0.172	0.931	0.534
87	0.000	0.17	0.939	0.534
288	0.000	0.175	0.919	0.534
55	0.000	0.174	0.926	0.534
979	0.207	0.173	0.930	0.534
740	0.000	0.174	0.922	0.534
454	0.105	0.178	0.909	0.539
880	0.000	0.179	0.905	0.541
279	0.000	0.182	0.893	0.546
239	0.000	0.181	0.895	0.546
154	0.000	0.182	0.891	0.546
926	0.211	0.183	0.885	0.548
302	0.000	0.185	0.880	0.551
45	0.214	0.185	0.877	0.551
754	0.000	0.186	0.873	0.552
243	0.000	0.187	0.872	0.552
269	0.233	0.188	0.865	0.552
404	0.000	0.189	0.864	0.552
174	0.000	0.188	0.865	0.552
584	0.000	0.189	0.861	0.553
532	0.190	0.192	0.851	0.554
456	0.000	0.192	0.852	0.554
210	0.000	0.192	0.851	0.554
215	0.000	0.191	0.854	0.554
89	0.000	0.195	0.841	0.56
339	0.000	0.195	0.838	0.561
936	0.000	0.197	0.833	0.563
112	0.000	0.198	0.827	0.566
401	0.000	0.2	0.822	0.568
34	0.000	0.2	0.820	0.568
785	0.000	0.201	0.816	0.57
770	0.000	0.203	0.810	0.573
656	0.000	0.205	0.804	0.575
709	0.000	0.206	0.799	0.578
800	0.000	0.208	0.794	0.579
207	0.000	0.208	0.794	0.579
833	0.000	0.209	0.790	0.581
808	0.000	0.21	0.787	0.581
826	0.224	0.21	0.785	0.581
725	0.000	0.211	0.782	0.582
272	0.000	0.217	0.764	0.582
566	0.000	0.214	0.771	0.582
333	0.000	0.213	0.774	0.582
533	0.000	0.216	0.766	0.582
845	0.000	0.217	0.761	0.582
430	0.097	0.216	0.765	0.582
198	0.000	0.217	0.763	0.582
937	0.000	0.213	0.776	0.582
919	0.000	0.215	0.770	0.582
946	0.000	0.217	0.764	0.582
546	0.000	0.218	0.758	0.584
75	0.198	0.22	0.751	0.588
851	0.000	0.225	0.736	0.594
159	0.000	0.224	0.738	0.594
771	0.000	0.225	0.735	0.594
673	0.000	0.225	0.735	0.594
753	0.000	0.226	0.734	0.594
467	0.000	0.228	0.728	0.598
402	0.000	0.23	0.722	0.598
901	0.000	0.228	0.725	0.598
762	0.000	0.229	0.722	0.598
985	0.137	0.231	0.716	0.601
187	0.293	0.233	0.710	0.605
738	0.000	0.236	0.703	0.608
803	0.000	0.235	0.704	0.608
51	0.000	0.237	0.700	0.609
56	0.236	0.241	0.687	0.61
776	0.248	0.241	0.688	0.61
178	0.000	0.24	0.689	0.61
590	0.000	0.239	0.692	0.61
258	0.342	0.24	0.690	0.61
865	0.340	0.241	0.688	0.61
658	0.000	0.244	0.680	0.615
147	0.000	0.246	0.673	0.618
877	0.000	0.246	0.673	0.618
861	0.000	0.248	0.668	0.621
788	0.000	0.25	0.660	0.624
177	0.000	0.251	0.659	0.624
319	0.247	0.25	0.661	0.624
432	0.329	0.255	0.649	0.632
962	0.000	0.258	0.641	0.637
586	0.000	0.259	0.637	0.638
796	0.000	0.259	0.637	0.638
523	0.000	0.261	0.632	0.639
98	0.000	0.261	0.632	0.639
118	0.217	0.262	0.628	0.641
485	0.302	0.264	0.624	0.643
864	0.000	0.264	0.623	0.643
141	0.000	0.266	0.620	0.643
681	0.000	0.265	0.621	0.643
576	0.000	0.27	0.610	0.65
468	0.000	0.271	0.607	0.652
786	0.000	0.272	0.604	0.652
592	0.000	0.273	0.600	0.654
370	0.000	0.275	0.597	0.655
109	0.000	0.275	0.597	0.655
649	0.000	0.277	0.591	0.659
714	0.057	0.278	0.589	0.659
763	0.000	0.28	0.583	0.663
23	0.429	0.282	0.580	0.665
381	0.346	0.283	0.576	0.667
914	0.133	0.286	0.570	0.672
573	0.000	0.287	0.567	0.672
745	0.000	0.29	0.561	0.677
678	0.000	0.291	0.558	0.678
831	0.000	0.291	0.557	0.678
952	0.397	0.293	0.554	0.68
151	0.000	0.294	0.551	0.68
341	0.000	0.295	0.549	0.681
59	0.236	0.295	0.548	0.681
799	0.000	0.297	0.544	0.681
766	0.000	0.296	0.546	0.681
614	0.332	0.299	0.540	0.682
257	0.261	0.298	0.541	0.682
713	0.000	0.3	0.537	0.684
280	0.000	0.303	0.531	0.686
863	0.307	0.303	0.531	0.686
352	0.248	0.302	0.533	0.686
266	0.209	0.304	0.529	0.686
94	0.000	0.307	0.522	0.692
578	0.000	0.309	0.517	0.695
260	0.000	0.311	0.513	0.698
195	0.000	0.313	0.510	0.7
406	0.285	0.314	0.506	0.702
581	0.000	0.315	0.504	0.703
598	0.000	0.319	0.496	0.708
226	0.320	0.319	0.496	0.708
621	0.000	0.322	0.491	0.71
923	0.193	0.322	0.490	0.71
208	0.000	0.321	0.492	0.71
841	0.000	0.327	0.481	0.718
393	0.000	0.33	0.475	0.723
629	0.000	0.335	0.465	0.732
368	0.000	0.335	0.464	0.732
244	0.000	0.342	0.451	0.746
166	0.000	0.346	0.445	0.75
899	0.301	0.346	0.445	0.75
580	0.000	0.35	0.437	0.756
176	0.000	0.35	0.438	0.756
588	0.000	0.353	0.432	0.76
495	0.437	0.353	0.431	0.76
666	0.000	0.355	0.428	0.762
475	0.000	0.357	0.423	0.765
691	0.000	0.362	0.415	0.774
635	0.000	0.364	0.411	0.777
50	0.000	0.366	0.408	0.779
233	0.000	0.368	0.406	0.78
487	0.000	0.372	0.399	0.782
920	0.302	0.371	0.400	0.782
390	0.000	0.372	0.398	0.782
248	0.000	0.372	0.398	0.782
898	0.338	0.371	0.400	0.782
313	0.000	0.377	0.391	0.786
804	0.000	0.376	0.393	0.786
263	0.000	0.376	0.391	0.786
209	0.000	0.383	0.380	0.798
270	0.328	0.387	0.375	0.803
206	0.271	0.389	0.371	0.806
599	0.000	0.391	0.368	0.809
163	0.000	0.397	0.359	0.819
641	0.000	0.398	0.358	0.819
115	0.000	0.401	0.353	0.821
54	0.355	0.402	0.352	0.821
124	0.431	0.401	0.353	0.821
769	0.000	0.401	0.353	0.821
768	0.402	0.404	0.349	0.822
292	0.000	0.403	0.350	0.822
39	0.000	0.406	0.345	0.825
604	0.000	0.41	0.339	0.829
325	0.000	0.41	0.340	0.829
104	0.000	0.412	0.336	0.832
52	0.429	0.415	0.332	0.836
757	0.416	0.416	0.331	0.836
420	0.478	0.425	0.318	0.852
881	0.176	0.426	0.317	0.853
874	0.000	0.43	0.312	0.855
317	0.000	0.429	0.313	0.855
816	0.000	0.429	0.313	0.855
550	0.000	0.433	0.307	0.858
779	0.000	0.432	0.308	0.858
196	0.356	0.436	0.304	0.86
866	0.363	0.436	0.304	0.86
405	0.363	0.437	0.302	0.861
296	0.000	0.438	0.300	0.862
767	0.000	0.441	0.297	0.865
350	0.412	0.442	0.295	0.866
29	0.405	0.447	0.289	0.874
966	0.000	0.453	0.281	0.881
426	0.000	0.454	0.281	0.881
204	0.404	0.454	0.281	0.881
81	0.000	0.455	0.279	0.882
780	0.000	0.456	0.278	0.882
741	0.000	0.46	0.273	0.889
219	0.000	0.464	0.268	0.895
651	0.000	0.468	0.264	0.896
351	0.000	0.47	0.261	0.896
895	0.323	0.469	0.262	0.896
806	0.000	0.47	0.261	0.896
842	0.000	0.466	0.266	0.896
902	0.409	0.467	0.265	0.896
142	0.000	0.472	0.259	0.897
369	0.327	0.48	0.249	0.912
331	0.370	0.484	0.245	0.915
193	0.000	0.483	0.246	0.915
669	0.385	0.488	0.241	0.92
386	0.000	0.5	0.228	0.93
15	0.326	0.495	0.233	0.93
293	0.000	0.499	0.228	0.93
229	0.417	0.498	0.230	0.93
477	0.363	0.499	0.228	0.93
675	0.000	0.496	0.231	0.93
203	0.000	0.495	0.233	0.93
858	0.421	0.502	0.225	0.934
423	0.000	0.505	0.222	0.934
538	0.477	0.506	0.222	0.934
353	0.000	0.504	0.223	0.934
221	0.482	0.507	0.220	0.935
574	0.000	0.511	0.216	0.938
773	0.448	0.51	0.217	0.938
514	0.347	0.514	0.213	0.939
792	0.497	0.513	0.214	0.939
797	0.437	0.512	0.215	0.939
844	0.394	0.52	0.207	0.949
110	0.000	0.529	0.198	0.964
291	0.566	0.53	0.197	0.964
727	0.000	0.532	0.196	0.965
441	0.515	0.533	0.194	0.965
294	0.000	0.534	0.193	0.966
802	0.000	0.542	0.186	0.972
652	0.000	0.544	0.184	0.972
290	0.000	0.541	0.187	0.972
444	0.463	0.542	0.186	0.972
97	0.000	0.545	0.184	0.972
608	0.000	0.544	0.184	0.972
137	0.000	0.543	0.185	0.972
218	0.000	0.55	0.179	0.98
661	0.000	0.554	0.175	0.986
212	0.000	0.562	0.168	0.998
849	0.999	0.999	0.000	1
847	32.649	0.939	0.003	1
852	2.011	0.558	0.171	1
915	1.551	0.74	0.055	1
698	9.349	0.0821	1.511	1
840	0.994	0.996	0.000	1
918	0.000	0.924	0.005	1
839	0.913	0.923	0.005	1
819	1.000	1	0.000	1
822	0.000	0.815	0.027	1
970	0.739	0.787	0.036	1
706	0.000	0.93	0.004	1
824	95.808	0.647	0.105	1
705	100.000	0.359	0.421	1
916	1.270	0.859	0.016	1
825	0.000	0.684	0.083	1
971	0.761	0.842	0.020	1
827	1.000	1	0.000	1
832	0.694	0.793	0.034	1
836	0.658	0.673	0.089	1
837	0.000	0.961	0.001	1
853	1.075	0.956	0.002	1
922	0.000	0.952	0.002	1
854	1.000	1	0.000	1
752	0.000	0.964	0.001	1
857	15.094	0.0918	1.422	1
896	0.571	0.703	0.073	1
893	100.000	0.388	0.373	1
892	100.000	0.473	0.257	1
891	0.642	0.752	0.050	1
890	1.920	0.562	0.169	1
983	0.778	0.866	0.014	1
889	0.000	0.978	0.000	1
679	1.083	0.953	0.002	1
900	0.624	0.691	0.079	1
680	0.424	0.567	0.164	1
883	0.000	0.94	0.003	1
682	10.922	0.142	1.080	1
684	100.000	0.269	0.611	1
695	0.597	0.732	0.059	1
876	0.999	0.999	0.000	1
685	0.000	0.963	0.001	1
870	0.619	0.752	0.050	1
869	100.000	0.136	1.110	1
686	0.000	0.944	0.002	1
981	95.787	0.358	0.422	1
903	0.999	0.999	0.000	1
980	0.559	0.645	0.106	1
905	12.097	0.121	1.200	1
906	1.672	0.762	0.046	1
924	1.000	1	0.000	1
978	0.602	0.626	0.119	1
693	100.000	0.0284	2.401	1
860	0.932	0.958	0.001	1
872	0.936	0.966	0.001	1
968	0.711	0.852	0.017	1
813	1.000	1	0.000	1
712	0.000	0.955	0.002	1
777	1.024	0.988	0.000	1
728	1.000	1	0.000	1
775	0.000	0.696	0.076	1
729	0.000	0.953	0.002	1
774	0.666	0.647	0.105	1
731	100.000	0.398	0.357	1
941	1.015	0.991	0.000	1
964	0.775	0.823	0.025	1
734	1.000	1	0.000	1
735	0.000	0.942	0.003	1
736	0.000	0.939	0.003	1
737	0.000	0.642	0.108	1
942	0.456	0.598	0.139	1
778	0.000	0.895	0.009	1
963	1.000	1	0.000	1
742	0.000	0.955	0.002	1
743	14.515	0.102	1.340	1
744	0.710	0.822	0.025	1
772	1.000	1	0.000	1
746	1.000	1	0.000	1
765	0.000	0.834	0.022	1
945	0.796	0.822	0.025	1
761	0.458	0.576	0.156	1
759	1.348	0.816	0.027	1
749	0.000	0.662	0.096	1
750	0.000	0.96	0.001	1
955	89.617	0.863	0.015	1
957	1.000	1	0.000	1
943	0.000	0.943	0.003	1
781	1.000	1	0.000	1
782	0.000	0.663	0.095	1
726	1.000	1	0.000	1
817	2.262	0.487	0.241	1
815	0.000	0.968	0.001	1
814	0.000	0.966	0.001	1
960	100.000	0.322	0.491	1
716	1.416	0.819	0.026	1
925	99.177	0.0354	2.212	1
717	0.000	0.962	0.001	1
811	0.000	0.95	0.002	1
927	2.050	0.532	0.196	1
718	1.000	1	0.000	1
807	0.000	0.952	0.002	1
805	0.000	0.598	0.139	1
719	90.479	0.0561	1.824	1
720	0.000	0.933	0.004	1
721	0.000	0.771	0.042	1
928	0.000	0.957	0.001	1
931	0.000	0.938	0.003	1
934	0.000	0.642	0.108	1
935	1.000	1	0.000	1
798	0.709	0.793	0.034	1
795	0.548	0.677	0.087	1
794	0.000	0.971	0.001	1
791	12.222	0.472	0.259	1
790	2.872	0.466	0.266	1
789	0.000	0.959	0.001	1
787	1.000	1	0.000	1
939	3.593	0.395	0.361	1
784	0.000	0.966	0.001	1
783	1.000	1	0.000	1
711	2.324	0.749	0.051	1
940	0.575	0.707	0.070	1
494	0.572	0.704	0.072	1
667	1.000	1	0.000	1
238	0.000	0.604	0.135	1
240	1.000	1	0.000	1
241	0.000	0.964	0.001	1
242	100.000	0.0906	1.432	1
245	100.000	0.683	0.083	1
246	1.017	0.991	0.000	1
247	0.000	0.632	0.115	1
249	0.791	0.812	0.028	1
252	0.000	0.89	0.009	1
253	93.358	0.207	0.796	1
254	1.000	1	0.000	1
255	0.000	0.96	0.001	1
259	89.811	0.26	0.635	1
261	100.000	0.0183	2.782	1
262	0.000	0.852	0.018	1
237	0.000	0.855	0.017	1
264	97.043	0.248	0.666	1
236	0.000	0.72	0.064	1
232	0.000	0.729	0.060	1
191	0.000	0.971	0.001	1
199	2.010	0.502	0.225	1
200	0.000	0.965	0.001	1
201	0.999	0.999	0.000	1
202	1.000	1	0.000	1
213	1.263	0.818	0.026	1
216	0.000	0.969	0.001	1
217	0.999	0.999	0.000	1
220	100.000	0.0365	2.187	1
222	100.000	0.356	0.425	1
224	0.796	0.827	0.024	1
227	0.000	0.951	0.002	1
228	1.944	0.451	0.284	1
230	2.664	0.517	0.210	1
231	100.000	0.329	0.477	1
235	100.000	0.771	0.042	1
265	0.999	0.999	0.000	1
267	0.000	0.949	0.002	1
273	0.000	0.954	0.002	1
321	0.416	0.573	0.159	1
322	0.000	0.85	0.018	1
323	0.000	0.603	0.135	1
324	0.675	0.751	0.050	1
326	100.000	0.358	0.422	1
328	1.432	0.698	0.075	1
330	1.000	1	0.000	1
332	100.000	0.0146	2.983	1
335	1.000	1	0.000	1
338	0.000	0.614	0.127	1
340	0.615	0.717	0.066	1
342	1.000	1	0.000	1
344	0.000	0.946	0.002	1
346	100.000	0.252	0.657	1
347	0.000	0.971	0.001	1
316	0.855	0.926	0.004	1
312	0.730	0.652	0.102	1
311	0.000	0.968	0.001	1
310	2.801	0.336	0.463	1
274	4.795	0.0582	1.795	1
275	5.063	0.15	1.036	1
284	1.000	1	0.000	1
285	0.829	0.851	0.018	1
286	3.362	0.206	0.801	1
289	0.000	0.958	0.001	1
297	0.434	0.595	0.142	1
190	0.839	0.874	0.012	1
299	0.000	0.98	0.000	1
301	1.554	0.724	0.062	1
303	1.000	1	0.000	1
304	0.000	0.799	0.032	1
305	4.699	0.18	0.898	1
306	4.035	0.258	0.641	1
307	0.000	0.93	0.004	1
308	0.000	0.9	0.008	1
300	0.000	0.606	0.133	1
189	0.000	0.954	0.002	1
188	0.799	0.887	0.010	1
180	0.630	0.682	0.084	1
53	90.997	0.295	0.549	1
62	0.587	0.724	0.062	1
64	1.000	1	0.000	1
68	100.000	0.491	0.237	1
71	0.468	0.621	0.122	1
73	0.000	0.781	0.038	1
74	1.000	1	0.000	1
76	1.377	0.821	0.025	1
78	0.000	0.945	0.002	1
79	0.999	0.999	0.000	1
83	100.000	0.013	3.087	1
85	0.000	0.955	0.002	1
86	0.999	0.999	0.000	1
91	0.851	0.912	0.006	1
92	1.000	1	0.000	1
49	0.000	0.947	0.002	1
47	0.000	0.565	0.166	1
44	100.000	0.271	0.607	1
43	0.000	0.936	0.003	1
3	0.850	0.903	0.007	1
4	2.115	0.621	0.123	1
7	100.000	0.624	0.120	1
8	0.000	0.573	0.159	1
9	0.000	0.657	0.099	1
10	0.000	0.644	0.107	1
11	0.000	0.953	0.002	1
99	1.000	1	0.000	1
17	0.000	0.967	0.001	1
25	100.000	0.267	0.615	1
26	1.000	1	0.000	1
28	94.272	0.395	0.362	1
30	0.665	0.776	0.040	1
33	100.000	0.0913	1.426	1
37	0.000	0.931	0.004	1
40	0.000	0.937	0.003	1
19	0.907	0.948	0.002	1
348	0.941	0.952	0.002	1
102	1.000	1	0.000	1
106	0.000	0.656	0.099	1
148	1.554	0.721	0.064	1
149	0.973	0.985	0.000	1
152	100.000	0.136	1.109	1
153	0.000	0.941	0.003	1
155	1.000	0.999	0.000	1
156	1.551	0.743	0.054	1
161	0.000	0.956	0.002	1
162	1.000	1	0.000	1
164	0.000	0.759	0.047	1
167	0.647	0.776	0.040	1
169	0.999	0.999	0.000	1
171	94.074	0.419	0.327	1
172	0.000	0.657	0.098	1
175	1.000	1	0.000	1
179	0.000	0.882	0.011	1
143	100.000	0.0131	3.077	1
140	0.599	0.695	0.077	1
138	2.182	0.602	0.136	1
134	1.000	1	0.000	1
107	0.000	0.961	0.001	1
108	0.000	0.765	0.045	1
111	0.000	0.888	0.010	1
113	1.000	1	0.000	1
116	0.000	0.649	0.104	1
117	0.000	0.911	0.006	1
119	0.000	0.799	0.032	1
105	0.000	0.798	0.033	1
120	0.000	0.958	0.001	1
123	0.000	0.897	0.008	1
125	0.000	0.955	0.002	1
127	0.000	0.865	0.015	1
128	0.000	0.953	0.002	1
130	0.000	0.967	0.001	1
131	1.000	1	0.000	1
132	1.000	0.999	0.000	1
121	94.724	0.0235	2.565	1
668	2.231	0.504	0.224	1
349	100.000	0.257	0.643	1
356	0.000	0.782	0.038	1
561	0.000	0.947	0.002	1
562	0.000	0.949	0.002	1
563	0.000	0.954	0.002	1
564	1.000	1	0.000	1
565	0.000	0.944	0.002	1
567	0.603	0.735	0.057	1
569	0.000	0.954	0.002	1
575	0.000	0.937	0.003	1
579	1.001	0.999	0.000	1
582	0.787	0.874	0.013	1
591	0.487	0.627	0.118	1
594	1.000	1	0.000	1
595	0.000	0.961	0.001	1
596	0.000	0.687	0.081	1
597	1.000	1	0.000	1
560	0.000	0.949	0.002	1
600	0.000	0.932	0.004	1
559	0.000	0.952	0.002	1
557	62.207	0.304	0.528	1
536	0.000	0.955	0.002	1
539	100.000	0.709	0.070	1
540	0.000	0.935	0.003	1
541	100.000	0.28	0.584	1
544	100.000	0.475	0.255	1
545	0.000	0.94	0.003	1
547	100.000	0.159	0.991	1
548	0.000	0.954	0.002	1
549	0.000	0.958	0.001	1
551	1.000	1	0.000	1
552	0.805	0.871	0.013	1
553	0.000	0.962	0.001	1
554	0.000	0.938	0.003	1
555	0.000	0.954	0.002	1
556	0.000	0.967	0.001	1
558	0.000	0.949	0.002	1
603	1.082	0.934	0.003	1
605	0.000	0.888	0.010	1
606	1.000	1	0.000	1
642	1.000	1	0.000	1
643	0.000	0.795	0.034	1
644	1.000	1	0.000	1
645	0.000	0.966	0.001	1
647	0.000	0.706	0.071	1
648	0.999	0.999	0.000	1
650	1.000	0.999	0.000	1
653	0.000	0.917	0.005	1
654	1.000	1	0.000	1
657	0.000	0.949	0.002	1
660	0.000	0.959	0.001	1
662	1.000	1	0.000	1
663	90.154	0.372	0.399	1
664	0.585	0.682	0.084	1
665	0.000	0.935	0.003	1
640	0.000	0.596	0.141	1
639	0.999	0.999	0.000	1
638	1.000	1	0.000	1
637	0.000	0.982	0.000	1
607	1.000	1	0.000	1
610	1.000	1	0.000	1
611	100.000	0.00151	5.033	1
612	6.539	0.264	0.624	1
613	1.683	0.64	0.109	1
615	0.000	0.712	0.068	1
616	0.999	0.999	0.000	1
535	0.000	0.931	0.004	1
617	0.000	0.94	0.003	1
620	0.457	0.599	0.139	1
624	0.000	0.643	0.108	1
626	0.999	0.999	0.000	1
632	1.000	1	0.000	1
633	1.000	1	0.000	1
634	1.000	1	0.000	1
636	1.000	1	0.000	1
618	100.000	0.484	0.245	1
534	100.000	0.00832	3.482	1
524	0.807	0.878	0.012	1
519	0.873	0.898	0.008	1
385	0.000	0.892	0.009	1
389	1.000	1	0.000	1
391	1.000	1	0.000	1
394	11.799	0.506	0.222	1
395	0.999	0.999	0.000	1
396	0.999	0.999	0.000	1
397	0.000	0.938	0.003	1
398	0.956	0.976	0.000	1
399	12.675	0.125	1.176	1
403	1.000	1	0.000	1
408	0.594	0.673	0.089	1
410	0.000	0.935	0.003	1
415	0.917	0.951	0.002	1
417	100.000	0.191	0.854	1
418	0.897	0.944	0.003	1
383	1.402	0.777	0.040	1
382	1.083	0.927	0.004	1
379	1.000	1	0.000	1
378	100.000	0.325	0.485	1
357	0.000	0.884	0.011	1
358	100.000	0.00725	3.605	1
359	20.848	0.232	0.713	1
360	0.000	0.944	0.002	1
362	1.000	1	0.000	1
363	1.108	0.908	0.007	1
364	1.000	1	0.000	1
421	1.018	0.983	0.000	1
365	1.000	1	0.000	1
367	100.000	0.337	0.461	1
371	1.342	0.849	0.018	1
372	3.148	0.45	0.285	1
373	1.000	1	0.000	1
374	0.000	0.982	0.000	1
375	5.343	0.395	0.361	1
376	4.044	0.234	0.708	1
366	0.865	0.913	0.006	1
354	0.000	0.971	0.001	1
424	1.000	1	0.000	1
427	0.000	0.968	0.001	1
476	1.514	0.752	0.050	1
478	5.339	0.329	0.477	1
479	3.530	0.401	0.353	1
480	0.000	0.639	0.110	1
481	0.000	0.879	0.012	1
482	0.614	0.652	0.102	1
483	0.729	0.833	0.022	1
489	0.720	0.823	0.025	1
491	0.579	0.701	0.074	1
498	0.000	0.951	0.002	1
506	0.000	0.95	0.002	1
509	1.134	0.922	0.005	1
510	100.000	0.323	0.488	1
513	0.000	0.955	0.002	1
516	0.787	0.808	0.029	1
473	0.000	0.579	0.154	1
469	0.000	0.936	0.003	1
459	2.204	0.541	0.187	1
458	0.000	0.966	0.001	1
428	0.999	0.999	0.000	1
431	0.000	0.735	0.057	1
433	1.006	0.996	0.000	1
434	1.746	0.678	0.086	1
435	2.060	0.567	0.164	1
436	0.630	0.734	0.058	1
439	3.445	0.444	0.294	1
425	88.982	0.408	0.342	1
440	94.950	0.484	0.245	1
445	100.000	0.653	0.101	1
447	0.732	0.829	0.023	1
448	0.944	0.959	0.001	1
449	100.000	0.217	0.761	1
450	2.332	0.543	0.185	1
452	0.000	0.934	0.003	1
457	0.000	0.699	0.075	1
443	6.782	0.132	1.133	1
987	0.000	0.943	0.003	1