# Omega fit to each site after fixing tree and all other parameters.
# Fits compared to null model of omega = 1.
# P-values NOT corrected for multiple testing, so consider Q-values too.
# Q-values computed separately for omega > and < 1 # Will fit different synonymous rate for each site.
#
site	omega	P	dLnL	Q
984	0.000	1.26e-12	25.199	1.24e-09
343	0.000	5.43e-07	12.552	8.28e-05
205	0.000	2.11e-07	13.465	8.28e-05
721	0.000	4.23e-07	12.793	8.28e-05
114	0.000	5.87e-07	12.477	8.28e-05
27	0.000	5.54e-07	12.532	8.28e-05
699	0.032	3.24e-07	13.049	8.28e-05
223	0.027	1.39e-06	11.649	0.000137
499	0.000	1.25e-06	11.753	0.000137
35	0.000	1.34e-06	11.683	0.000137
908	0.000	2.01e-06	11.292	0.000153
61	0.000	1.92e-06	11.339	0.000153
807	0.000	1.8e-06	11.397	0.000153
871	0.018	2.81e-06	10.970	0.000198
308	0.000	3.38e-06	10.795	0.000222
778	0.000	4.78e-06	10.461	0.000295
201	0.000	5.58e-06	10.314	0.000324
244	0.000	9.15e-06	9.840	0.000471
86	0.000	8.97e-06	9.859	0.000471
195	0.024	9.54e-06	9.801	0.000471
126	0.025	1.04e-05	9.720	0.000488
886	0.000	1.17e-05	9.609	0.000502
16	0.000	1.17e-05	9.605	0.000502
31	0.000	1.3e-05	9.506	0.000534
219	0.000	1.69e-05	9.255	0.000618
413	0.000	1.68e-05	9.263	0.000618
764	0.000	1.68e-05	9.259	0.000618
460	0.000	1.98e-05	9.106	0.000696
278	0.000	3.01e-05	8.705	0.00103
969	0.000	3.33e-05	8.610	0.0011
294	0.000	3.85e-05	8.472	0.00123
220	0.026	4.08e-05	8.418	0.00126
289	0.000	4.26e-05	8.375	0.00128
888	0.000	5.1e-05	8.205	0.00139
474	0.000	5.15e-05	8.196	0.00139
189	0.000	5.19e-05	8.188	0.00139
882	0.000	5.22e-05	8.183	0.00139
918	0.000	5.36e-05	8.158	0.00139
414	0.000	5.59e-05	8.118	0.00142
929	0.000	6.13e-05	8.031	0.00151
170	0.000	6.33e-05	8.001	0.00152
481	0.000	6.84e-05	7.927	0.00161
572	0.000	7.03e-05	7.901	0.00161
165	0.000	7.2e-05	7.879	0.00161
12	0.000	7.52e-05	7.838	0.00165
887	0.000	7.79e-05	7.804	0.00167
723	0.000	8.82e-05	7.687	0.0018
835	0.000	8.93e-05	7.676	0.0018
296	0.000	8.67e-05	7.703	0.0018
90	0.000	9.13e-05	7.654	0.0018
133	0.000	9.35e-05	7.632	0.00181
860	0.032	9.75e-05	7.592	0.00185
616	0.000	0.000108	7.492	0.00202
267	0.000	0.000114	7.446	0.00208
846	0.000	0.000126	7.354	0.00225
57	0.000	0.000153	7.167	0.00266
818	0.000	0.000154	7.163	0.00266
599	0.000	0.000161	7.120	0.00274
263	0.000	0.000164	7.101	0.00275
876	0.000	0.000175	7.042	0.00283
950	0.000	0.000174	7.046	0.00283
758	0.034	0.000187	6.980	0.00288
659	0.000	0.000184	6.993	0.00288
265	0.000	0.000187	6.981	0.00288
635	0.000	0.000201	6.912	0.00305
428	0.000	0.000214	6.854	0.00319
93	0.000	0.000222	6.819	0.00327
225	0.000	0.000242	6.737	0.00351
136	0.088	0.000249	6.709	0.00351
529	0.034	0.000247	6.719	0.00351
820	0.000	0.000253	6.696	0.00351
336	0.000	0.000271	6.632	0.00366
315	0.000	0.000275	6.618	0.00366
511	0.000	0.000271	6.630	0.00366
626	0.000	0.000298	6.541	0.00388
139	0.000	0.000299	6.539	0.00388
571	0.000	0.000308	6.510	0.00395
132	0.000	0.000312	6.499	0.00395
14	0.000	0.000316	6.486	0.00395
251	0.036	0.000344	6.408	0.00424
238	0.000	0.000358	6.370	0.00433
380	0.042	0.00036	6.365	0.00433
828	0.000	0.000378	6.319	0.00444
10	0.000	0.000374	6.329	0.00444
137	0.034	0.000397	6.272	0.00456
775	0.000	0.000397	6.273	0.00456
762	0.000	0.000402	6.261	0.00456
262	0.000	0.000447	6.162	0.0049
975	0.000	0.000451	6.153	0.0049
361	0.000	0.000443	6.170	0.0049
676	0.000	0.000447	6.162	0.0049
848	0.000	0.00048	6.096	0.00515
689	0.000	0.000513	6.035	0.00544
229	0.043	0.000531	6.001	0.00558
652	0.000	0.000543	5.981	0.00558
859	0.000	0.000542	5.983	0.00558
193	0.000	0.000568	5.939	0.00575
80	0.000	0.000571	5.934	0.00575
937	0.000	0.000599	5.890	0.00597
505	0.000	0.000656	5.805	0.00648
655	0.047	0.000667	5.790	0.00651
904	0.000	0.000713	5.728	0.00683
776	0.051	0.000708	5.734	0.00683
917	0.045	0.000732	5.703	0.00691
283	0.000	0.000735	5.699	0.00691
630	0.000	0.000761	5.667	0.00708
420	0.083	0.000789	5.633	0.00728
388	0.000	0.000798	5.623	0.00729
144	0.000	0.000814	5.604	0.00737
977	0.000	0.000879	5.534	0.00781
463	0.000	0.000872	5.540	0.00781
362	0.000	0.000922	5.489	0.00812
707	0.000	0.000947	5.464	0.00821
696	0.053	0.000948	5.463	0.00821
298	0.048	0.00097	5.442	0.00823
520	0.000	0.000973	5.439	0.00823
181	0.000	0.000975	5.437	0.00823
464	0.000	0.000996	5.418	0.00833
849	0.000	0.00102	5.395	0.00837
861	0.000	0.00103	5.390	0.00837
79	0.000	0.00102	5.395	0.00837
739	0.000	0.00105	5.368	0.0085
690	0.075	0.00108	5.342	0.00864
41	0.000	0.00109	5.338	0.00864
709	0.000	0.00112	5.313	0.00881
932	0.000	0.0012	5.248	0.00937
670	0.000	0.00126	5.203	0.00965
639	0.000	0.00126	5.199	0.00965
157	0.000	0.00125	5.210	0.00965
738	0.000	0.00129	5.178	0.0098
307	0.000	0.00133	5.152	0.01
583	0.000	0.00136	5.133	0.0101
1	0.000	0.00137	5.123	0.0102
672	0.000	0.00138	5.116	0.0102
921	0.000	0.00142	5.093	0.0104
386	0.000	0.00146	5.062	0.0105
281	0.000	0.00145	5.072	0.0105
215	0.000	0.00147	5.056	0.0105
517	0.000	0.00147	5.056	0.0105
352	0.056	0.00158	4.994	0.0111
392	0.049	0.00158	4.989	0.0111
455	0.000	0.00165	4.950	0.0114
214	0.000	0.00164	4.955	0.0114
211	0.000	0.00172	4.912	0.0116
407	0.000	0.00171	4.918	0.0116
256	0.000	0.00172	4.915	0.0116
821	0.000	0.0017	4.923	0.0116
748	0.000	0.00179	4.875	0.012
801	0.000	0.00181	4.868	0.012
409	0.000	0.00185	4.846	0.012
423	0.000	0.00184	4.852	0.012
451	0.055	0.00184	4.851	0.012
338	0.000	0.002	4.776	0.0126
168	0.000	0.00199	4.780	0.0126
236	0.000	0.002	4.775	0.0126
518	0.000	0.00197	4.790	0.0126
48	0.000	0.00198	4.786	0.0126
169	0.000	0.00202	4.764	0.0126
24	0.000	0.00208	4.738	0.0129
442	0.056	0.00214	4.711	0.0131
402	0.000	0.00214	4.712	0.0131
129	0.000	0.00217	4.701	0.0132
855	0.000	0.00225	4.666	0.0136
471	0.000	0.00229	4.652	0.0136
674	0.000	0.00227	4.659	0.0136
788	0.000	0.0023	4.648	0.0136
411	0.000	0.00233	4.636	0.0137
239	0.000	0.00232	4.638	0.0137
838	0.000	0.00238	4.615	0.0139
141	0.000	0.00239	4.610	0.0139
234	0.046	0.00242	4.601	0.0139
6	0.000	0.00245	4.589	0.014
609	0.000	0.00249	4.574	0.0142
795	0.050	0.00258	4.543	0.0146
648	0.000	0.00263	4.523	0.0149
766	0.000	0.00266	4.515	0.0149
397	0.000	0.0027	4.499	0.0151
568	0.114	0.00275	4.484	0.0152
704	0.000	0.00295	4.420	0.0163
438	0.000	0.00302	4.398	0.0166
936	0.000	0.00306	4.384	0.0166
702	0.000	0.00307	4.381	0.0166
584	0.000	0.00305	4.388	0.0166
145	0.069	0.0031	4.374	0.0166
640	0.000	0.00312	4.369	0.0166
108	0.000	0.00318	4.350	0.0169
422	0.068	0.0032	4.344	0.0169
22	0.000	0.00325	4.332	0.0169
353	0.000	0.00324	4.333	0.0169
928	0.000	0.00331	4.315	0.0171
712	0.000	0.00329	4.319	0.0171
317	0.000	0.0035	4.264	0.018
601	0.000	0.00355	4.252	0.0181
623	0.000	0.00362	4.232	0.0184
926	0.065	0.00371	4.211	0.0188
825	0.000	0.00373	4.204	0.0188
753	0.000	0.00385	4.178	0.0193
395	0.000	0.00394	4.156	0.0196
186	0.057	0.00398	4.147	0.0197
356	0.000	0.00408	4.124	0.0201
287	0.000	0.00415	4.108	0.0204
70	0.051	0.00428	4.080	0.0209
779	0.000	0.00431	4.075	0.0209
850	0.000	0.00454	4.027	0.022
740	0.000	0.00466	4.003	0.0223
966	0.000	0.00466	4.004	0.0223
522	0.000	0.00475	3.986	0.0226
203	0.000	0.00476	3.985	0.0226
530	0.000	0.00478	3.981	0.0226
785	0.000	0.00486	3.966	0.0227
842	0.000	0.00484	3.970	0.0227
580	0.000	0.005	3.940	0.0233
958	0.000	0.00506	3.929	0.0234
909	0.000	0.00509	3.924	0.0235
754	0.000	0.00524	3.898	0.0238
63	0.000	0.00519	3.906	0.0238
910	0.000	0.00523	3.899	0.0238
931	0.000	0.00529	3.889	0.0239
589	0.071	0.0054	3.871	0.0243
772	0.000	0.00547	3.858	0.0245
687	0.000	0.0055	3.854	0.0245
384	0.102	0.00552	3.850	0.0246
627	0.000	0.00556	3.844	0.0246
322	0.000	0.0057	3.821	0.0251
819	0.000	0.00574	3.815	0.0252
949	0.000	0.00576	3.812	0.0252
593	0.000	0.00585	3.798	0.0254
894	0.000	0.006	3.775	0.026
98	0.000	0.0061	3.761	0.0263
867	0.000	0.00621	3.744	0.0265
656	0.000	0.00621	3.745	0.0265
873	0.000	0.00625	3.738	0.0266
496	0.000	0.0064	3.718	0.0271
490	0.000	0.00641	3.715	0.0271
444	0.075	0.00644	3.711	0.0271
805	0.066	0.00659	3.691	0.0276
972	0.070	0.00664	3.684	0.0276
258	0.186	0.00676	3.667	0.0279
345	0.000	0.00679	3.664	0.0279
497	0.000	0.00675	3.669	0.0279
823	0.000	0.00692	3.646	0.0284
393	0.000	0.00707	3.627	0.0288
237	0.000	0.0072	3.611	0.029
527	0.000	0.00718	3.613	0.029
745	0.000	0.00718	3.613	0.029
182	0.109	0.0073	3.599	0.0292
381	0.111	0.00728	3.601	0.0292
577	0.000	0.00733	3.595	0.0292
765	0.000	0.00769	3.552	0.0304
429	0.000	0.00768	3.553	0.0304
733	0.067	0.00788	3.530	0.0309
843	0.000	0.00786	3.533	0.0309
550	0.000	0.00795	3.523	0.031
750	0.000	0.00805	3.511	0.0313
85	0.000	0.00837	3.477	0.0324
934	0.000	0.00844	3.469	0.0325
799	0.000	0.00859	3.453	0.0327
790	0.083	0.00858	3.454	0.0327
649	0.000	0.00862	3.450	0.0327
953	0.000	0.00857	3.455	0.0327
829	0.000	0.00865	3.446	0.0327
976	0.000	0.00877	3.434	0.033
700	0.000	0.00916	3.396	0.0339
179	0.000	0.0091	3.402	0.0339
840	0.105	0.00905	3.407	0.0339
97	0.000	0.00914	3.398	0.0339
164	0.000	0.00911	3.400	0.0339
94	0.000	0.00924	3.388	0.034
45	0.081	0.00929	3.383	0.0341
570	0.000	0.00934	3.379	0.0341
400	0.000	0.00942	3.371	0.0343
913	0.000	0.00969	3.345	0.0347
81	0.000	0.00971	3.343	0.0347
502	0.000	0.00966	3.348	0.0347
622	0.000	0.00968	3.347	0.0347
473	0.000	0.0096	3.354	0.0347
751	0.068	0.00987	3.329	0.0348
151	0.000	0.00983	3.333	0.0348
851	0.000	0.00989	3.328	0.0348
692	0.000	0.00984	3.331	0.0348
533	0.000	0.0101	3.305	0.0356
741	0.000	0.0103	3.290	0.0361
257	0.084	0.0105	3.276	0.0365
390	0.000	0.0105	3.271	0.0366
487	0.000	0.0107	3.259	0.0367
590	0.000	0.0107	3.257	0.0367
295	0.000	0.0107	3.261	0.0367
874	0.000	0.0107	3.257	0.0367
833	0.000	0.0108	3.248	0.0367
183	0.000	0.0108	3.253	0.0367
163	0.000	0.0108	3.245	0.0367
21	0.087	0.0109	3.244	0.0367
885	0.000	0.0113	3.207	0.038
207	0.000	0.0113	3.208	0.038
956	0.000	0.0114	3.203	0.0381
185	0.071	0.0114	3.199	0.0381
83	0.077	0.0116	3.184	0.0383
715	0.000	0.0116	3.185	0.0383
826	0.072	0.0115	3.190	0.0383
355	0.000	0.0117	3.178	0.0384
2	0.000	0.0117	3.181	0.0384
118	0.060	0.0118	3.173	0.0385
521	0.000	0.0119	3.166	0.0385
396	0.000	0.0118	3.168	0.0385
268	0.089	0.012	3.157	0.0387
212	0.000	0.012	3.154	0.0388
587	0.079	0.0123	3.133	0.0396
760	0.062	0.0129	3.095	0.0412
974	0.000	0.0131	3.075	0.042
856	0.083	0.0133	3.067	0.0422
822	0.000	0.0136	3.044	0.0432
868	0.000	0.0139	3.028	0.0438
501	0.000	0.014	3.017	0.0441
862	0.000	0.014	3.017	0.0441
107	0.000	0.0142	3.006	0.0444
127	0.000	0.0142	3.006	0.0444
20	0.000	0.0143	3.003	0.0444
681	0.000	0.0146	2.980	0.0454
475	0.000	0.0149	2.966	0.046
470	0.000	0.015	2.958	0.0461
961	0.000	0.015	2.960	0.0461
135	0.000	0.0152	2.947	0.0464
99	0.000	0.0152	2.947	0.0464
437	0.089	0.0153	2.943	0.0465
737	0.000	0.0155	2.932	0.0468
166	0.000	0.0155	2.929	0.0468
488	0.000	0.0155	2.931	0.0468
747	0.000	0.0156	2.924	0.0469
95	0.000	0.0158	2.914	0.0473
604	0.000	0.0164	2.881	0.049
967	0.000	0.0165	2.873	0.0493
34	0.000	0.0166	2.871	0.0493
809	0.000	0.0168	2.859	0.0498
749	0.000	0.017	2.848	0.0498
585	0.149	0.017	2.848	0.0498
147	0.000	0.017	2.850	0.0498
73	0.000	0.0169	2.851	0.0498
65	0.092	0.0173	2.832	0.0506
683	0.000	0.0174	2.827	0.0507
732	0.000	0.0176	2.820	0.051
730	0.083	0.0177	2.813	0.0512
360	0.000	0.018	2.798	0.0518
878	0.000	0.0182	2.791	0.0518
755	0.000	0.0181	2.791	0.0518
965	0.000	0.0181	2.791	0.0518
525	0.000	0.018	2.798	0.0518
875	0.000	0.0182	2.787	0.0518
389	0.000	0.02	2.707	0.0566
327	0.000	0.0204	2.690	0.057
202	0.000	0.0203	2.693	0.057
767	0.000	0.0203	2.691	0.057
36	0.000	0.0203	2.694	0.057
412	0.000	0.0203	2.693	0.057
574	0.000	0.0205	2.686	0.057
130	0.000	0.0205	2.684	0.057
419	0.000	0.021	2.665	0.0581
611	0.096	0.021	2.663	0.0581
512	0.000	0.0212	2.654	0.0585
89	0.000	0.0214	2.649	0.0587
125	0.051	0.0221	2.621	0.06
780	0.000	0.022	2.622	0.06
879	0.096	0.022	2.625	0.06
830	0.000	0.0219	2.626	0.06
178	0.000	0.0222	2.614	0.0603
82	0.122	0.0225	2.604	0.0608
293	0.000	0.0228	2.592	0.061
110	0.000	0.0228	2.593	0.061
472	0.094	0.0228	2.591	0.061
453	0.000	0.0228	2.591	0.061
324	0.148	0.023	2.585	0.0611
625	0.052	0.023	2.585	0.0611
493	0.000	0.023	2.583	0.0611
651	0.000	0.0233	2.571	0.0618
78	0.101	0.0235	2.565	0.062
457	0.000	0.0237	2.557	0.0624
5	0.000	0.024	2.546	0.0631
241	0.000	0.0241	2.543	0.0632
986	0.087	0.0245	2.530	0.0634
373	0.000	0.0244	2.532	0.0634
897	0.214	0.0243	2.536	0.0634
84	0.000	0.0244	2.534	0.0634
351	0.000	0.0246	2.526	0.0635
911	0.000	0.026	2.479	0.0669
484	0.000	0.0261	2.474	0.0672
914	0.049	0.0267	2.456	0.0683
252	0.000	0.0268	2.451	0.0686
233	0.000	0.027	2.445	0.0689
793	0.097	0.0272	2.439	0.0692
115	0.000	0.0277	2.423	0.0701
160	0.000	0.0277	2.424	0.0701
629	0.000	0.0288	2.391	0.0724
643	0.000	0.0288	2.391	0.0724
841	0.000	0.0292	2.379	0.0732
461	0.094	0.0296	2.365	0.0742
504	0.000	0.03	2.355	0.0749
641	0.091	0.0302	2.348	0.0753
713	0.000	0.0305	2.340	0.0759
72	0.091	0.0309	2.331	0.0765
357	0.000	0.0311	2.322	0.0771
647	0.000	0.0313	2.319	0.0772
979	0.100	0.0316	2.310	0.0776
292	0.000	0.0316	2.310	0.0776
54	0.147	0.032	2.300	0.0783
329	0.000	0.0328	2.279	0.0801
982	0.000	0.0333	2.265	0.0812
385	0.000	0.0335	2.259	0.0813
446	0.000	0.0335	2.260	0.0813
816	0.000	0.0341	2.246	0.0818
500	0.160	0.0341	2.245	0.0818
194	0.000	0.0339	2.250	0.0818
466	0.000	0.0339	2.249	0.0818
52	0.194	0.0343	2.240	0.082
592	0.000	0.0343	2.240	0.082
276	0.000	0.0348	2.229	0.0829
462	0.000	0.035	2.223	0.0832
503	0.119	0.0353	2.216	0.0837
973	0.000	0.0355	2.209	0.0841
75	0.099	0.0359	2.202	0.0847
290	0.000	0.036	2.198	0.0848
605	0.000	0.0369	2.178	0.0865
158	0.000	0.0369	2.178	0.0865
333	0.000	0.0378	2.158	0.0883
948	0.000	0.0379	2.155	0.0884
667	0.000	0.0385	2.141	0.0897
116	0.000	0.0394	2.122	0.0915
691	0.000	0.0408	2.091	0.0943
456	0.000	0.0409	2.091	0.0943
387	0.127	0.0409	2.091	0.0943
602	0.109	0.043	2.048	0.0965
304	0.000	0.0425	2.057	0.0965
720	0.000	0.0429	2.049	0.0965
198	0.000	0.0426	2.056	0.0965
217	0.000	0.0426	2.056	0.0965
528	0.000	0.043	2.047	0.0965
710	0.111	0.0424	2.060	0.0965
662	0.000	0.0425	2.058	0.0965
330	0.000	0.0422	2.064	0.0965
756	0.000	0.0428	2.052	0.0965
763	0.000	0.043	2.048	0.0965
26	0.000	0.0425	2.058	0.0965
405	0.124	0.0433	2.041	0.0968
650	0.000	0.0433	2.042	0.0968
42	0.149	0.0439	2.031	0.0978
896	0.113	0.0446	2.016	0.099
573	0.000	0.0446	2.016	0.099
431	0.000	0.0453	2.003	0.1
806	0.000	0.0458	1.994	0.101
665	0.113	0.0466	1.981	0.103
581	0.000	0.0468	1.976	0.103
698	0.195	0.047	1.972	0.103
67	0.116	0.0475	1.964	0.104
786	0.000	0.0482	1.952	0.105
218	0.000	0.0499	1.923	0.109
901	0.000	0.0505	1.912	0.109
688	0.120	0.0504	1.914	0.109
38	0.000	0.0503	1.916	0.109
906	0.123	0.051	1.904	0.11
771	0.000	0.0528	1.876	0.112
92	0.000	0.0526	1.879	0.112
69	0.107	0.0527	1.877	0.112
597	0.000	0.0526	1.879	0.112
155	0.000	0.0526	1.878	0.112
854	0.000	0.0526	1.879	0.112
150	0.000	0.0528	1.876	0.112
644	0.000	0.0526	1.879	0.112
240	0.000	0.0558	1.828	0.118
523	0.000	0.056	1.827	0.118
664	0.127	0.0573	1.806	0.121
100	0.000	0.0576	1.803	0.121
631	0.000	0.0582	1.794	0.122
76	0.129	0.0586	1.789	0.122
13	0.171	0.0584	1.791	0.122
792	0.152	0.0586	1.788	0.122
370	0.130	0.0598	1.771	0.125
424	0.000	0.06	1.769	0.125
646	0.322	0.0608	1.758	0.126
40	0.090	0.0611	1.754	0.126
638	0.000	0.0616	1.747	0.127
319	0.244	0.062	1.742	0.128
734	0.000	0.0634	1.722	0.13
866	0.133	0.0643	1.711	0.132
812	0.000	0.0648	1.705	0.132
305	0.176	0.0648	1.705	0.132
377	0.306	0.0648	1.705	0.132
796	0.000	0.0655	1.696	0.133
46	0.000	0.0655	1.696	0.133
103	0.125	0.0656	1.695	0.133
458	0.000	0.0661	1.689	0.134
55	0.000	0.067	1.678	0.135
112	0.000	0.069	1.654	0.139
318	0.000	0.0691	1.652	0.139
507	0.169	0.0692	1.651	0.139
486	0.000	0.0691	1.652	0.139
924	0.000	0.0699	1.642	0.14
354	0.000	0.0702	1.639	0.14
877	0.142	0.0702	1.640	0.14
619	0.000	0.0706	1.635	0.14
301	0.205	0.0706	1.634	0.14
270	0.140	0.0708	1.633	0.14
954	0.143	0.0712	1.628	0.14
159	0.000	0.072	1.618	0.142
302	0.000	0.0725	1.612	0.143
47	0.000	0.0734	1.602	0.143
685	0.000	0.0732	1.605	0.143
938	0.000	0.0734	1.603	0.143
633	0.000	0.0734	1.603	0.143
728	0.000	0.0731	1.606	0.143
671	0.000	0.0743	1.592	0.144
339	0.000	0.0753	1.582	0.146
272	0.000	0.0768	1.565	0.148
912	0.000	0.0768	1.565	0.148
983	0.139	0.0785	1.548	0.151
797	0.212	0.0797	1.536	0.153
369	0.106	0.0799	1.533	0.153
628	0.000	0.0808	1.524	0.155
951	0.000	0.0823	1.510	0.157
303	0.000	0.0823	1.510	0.157
250	0.207	0.0824	1.508	0.157
176	0.000	0.0852	1.481	0.162
682	0.124	0.0856	1.478	0.162
314	0.000	0.0858	1.475	0.162
933	0.000	0.0858	1.475	0.162
323	0.000	0.0863	1.471	0.163
804	0.000	0.0862	1.472	0.163
697	0.121	0.0868	1.467	0.163
325	0.000	0.087	1.464	0.163
907	0.000	0.0876	1.459	0.164
701	0.000	0.0876	1.459	0.164
51	0.000	0.0882	1.453	0.165
359	0.000	0.0893	1.443	0.166
761	0.142	0.0894	1.443	0.166
624	0.000	0.0897	1.440	0.166
566	0.000	0.0899	1.438	0.166
106	0.000	0.0905	1.432	0.167
769	0.000	0.0915	1.424	0.169
725	0.000	0.0923	1.417	0.17
919	0.162	0.0929	1.412	0.171
436	0.163	0.093	1.411	0.171
188	0.147	0.0947	1.396	0.173
673	0.000	0.096	1.386	0.175
586	0.000	0.096	1.385	0.175
347	0.000	0.096	1.386	0.175
531	0.143	0.0976	1.372	0.177
863	0.201	0.098	1.369	0.178
404	0.000	0.0998	1.354	0.18
810	0.000	0.0997	1.355	0.18
708	0.000	0.101	1.348	0.181
857	0.138	0.102	1.338	0.183
71	0.157	0.102	1.334	0.184
3	0.201	0.103	1.332	0.184
537	0.000	0.104	1.324	0.185
717	0.000	0.104	1.321	0.185
288	0.000	0.105	1.315	0.185
678	0.000	0.103	1.327	0.185
313	0.000	0.105	1.315	0.185
946	0.000	0.105	1.315	0.185
109	0.000	0.105	1.317	0.185
722	0.135	0.104	1.324	0.185
117	0.000	0.105	1.315	0.185
789	0.000	0.109	1.285	0.192
32	0.000	0.109	1.281	0.193
173	0.000	0.111	1.273	0.194
653	0.000	0.111	1.273	0.194
96	0.144	0.112	1.262	0.196
162	0.000	0.112	1.263	0.196
485	0.276	0.112	1.261	0.196
4	0.143	0.113	1.257	0.196
77	0.147	0.115	1.245	0.199
192	0.000	0.117	1.231	0.199
279	0.000	0.116	1.233	0.199
111	0.000	0.117	1.231	0.199
277	0.000	0.116	1.235	0.199
334	0.000	0.116	1.232	0.199
209	0.000	0.116	1.238	0.199
773	0.176	0.117	1.232	0.199
190	0.232	0.115	1.239	0.199
467	0.000	0.116	1.235	0.199
515	0.000	0.118	1.225	0.2
834	0.000	0.118	1.225	0.2
39	0.000	0.118	1.221	0.201
197	0.179	0.118	1.220	0.201
724	0.000	0.119	1.214	0.202
598	0.000	0.121	1.205	0.204
391	0.000	0.12	1.206	0.204
122	0.000	0.121	1.203	0.204
939	0.163	0.122	1.197	0.205
243	0.000	0.122	1.197	0.205
802	0.000	0.122	1.197	0.205
271	0.230	0.122	1.193	0.205
208	0.000	0.123	1.190	0.206
621	0.000	0.124	1.185	0.207
154	0.000	0.124	1.180	0.207
813	0.000	0.124	1.180	0.207
492	0.000	0.125	1.174	0.208
615	0.000	0.125	1.174	0.208
232	0.000	0.125	1.174	0.208
363	0.377	0.126	1.169	0.209
831	0.000	0.127	1.167	0.209
675	0.000	0.127	1.165	0.209
660	0.000	0.128	1.160	0.21
889	0.000	0.128	1.160	0.21
661	0.000	0.132	1.135	0.213
845	0.000	0.132	1.133	0.213
104	0.000	0.131	1.143	0.213
634	0.000	0.131	1.143	0.213
260	0.000	0.132	1.133	0.213
727	0.000	0.132	1.135	0.213
596	0.000	0.13	1.144	0.213
88	0.000	0.131	1.143	0.213
105	0.000	0.132	1.134	0.213
962	0.000	0.132	1.133	0.213
468	0.000	0.131	1.138	0.213
532	0.157	0.132	1.133	0.213
465	0.000	0.131	1.143	0.213
432	0.295	0.134	1.123	0.215
898	0.196	0.134	1.124	0.215
603	0.332	0.135	1.119	0.215
703	0.000	0.137	1.104	0.219
454	0.122	0.138	1.102	0.219
666	0.000	0.138	1.101	0.219
543	0.159	0.139	1.096	0.221
60	0.260	0.143	1.075	0.226
300	0.000	0.145	1.064	0.229
247	0.000	0.146	1.057	0.229
808	0.000	0.146	1.057	0.229
677	0.319	0.146	1.059	0.229
184	0.165	0.146	1.059	0.229
309	0.173	0.145	1.060	0.229
508	0.000	0.146	1.057	0.229
669	0.248	0.147	1.050	0.231
742	0.000	0.149	1.040	0.233
803	0.000	0.149	1.040	0.233
11	0.000	0.149	1.040	0.233
221	0.256	0.15	1.034	0.234
480	0.094	0.152	1.027	0.236
172	0.172	0.152	1.025	0.236
844	0.202	0.155	1.012	0.24
959	0.000	0.158	0.996	0.244
266	0.181	0.158	0.998	0.244
800	0.000	0.158	0.996	0.244
123	0.000	0.158	0.995	0.244
196	0.273	0.159	0.990	0.245
447	0.185	0.161	0.982	0.247
770	0.000	0.165	0.966	0.252
248	0.000	0.165	0.966	0.252
58	0.000	0.165	0.965	0.252
774	0.362	0.166	0.961	0.252
542	0.000	0.166	0.961	0.252
459	0.294	0.17	0.942	0.258
752	0.000	0.171	0.939	0.259
716	0.186	0.172	0.935	0.26
576	0.194	0.173	0.926	0.262
291	0.358	0.174	0.926	0.262
312	0.481	0.176	0.918	0.265
858	0.194	0.176	0.916	0.265
777	0.198	0.18	0.898	0.271
246	0.204	0.182	0.890	0.274
204	0.199	0.183	0.887	0.274
406	0.231	0.187	0.870	0.28
782	0.000	0.187	0.869	0.28
249	0.372	0.191	0.853	0.286
836	0.363	0.196	0.836	0.291
146	0.316	0.195	0.838	0.291
865	0.370	0.196	0.837	0.291
340	0.201	0.197	0.831	0.293
514	0.200	0.199	0.825	0.295
230	0.209	0.201	0.819	0.297
900	0.262	0.204	0.808	0.301
227	0.000	0.205	0.804	0.302
8	0.134	0.204	0.805	0.302
187	0.403	0.207	0.796	0.305
213	0.373	0.208	0.794	0.305
714	0.045	0.207	0.794	0.305
588	0.213	0.209	0.789	0.306
435	0.312	0.223	0.743	0.326
920	0.224	0.225	0.737	0.328
56	0.231	0.225	0.737	0.328
341	0.231	0.226	0.733	0.329
255	0.225	0.227	0.731	0.329
519	0.370	0.229	0.725	0.332
177	0.234	0.231	0.718	0.334
261	0.235	0.232	0.716	0.335
526	0.269	0.232	0.714	0.335
332	0.235	0.232	0.713	0.335
608	0.235	0.232	0.714	0.335
942	0.181	0.242	0.685	0.347
947	0.287	0.242	0.685	0.347
50	0.292	0.247	0.670	0.354
15	0.165	0.252	0.657	0.36
430	0.127	0.254	0.651	0.363
224	0.389	0.26	0.634	0.372
167	0.305	0.261	0.631	0.372
153	0.250	0.261	0.631	0.372
930	0.339	0.264	0.623	0.376
477	0.186	0.268	0.614	0.38
941	0.356	0.27	0.609	0.382
798	0.350	0.27	0.607	0.383
358	0.140	0.273	0.601	0.385
978	0.331	0.273	0.601	0.385
426	0.000	0.276	0.593	0.388
175	0.000	0.276	0.593	0.388
9	0.000	0.276	0.593	0.388
66	0.417	0.277	0.590	0.389
476	0.269	0.28	0.585	0.392
350	0.300	0.284	0.574	0.397
489	0.276	0.284	0.573	0.397
320	0.190	0.288	0.565	0.402
883	0.200	0.302	0.534	0.42
881	0.108	0.303	0.530	0.422
19	0.286	0.306	0.524	0.425
899	0.290	0.311	0.514	0.431
612	0.293	0.313	0.508	0.434
18	0.253	0.317	0.501	0.438
180	0.384	0.316	0.502	0.438
269	0.367	0.325	0.485	0.448
591	0.256	0.33	0.474	0.455
916	0.306	0.332	0.470	0.457
902	0.366	0.345	0.446	0.474
421	0.561	0.351	0.435	0.482
375	0.281	0.354	0.430	0.485
119	0.268	0.358	0.422	0.49
945	0.467	0.36	0.419	0.492
679	0.309	0.362	0.415	0.494
491	0.380	0.37	0.401	0.505
321	0.259	0.372	0.399	0.506
425	0.370	0.373	0.396	0.508
337	0.264	0.374	0.395	0.508
383	0.519	0.375	0.393	0.509
416	0.395	0.383	0.380	0.519
226	0.394	0.388	0.373	0.524
964	0.390	0.39	0.370	0.526
372	0.297	0.39	0.370	0.526
23	0.627	0.394	0.363	0.53
538	0.418	0.407	0.343	0.547
768	0.419	0.408	0.343	0.547
884	0.304	0.419	0.326	0.562
980	0.484	0.42	0.326	0.562
864	0.305	0.421	0.324	0.562
509	0.424	0.423	0.320	0.566
331	0.374	0.433	0.307	0.577
398	0.325	0.446	0.291	0.593
582	0.404	0.445	0.291	0.593
483	0.327	0.451	0.284	0.598
744	0.473	0.45	0.285	0.598
695	0.455	0.453	0.282	0.6
827	0.329	0.456	0.278	0.603
614	0.504	0.457	0.277	0.603
140	0.463	0.463	0.269	0.611
905	0.358	0.466	0.266	0.614
658	0.341	0.472	0.259	0.621
495	0.552	0.484	0.245	0.636
433	0.481	0.486	0.243	0.638
142	0.377	0.49	0.238	0.643
757	0.514	0.493	0.234	0.644
620	0.388	0.493	0.235	0.644
985	0.397	0.494	0.234	0.644
927	0.567	0.494	0.234	0.644
923	0.390	0.501	0.227	0.652
280	0.377	0.505	0.222	0.657
567	0.384	0.513	0.214	0.667
149	0.397	0.527	0.200	0.684
872	0.405	0.54	0.188	0.699
399	0.408	0.543	0.185	0.702
316	0.405	0.545	0.183	0.704
694	0.555	0.546	0.182	0.704
880	0.430	0.564	0.167	0.726
174	0.534	0.563	0.167	0.726
101	0.467	0.574	0.158	0.738
382	0.658	0.575	0.157	0.738
124	0.651	0.589	0.146	0.753
578	0.452	0.588	0.146	0.753
418	0.452	0.589	0.146	0.753
282	0.560	0.59	0.146	0.753
368	0.477	0.611	0.130	0.779
870	0.474	0.612	0.128	0.78
971	0.614	0.648	0.104	0.824
441	0.661	0.657	0.099	0.835
62	0.521	0.659	0.098	0.836
944	0.570	0.665	0.094	0.842
91	0.534	0.666	0.093	0.843
940	0.537	0.669	0.092	0.844
59	0.610	0.669	0.092	0.844
326	0.540	0.673	0.089	0.849
348	0.681	0.681	0.085	0.857
952	0.752	0.685	0.082	0.861
138	0.645	0.692	0.079	0.868
448	0.724	0.695	0.077	0.871
668	0.694	0.698	0.075	0.875
152	0.576	0.706	0.071	0.884
516	0.728	0.739	0.055	0.924
275	0.740	0.745	0.053	0.929
199	0.743	0.76	0.047	0.948
987	0.600	0.773	0.042	0.962
711	0.735	0.782	0.038	0.973
206	0.711	0.789	0.036	0.98
534	98.164	0.000998	5.416	0.985
794	0.000	0.929	0.004	1
344	0.000	0.929	0.004	1
342	0.000	0.933	0.003	1
335	0.000	0.931	0.004	1
328	0.902	0.892	0.009	1
922	100.000	0.192	0.852	1
311	0.000	0.929	0.004	1
310	5.293	0.0885	1.451	1
925	100.000	0.0458	1.995	1
306	1.021	0.986	0.000	1
299	0.000	0.953	0.002	1
297	1.143	0.912	0.006	1
286	2.177	0.38	0.385	1
285	1.457	0.659	0.097	1
284	0.000	0.934	0.003	1
274	1.858	0.298	0.541	1
273	0.000	0.934	0.003	1
264	100.000	0.406	0.345	1
935	0.000	0.92	0.005	1
259	96.483	0.164	0.968	1
346	100.000	0.25	0.663	1
349	98.038	0.675	0.088	1
915	1.451	0.751	0.050	1
364	0.000	0.916	0.005	1
439	0.891	0.928	0.004	1
895	1.286	0.834	0.022	1
434	2.930	0.381	0.384	1
427	0.000	0.933	0.003	1
417	100.000	0.0926	1.414	1
415	1.391	0.782	0.038	1
410	0.000	0.944	0.002	1
408	1.124	0.917	0.005	1
403	0.000	0.953	0.002	1
254	0.000	0.925	0.004	1
903	1.287	0.839	0.021	1
394	1.001	0.999	0.000	1
379	0.000	0.928	0.004	1
378	95.635	0.407	0.344	1
376	1.377	0.783	0.038	1
374	0.000	0.953	0.002	1
371	1.975	0.612	0.129	1
367	100.000	0.206	0.800	1
366	1.187	0.887	0.010	1
365	0.000	0.934	0.003	1
401	0.849	0.899	0.008	1
253	100.000	0.406	0.345	1
245	93.203	0.676	0.087	1
242	100.000	0.192	0.852	1
102	0.000	0.934	0.003	1
87	0.824	0.878	0.012	1
968	1.066	0.973	0.001	1
74	0.000	0.929	0.004	1
970	0.878	0.902	0.008	1
68	100.000	0.553	0.176	1
64	0.000	0.936	0.003	1
53	100.000	0.322	0.490	1
49	0.000	0.948	0.002	1
113	0.000	0.948	0.002	1
44	0.772	0.847	0.019	1
37	0.000	0.916	0.005	1
33	100.000	0.0146	2.981	1
30	0.863	0.91	0.006	1
29	1.083	0.934	0.003	1
981	100.000	0.584	0.150	1
28	0.939	0.962	0.001	1
25	93.024	0.584	0.150	1
17	0.000	0.934	0.003	1
7	90.326	0.828	0.024	1
43	0.000	0.916	0.005	1
893	88.673	0.266	0.620	1
120	0.000	0.92	0.005	1
121	95.589	0.0353	2.216	1
235	1.001	0.999	0.000	1
231	100.000	0.577	0.155	1
943	0.000	0.927	0.004	1
228	1.724	0.427	0.316	1
222	1.339	0.803	0.031	1
216	0.780	0.863	0.015	1
210	1.253	0.837	0.021	1
200	0.000	0.92	0.005	1
191	0.000	0.929	0.004	1
963	0.000	0.934	0.003	1
171	93.835	0.394	0.363	1
156	0.772	0.841	0.020	1
148	0.885	0.902	0.008	1
955	100.000	0.809	0.029	1
143	100.000	0.193	0.849	1
957	0.000	0.953	0.002	1
134	0.000	0.916	0.005	1
131	0.000	0.95	0.002	1
960	100.000	0.406	0.345	1
128	0.000	0.953	0.002	1
161	0.000	0.916	0.005	1
892	100.000	0.265	0.622	1
890	1.071	0.942	0.003	1
791	31.507	0.931	0.004	1
663	100.000	0.394	0.364	1
657	0.000	0.928	0.004	1
654	0.000	0.931	0.004	1
645	0.000	0.922	0.005	1
824	44.460	0.67	0.091	1
642	0.000	0.934	0.003	1
637	1.001	0.999	0.000	1
636	0.000	0.916	0.005	1
632	0.000	0.927	0.004	1
680	0.848	0.898	0.008	1
618	100.000	0.462	0.270	1
613	1.474	0.724	0.063	1
832	1.598	0.692	0.079	1
610	0.000	0.934	0.003	1
607	0.000	0.933	0.003	1
606	0.000	0.936	0.003	1
600	0.000	0.929	0.004	1
837	0.000	0.932	0.004	1
595	0.000	0.925	0.004	1
839	0.963	0.966	0.001	1
617	0.000	0.928	0.004	1
594	0.000	0.933	0.003	1
684	100.000	0.145	1.061	1
686	0.000	0.949	0.002	1
787	0.000	0.928	0.004	1
784	0.000	0.931	0.004	1
783	0.000	0.948	0.002	1
781	0.000	0.933	0.003	1
759	6.220	0.0774	1.559	1
746	0.000	0.934	0.003	1
743	0.822	0.877	0.012	1
736	0.000	0.922	0.005	1
735	0.000	0.916	0.005	1
817	2.277	0.414	0.333	1
731	94.340	0.399	0.356	1
726	0.000	0.93	0.004	1
719	92.731	0.338	0.460	1
718	0.000	0.953	0.002	1
706	0.000	0.922	0.005	1
811	0.000	0.931	0.004	1
705	97.546	0.406	0.345	1
693	1.866	0.495	0.233	1
814	0.000	0.931	0.004	1
815	0.000	0.934	0.003	1
729	0.000	0.929	0.004	1
579	1.000	1	0.000	1
575	0.000	0.916	0.005	1
569	0.000	0.934	0.003	1
869	100.000	0.095	1.394	1
540	100.000	0.593	0.143	1
539	100.000	0.353	0.432	1
536	0.000	0.95	0.002	1
535	0.000	0.944	0.002	1
524	1.094	0.943	0.003	1
513	0.000	0.95	0.002	1
510	100.000	0.293	0.554	1
506	0.000	0.953	0.002	1
541	100.000	0.197	0.832	1
498	0.000	0.953	0.002	1
479	1.239	0.862	0.015	1
478	0.847	0.907	0.007	1
469	0.000	0.934	0.003	1
452	0.000	0.916	0.005	1
450	2.827	0.384	0.379	1
449	99.912	0.16	0.988	1
445	97.783	0.791	0.035	1
443	1.139	0.901	0.008	1
440	86.696	0.358	0.423	1
482	0.814	0.826	0.024	1
544	81.289	0.194	0.843	1
545	92.743	0.272	0.602	1
546	0.978	0.986	0.000	1
565	0.000	0.943	0.003	1
564	0.000	0.928	0.004	1
563	0.000	0.948	0.002	1
847	1.002	0.999	0.000	1
562	0.000	0.936	0.003	1
561	0.000	0.931	0.004	1
560	0.000	0.934	0.003	1
559	0.000	0.93	0.004	1
852	0.955	0.96	0.001	1
853	1.539	0.707	0.071	1
558	0.000	0.93	0.004	1
557	99.137	0.512	0.215	1
556	0.000	0.936	0.003	1
555	0.000	0.925	0.004	1
554	0.000	0.93	0.004	1
553	96.297	0.363	0.414	1
552	2.195	0.475	0.255	1
551	0.000	0.929	0.004	1
549	0.000	0.933	0.003	1
548	0.000	0.93	0.004	1
547	1.239	0.854	0.017	1
891	1.323	0.811	0.029	1
494	1.111	0.933	0.004	1