# Omega fit to each site after fixing tree and all other parameters.
# Fits compared to null model of omega = 1.
# P-values NOT corrected for multiple testing, so consider Q-values too.
# Q-values computed separately for omega > and < 1 # Will fit different synonymous rate for each site.
#
site	omega	P	dLnL	Q
278	0.000	2.43e-06	11.111	0.0024
126	0.000	7.11e-06	10.082	0.00351
12	0.000	1.34e-05	9.473	0.00442
984	0.000	2.13e-05	9.033	0.00466
499	0.000	2.36e-05	8.936	0.00466
133	0.000	3.15e-05	8.663	0.00518
343	0.000	6.98e-05	7.908	0.00579
778	0.000	7.04e-05	7.900	0.00579
380	0.000	6.27e-05	8.010	0.00579
721	0.000	6.78e-05	7.935	0.00579
835	0.000	6.17e-05	8.025	0.00579
201	0.000	4.2e-05	8.389	0.00579
165	0.000	7.89e-05	7.793	0.00599
805	0.000	9.31e-05	7.636	0.00618
225	0.000	9.39e-05	7.628	0.00618
137	0.000	0.000105	7.522	0.00629
308	0.000	0.00011	7.478	0.00629
937	0.000	0.000121	7.388	0.00629
413	0.000	0.000119	7.404	0.00629
205	0.000	0.000146	7.214	0.00718
16	0.000	0.000153	7.165	0.00721
908	0.000	0.000175	7.043	0.00783
189	0.000	0.000197	6.930	0.00845
807	0.000	0.000295	6.551	0.0087
659	0.000	0.000287	6.576	0.0087
775	0.000	0.000216	6.844	0.0087
871	0.000	0.000242	6.738	0.0087
886	0.000	0.000307	6.514	0.0087
882	0.000	0.000275	6.616	0.0087
61	0.000	0.000248	6.715	0.0087
287	0.000	0.000308	6.509	0.0087
764	0.000	0.000288	6.574	0.0087
267	0.000	0.000252	6.697	0.0087
929	0.000	0.000278	6.608	0.0087
672	0.000	0.000304	6.524	0.0087
748	0.000	0.000324	6.464	0.00888
599	0.000	0.000343	6.410	0.00915
136	0.054	0.000371	6.337	0.00963
655	0.000	0.000412	6.238	0.0104
529	0.034	0.000427	6.204	0.0104
511	0.000	0.000433	6.192	0.0104
181	0.000	0.000444	6.168	0.0104
950	0.000	0.000462	6.132	0.0105
35	0.000	0.000479	6.099	0.0105
57	0.000	0.00048	6.096	0.0105
904	0.000	0.000503	6.052	0.0106
704	0.000	0.000494	6.070	0.0106
848	0.000	0.000598	5.892	0.0111
422	0.037	0.000589	5.905	0.0111
818	0.000	0.000566	5.942	0.0111
281	0.000	0.000587	5.908	0.0111
296	0.000	0.000566	5.943	0.0111
451	0.000	0.00055	5.969	0.0111
251	0.000	0.000612	5.870	0.0112
238	0.000	0.000643	5.824	0.0115
79	0.000	0.000717	5.722	0.0115
505	0.000	0.000726	5.711	0.0115
414	0.000	0.000745	5.687	0.0115
392	0.000	0.000669	5.786	0.0115
195	0.000	0.000684	5.767	0.0115
828	0.000	0.000687	5.762	0.0115
460	0.000	0.000679	5.773	0.0115
571	0.000	0.000735	5.699	0.0115
670	0.000	0.000756	5.673	0.0115
707	0.000	0.000745	5.687	0.0115
6	0.000	0.000853	5.561	0.0128
388	0.000	0.000897	5.515	0.0129
975	0.000	0.000901	5.510	0.0129
969	0.000	0.000881	5.531	0.0129
699	0.047	0.000964	5.448	0.0136
820	0.000	0.000992	5.421	0.0138
648	0.000	0.00102	5.393	0.014
169	0.000	0.00105	5.368	0.014
733	0.000	0.00105	5.370	0.014
887	0.000	0.00112	5.311	0.0147
31	0.000	0.00124	5.212	0.0153
626	0.000	0.00128	5.182	0.0153
294	0.000	0.0012	5.246	0.0153
353	0.000	0.0012	5.247	0.0153
93	0.000	0.00129	5.181	0.0153
859	0.000	0.00127	5.196	0.0153
402	0.000	0.00124	5.217	0.0153
623	0.000	0.00127	5.190	0.0153
428	0.000	0.00135	5.139	0.0157
464	0.000	0.00135	5.137	0.0157
48	0.000	0.00155	5.008	0.0177
758	0.040	0.00156	5.003	0.0177
723	0.000	0.00163	4.963	0.018
652	0.000	0.00161	4.974	0.018
689	0.000	0.00164	4.955	0.018
850	0.000	0.00169	4.928	0.0184
14	0.000	0.00172	4.913	0.0185
696	0.048	0.00182	4.862	0.019
676	0.000	0.00182	4.859	0.019
10	0.000	0.0018	4.872	0.019
894	0.000	0.0019	4.823	0.0191
219	0.000	0.0019	4.823	0.0191
315	0.000	0.00189	4.827	0.0191
750	0.000	0.00208	4.739	0.0206
641	0.000	0.00209	4.735	0.0206
377	0.080	0.00255	4.551	0.025
244	0.000	0.00265	4.518	0.0256
873	0.000	0.0027	4.499	0.0259
753	0.000	0.00274	4.488	0.026
583	0.000	0.00287	4.446	0.0264
289	0.000	0.00287	4.446	0.0264
879	0.000	0.00286	4.448	0.0264
114	0.000	0.00291	4.432	0.0266
876	0.000	0.00301	4.401	0.0272
214	0.000	0.00324	4.335	0.029
932	0.000	0.00328	4.321	0.0292
917	0.053	0.00333	4.309	0.0293
234	0.000	0.00354	4.252	0.0301
949	0.000	0.00353	4.256	0.0301
868	0.000	0.00345	4.275	0.0301
972	0.000	0.0035	4.262	0.0301
622	0.000	0.00358	4.241	0.0302
674	0.000	0.00365	4.225	0.0306
24	0.000	0.00375	4.200	0.0311
474	0.000	0.0038	4.188	0.0313
384	0.000	0.00391	4.162	0.0314
139	0.000	0.00392	4.161	0.0314
239	0.000	0.00387	4.172	0.0314
129	0.000	0.00405	4.131	0.0322
779	0.000	0.00417	4.105	0.0329
256	0.000	0.00429	4.079	0.0336
785	0.000	0.0045	4.035	0.035
470	0.000	0.00461	4.012	0.0356
132	0.000	0.00466	4.003	0.0357
480	0.000	0.00477	3.982	0.0362
90	0.000	0.00485	3.968	0.0365
601	0.000	0.00489	3.960	0.0366
877	0.000	0.00497	3.946	0.0366
502	0.000	0.00495	3.949	0.0366
656	0.000	0.00506	3.929	0.0367
97	0.000	0.00504	3.932	0.0367
70	0.049	0.00515	3.912	0.0371
712	0.000	0.00522	3.901	0.0373
463	0.000	0.00525	3.895	0.0373
739	0.000	0.00531	3.886	0.0374
262	0.000	0.00557	3.842	0.0388
496	0.000	0.00559	3.840	0.0388
473	0.000	0.00566	3.827	0.0391
846	0.000	0.00573	3.817	0.0393
954	0.000	0.00599	3.777	0.0408
135	0.000	0.00608	3.764	0.0411
395	0.000	0.00615	3.753	0.0413
322	0.000	0.00619	3.747	0.0413
688	0.000	0.00627	3.736	0.0415
518	0.000	0.0065	3.702	0.0423
823	0.000	0.00646	3.708	0.0423
593	0.000	0.00651	3.701	0.0423
793	0.000	0.00659	3.690	0.0425
913	0.000	0.00671	3.675	0.0427
2	0.000	0.00668	3.678	0.0427
609	0.000	0.00684	3.657	0.0431
930	0.000	0.00698	3.639	0.0431
41	0.000	0.00708	3.626	0.0431
420	0.097	0.00707	3.628	0.0431
788	0.000	0.00702	3.634	0.0431
493	0.000	0.007	3.636	0.0431
27	0.000	0.00692	3.647	0.0431
411	0.000	0.00719	3.612	0.0436
386	0.000	0.00738	3.589	0.0442
934	0.000	0.0074	3.587	0.0442
897	0.113	0.00743	3.583	0.0442
747	0.000	0.00749	3.576	0.0442
928	0.000	0.00752	3.572	0.0442
362	0.000	0.0077	3.551	0.045
309	0.000	0.00775	3.545	0.045
170	0.000	0.00811	3.505	0.0454
355	0.000	0.00809	3.507	0.0454
21	0.000	0.00811	3.505	0.0454
393	0.000	0.008	3.517	0.0454
860	0.042	0.00812	3.503	0.0454
790	0.059	0.00814	3.501	0.0454
211	0.000	0.00799	3.518	0.0454
1	0.000	0.00824	3.490	0.0457
263	0.000	0.00837	3.477	0.046
577	0.000	0.00839	3.474	0.046
94	0.000	0.00856	3.456	0.0464
78	0.000	0.00869	3.442	0.0464
144	0.000	0.00853	3.460	0.0464
265	0.000	0.00863	3.449	0.0464
977	0.000	0.00874	3.438	0.0464
151	0.000	0.00867	3.445	0.0464
86	0.000	0.00909	3.402	0.0475
455	0.000	0.0091	3.402	0.0475
918	0.000	0.00909	3.403	0.0475
361	0.000	0.00927	3.385	0.0481
760	0.000	0.00952	3.361	0.0487
740	0.000	0.00943	3.370	0.0487
861	0.000	0.00952	3.361	0.0487
888	0.000	0.00965	3.349	0.0491
271	0.060	0.00995	3.322	0.0503
501	0.000	0.0101	3.305	0.0506
145	0.076	0.0102	3.304	0.0506
370	0.000	0.0101	3.307	0.0506
665	0.000	0.0102	3.297	0.0506
203	0.000	0.0103	3.290	0.0506
103	0.048	0.0103	3.292	0.0506
587	0.000	0.0105	3.273	0.0507
843	0.000	0.0105	3.276	0.0507
487	0.000	0.0105	3.271	0.0507
926	0.071	0.0105	3.276	0.0507
396	0.000	0.0111	3.224	0.0532
409	0.000	0.0112	3.219	0.0532
98	0.000	0.0113	3.208	0.0536
856	0.064	0.0114	3.200	0.0536
215	0.000	0.0114	3.200	0.0536
168	0.000	0.0115	3.196	0.0537
397	0.000	0.0117	3.177	0.0545
910	0.000	0.0119	3.161	0.0553
635	0.000	0.0122	3.144	0.0561
801	0.000	0.0126	3.115	0.0571
163	0.000	0.0125	3.120	0.0571
282	0.000	0.0125	3.117	0.0571
849	0.000	0.0129	3.091	0.0584
616	0.000	0.0132	3.072	0.0593
520	0.000	0.0133	3.067	0.0593
147	0.000	0.0133	3.066	0.0593
885	0.000	0.0135	3.049	0.0602
838	0.000	0.0137	3.040	0.0605
572	0.000	0.0142	3.008	0.0625
461	0.000	0.0143	3.001	0.0627
471	0.000	0.0149	2.962	0.0647
268	0.082	0.015	2.958	0.0647
157	0.000	0.0149	2.962	0.0647
183	0.000	0.0149	2.961	0.0647
295	0.000	0.0151	2.953	0.0648
336	0.000	0.0153	2.943	0.0649
639	0.000	0.0152	2.947	0.0649
967	0.000	0.0155	2.931	0.0655
700	0.000	0.0157	2.919	0.066
694	0.000	0.0157	2.917	0.066
647	0.000	0.0161	2.897	0.0673
855	0.000	0.0162	2.891	0.0674
301	0.070	0.0166	2.871	0.0687
290	0.000	0.0168	2.861	0.0692
229	0.058	0.017	2.847	0.0693
874	0.000	0.0169	2.853	0.0693
319	0.081	0.017	2.846	0.0693
522	0.000	0.0171	2.845	0.0693
809	0.000	0.0176	2.819	0.0711
640	0.000	0.0178	2.806	0.0718
604	0.000	0.0181	2.794	0.072
298	0.000	0.018	2.796	0.072
799	0.000	0.0181	2.793	0.072
825	0.000	0.0183	2.786	0.0724
338	0.000	0.0184	2.779	0.0726
878	0.000	0.0186	2.771	0.0729
965	0.000	0.0186	2.769	0.0729
423	0.000	0.0191	2.748	0.0733
20	0.000	0.019	2.750	0.0733
590	0.000	0.0191	2.747	0.0733
73	0.000	0.019	2.753	0.0733
317	0.000	0.0191	2.748	0.0733
589	0.087	0.0194	2.735	0.074
412	0.000	0.0198	2.717	0.0752
252	0.000	0.0198	2.714	0.0752
442	0.092	0.0203	2.693	0.0766
780	0.000	0.0203	2.692	0.0766
749	0.000	0.0204	2.688	0.0766
333	0.000	0.0205	2.683	0.0768
95	0.000	0.0207	2.676	0.0771
767	0.000	0.0212	2.655	0.0784
592	0.000	0.0212	2.656	0.0784
630	0.000	0.0214	2.646	0.0789
650	0.000	0.0217	2.635	0.079
755	0.000	0.0217	2.636	0.079
360	0.000	0.0217	2.634	0.079
390	0.000	0.0218	2.630	0.079
958	0.000	0.0218	2.629	0.079
822	0.000	0.022	2.622	0.0792
732	0.000	0.0222	2.616	0.0792
821	0.000	0.0222	2.614	0.0792
702	0.000	0.0222	2.615	0.0792
233	0.000	0.0227	2.596	0.0794
77	0.000	0.0226	2.600	0.0794
351	0.000	0.0226	2.601	0.0794
763	0.000	0.0227	2.597	0.0794
568	0.092	0.0224	2.607	0.0794
108	0.000	0.0228	2.590	0.0796
110	0.000	0.023	2.582	0.0801
795	0.079	0.0234	2.570	0.0807
5	0.000	0.0233	2.572	0.0807
909	0.000	0.0237	2.560	0.0813
419	0.000	0.0238	2.554	0.0813
503	0.000	0.0237	2.557	0.0813
304	0.000	0.0239	2.550	0.0815
84	0.000	0.024	2.546	0.0815
484	0.000	0.0246	2.527	0.0826
431	0.000	0.0245	2.528	0.0826
158	0.000	0.0246	2.526	0.0826
841	0.000	0.0247	2.522	0.0826
715	0.000	0.0249	2.516	0.0827
830	0.000	0.0248	2.517	0.0827
786	0.000	0.025	2.510	0.0829
862	0.000	0.0253	2.503	0.0829
512	0.000	0.0253	2.503	0.0829
919	0.000	0.0253	2.503	0.0829
276	0.000	0.0258	2.483	0.084
646	0.146	0.026	2.479	0.084
931	0.000	0.0259	2.482	0.084
115	0.000	0.0258	2.485	0.084
948	0.000	0.0263	2.467	0.0849
956	0.000	0.0266	2.460	0.0853
65	0.063	0.0266	2.458	0.0853
973	0.000	0.027	2.445	0.0853
979	0.086	0.0268	2.451	0.0853
416	0.000	0.0271	2.443	0.0853
772	0.000	0.027	2.444	0.0853
389	0.000	0.0269	2.447	0.0853
738	0.000	0.0274	2.434	0.086
966	0.000	0.0275	2.430	0.0861
526	0.000	0.0278	2.421	0.0867
710	0.088	0.0285	2.400	0.0885
160	0.000	0.0286	2.395	0.0885
713	0.000	0.0286	2.396	0.0885
588	0.000	0.0288	2.391	0.0887
237	0.000	0.0288	2.389	0.0887
745	0.000	0.0291	2.381	0.0889
765	0.000	0.0291	2.381	0.0889
357	0.000	0.0295	2.369	0.0898
816	0.000	0.0296	2.367	0.0898
329	0.000	0.0298	2.359	0.0903
466	0.000	0.0303	2.345	0.0909
974	0.000	0.0302	2.349	0.0909
842	0.000	0.0304	2.344	0.0909
212	0.000	0.0304	2.343	0.0909
692	0.000	0.0305	2.341	0.0909
197	0.000	0.0311	2.322	0.0926
574	0.000	0.0313	2.319	0.0927
756	0.000	0.0315	2.313	0.0931
63	0.000	0.0318	2.304	0.0937
407	0.000	0.0319	2.301	0.0938
921	0.000	0.0323	2.292	0.0945
38	0.000	0.0324	2.289	0.0946
687	0.000	0.0333	2.265	0.0969
456	0.000	0.0336	2.258	0.0975
602	0.088	0.0339	2.250	0.0979
611	0.117	0.0339	2.250	0.0979
497	0.000	0.0345	2.235	0.0989
223	0.107	0.0344	2.237	0.0989
400	0.000	0.0347	2.230	0.0992
629	0.000	0.0351	2.221	0.0992
643	0.000	0.0351	2.221	0.0992
385	0.000	0.035	2.223	0.0992
177	0.000	0.035	2.222	0.0992
80	0.000	0.0353	2.215	0.0995
81	0.000	0.0354	2.213	0.0996
166	0.000	0.0358	2.203	0.1
504	0.000	0.0361	2.196	0.101
429	0.000	0.0364	2.190	0.101
202	0.000	0.0367	2.183	0.102
792	0.120	0.038	2.153	0.105
69	0.083	0.0382	2.147	0.106
457	0.000	0.0384	2.143	0.106
833	0.000	0.0386	2.139	0.106
82	0.084	0.0394	2.123	0.108
570	0.000	0.0396	2.118	0.108
194	0.000	0.0398	2.113	0.109
453	0.000	0.0402	2.105	0.109
13	0.101	0.0405	2.098	0.11
36	0.000	0.0411	2.086	0.111
677	0.163	0.0418	2.072	0.113
953	0.000	0.042	2.067	0.113
490	0.000	0.0431	2.045	0.116
116	0.000	0.046	1.991	0.123
272	0.000	0.0472	1.970	0.124
99	0.000	0.0472	1.970	0.124
323	0.000	0.0475	1.964	0.124
318	0.000	0.0474	1.966	0.124
912	0.000	0.0472	1.970	0.124
486	0.000	0.0474	1.966	0.124
437	0.112	0.0465	1.981	0.124
531	0.000	0.0474	1.966	0.124
185	0.090	0.0473	1.968	0.124
619	0.000	0.0471	1.970	0.124
387	0.113	0.0477	1.960	0.124
625	0.070	0.0502	1.917	0.13
146	0.120	0.055	1.841	0.142
186	0.097	0.0549	1.843	0.142
986	0.117	0.0555	1.834	0.143
324	0.118	0.0563	1.822	0.144
751	0.000	0.0571	1.809	0.146
566	0.000	0.0572	1.808	0.146
241	0.000	0.0579	1.798	0.147
585	0.180	0.0591	1.781	0.15
797	0.123	0.06	1.769	0.151
193	0.000	0.0599	1.770	0.151
709	0.000	0.0609	1.756	0.153
164	0.000	0.0609	1.756	0.153
179	0.000	0.0609	1.756	0.153
50	0.000	0.0611	1.753	0.153
187	0.156	0.0616	1.746	0.154
829	0.000	0.0623	1.738	0.155
500	0.106	0.0631	1.727	0.155
327	0.000	0.0631	1.728	0.155
771	0.000	0.0629	1.730	0.155
150	0.000	0.0629	1.730	0.155
573	0.000	0.0651	1.701	0.16
345	0.000	0.0657	1.694	0.161
302	0.000	0.0669	1.679	0.163
283	0.000	0.0672	1.675	0.163
673	0.000	0.0671	1.676	0.163
812	0.000	0.0675	1.672	0.164
924	0.000	0.0677	1.669	0.164
773	0.128	0.0687	1.657	0.166
933	0.000	0.0703	1.638	0.167
722	0.000	0.0703	1.638	0.167
55	0.000	0.0697	1.645	0.167
314	0.000	0.0703	1.638	0.167
107	0.000	0.0703	1.638	0.167
528	0.000	0.0699	1.643	0.167
141	0.000	0.0703	1.638	0.167
754	0.000	0.0711	1.629	0.168
806	0.000	0.0716	1.622	0.168
22	0.000	0.0713	1.626	0.168
320	0.000	0.0713	1.627	0.168
8	0.000	0.0716	1.623	0.168
217	0.000	0.0723	1.615	0.169
517	0.000	0.0726	1.611	0.169
288	0.000	0.0742	1.593	0.172
155	0.000	0.0744	1.591	0.172
730	0.116	0.0743	1.593	0.172
117	0.000	0.0742	1.593	0.172
521	0.000	0.0763	1.571	0.173
658	0.000	0.0757	1.578	0.173
653	0.000	0.0761	1.574	0.173
875	0.000	0.0757	1.578	0.173
173	0.000	0.0761	1.574	0.173
124	0.188	0.0756	1.578	0.173
32	0.000	0.0753	1.582	0.173
826	0.122	0.0761	1.573	0.173
337	0.000	0.0763	1.571	0.173
708	0.000	0.0764	1.570	0.173
633	0.000	0.0769	1.564	0.173
47	0.000	0.077	1.563	0.173
938	0.000	0.0769	1.564	0.173
51	0.000	0.0781	1.552	0.175
218	0.000	0.079	1.543	0.176
96	0.112	0.0794	1.539	0.177
18	0.000	0.0826	1.507	0.178
631	0.000	0.0842	1.491	0.178
207	0.000	0.0826	1.507	0.178
481	0.000	0.0818	1.515	0.178
485	0.155	0.0834	1.499	0.178
597	0.000	0.0818	1.515	0.178
810	0.000	0.0841	1.492	0.178
819	0.000	0.0818	1.515	0.178
159	0.000	0.0836	1.497	0.178
854	0.000	0.0818	1.515	0.178
196	0.107	0.0835	1.497	0.178
127	0.000	0.0813	1.519	0.178
111	0.000	0.0842	1.491	0.178
45	0.132	0.081	1.522	0.178
359	0.000	0.0839	1.494	0.178
644	0.000	0.0818	1.515	0.178
666	0.000	0.084	1.493	0.178
142	0.000	0.0841	1.492	0.178
123	0.000	0.0818	1.515	0.178
279	0.000	0.084	1.493	0.178
119	0.000	0.0836	1.497	0.178
334	0.000	0.0838	1.495	0.178
690	0.182	0.0838	1.495	0.178
92	0.000	0.0818	1.515	0.178
697	0.113	0.0848	1.486	0.179
475	0.000	0.0857	1.476	0.18
737	0.000	0.0868	1.466	0.181
356	0.000	0.0867	1.468	0.181
624	0.000	0.0868	1.466	0.181
804	0.000	0.0867	1.468	0.181
42	0.000	0.087	1.464	0.181
54	0.146	0.0879	1.456	0.182
638	0.000	0.0878	1.457	0.182
210	0.000	0.0888	1.448	0.184
106	0.000	0.0892	1.444	0.184
628	0.000	0.089	1.446	0.184
325	0.000	0.0898	1.439	0.184
961	0.000	0.0898	1.439	0.184
530	0.000	0.0948	1.395	0.186
884	0.000	0.0949	1.394	0.186
100	0.000	0.0912	1.427	0.186
250	0.187	0.0943	1.399	0.186
796	0.000	0.0934	1.407	0.186
88	0.000	0.0928	1.412	0.186
701	0.000	0.0949	1.394	0.186
39	0.000	0.095	1.394	0.186
46	0.000	0.0934	1.407	0.186
671	0.000	0.0921	1.419	0.186
112	0.000	0.0939	1.403	0.186
867	0.000	0.0932	1.409	0.186
488	0.000	0.0949	1.394	0.186
724	0.000	0.0932	1.409	0.186
465	0.000	0.0928	1.412	0.186
438	0.000	0.0949	1.394	0.186
104	0.000	0.0928	1.412	0.186
864	0.000	0.0949	1.394	0.186
550	0.000	0.0928	1.412	0.186
907	0.000	0.0949	1.394	0.186
581	0.000	0.0915	1.424	0.186
101	0.000	0.094	1.402	0.186
769	0.000	0.0913	1.426	0.186
339	0.000	0.0954	1.390	0.186
576	0.000	0.0956	1.389	0.186
976	0.000	0.0963	1.383	0.188
580	0.000	0.0971	1.376	0.189
236	0.000	0.0976	1.372	0.189
725	0.000	0.098	1.369	0.189
472	0.142	0.0979	1.369	0.189
944	0.000	0.0992	1.360	0.191
391	0.000	0.101	1.347	0.193
951	0.000	0.101	1.343	0.193
303	0.000	0.101	1.343	0.193
598	0.000	0.1	1.349	0.193
678	0.000	0.101	1.344	0.193
762	0.000	0.1	1.351	0.193
675	0.000	0.102	1.338	0.194
232	0.000	0.103	1.331	0.194
492	0.000	0.103	1.331	0.194
578	0.000	0.103	1.331	0.194
615	0.000	0.103	1.331	0.194
627	0.000	0.103	1.327	0.194
401	0.000	0.103	1.327	0.194
176	0.000	0.104	1.325	0.194
381	0.208	0.104	1.319	0.195
776	0.164	0.105	1.312	0.197
257	0.134	0.106	1.305	0.198
947	0.135	0.106	1.305	0.198
280	0.000	0.107	1.302	0.198
432	0.206	0.107	1.302	0.198
467	0.000	0.107	1.297	0.198
118	0.121	0.107	1.299	0.198
277	0.000	0.107	1.297	0.198
586	0.000	0.109	1.282	0.201
741	0.000	0.111	1.270	0.204
621	0.000	0.111	1.270	0.204
198	0.000	0.111	1.267	0.204
720	0.000	0.111	1.267	0.204
258	0.231	0.112	1.265	0.204
584	0.000	0.114	1.248	0.204
352	0.121	0.114	1.250	0.204
300	0.000	0.113	1.259	0.204
204	0.136	0.113	1.257	0.204
508	0.000	0.113	1.254	0.204
836	0.229	0.114	1.247	0.204
683	0.000	0.114	1.247	0.204
766	0.000	0.113	1.254	0.204
936	0.000	0.114	1.246	0.204
247	0.000	0.113	1.254	0.204
808	0.000	0.113	1.254	0.204
661	0.000	0.113	1.258	0.204
72	0.000	0.114	1.247	0.204
58	0.000	0.115	1.239	0.205
404	0.000	0.116	1.236	0.206
605	0.000	0.118	1.222	0.209
184	0.127	0.119	1.215	0.21
109	0.000	0.119	1.214	0.21
105	0.000	0.119	1.214	0.21
292	0.000	0.119	1.214	0.21
293	0.000	0.119	1.212	0.21
681	0.000	0.12	1.211	0.21
543	0.000	0.121	1.204	0.211
537	0.000	0.121	1.200	0.212
507	0.195	0.121	1.199	0.212
454	0.086	0.122	1.196	0.212
209	0.000	0.122	1.193	0.213
880	0.000	0.124	1.180	0.216
192	0.000	0.124	1.181	0.216
691	0.000	0.125	1.178	0.216
83	0.149	0.126	1.169	0.217
911	0.000	0.127	1.166	0.217
515	0.000	0.127	1.166	0.217
834	0.000	0.127	1.166	0.217
34	0.000	0.126	1.170	0.217
122	0.000	0.126	1.171	0.217
60	0.148	0.128	1.160	0.217
243	0.000	0.128	1.160	0.217
802	0.000	0.128	1.160	0.217
866	0.154	0.129	1.154	0.218
851	0.000	0.129	1.155	0.218
174	0.000	0.129	1.155	0.218
178	0.000	0.129	1.153	0.218
542	0.000	0.129	1.150	0.218
182	0.252	0.13	1.149	0.218
803	0.000	0.13	1.145	0.219
525	0.000	0.133	1.131	0.222
172	0.000	0.132	1.133	0.222
679	0.139	0.132	1.132	0.222
634	0.000	0.133	1.128	0.222
527	0.000	0.134	1.123	0.223
87	0.000	0.135	1.116	0.225
844	0.180	0.135	1.116	0.225
901	0.000	0.137	1.107	0.227
752	0.000	0.137	1.107	0.227
669	0.147	0.137	1.103	0.227
608	0.000	0.139	1.096	0.228
982	0.000	0.139	1.096	0.228
446	0.000	0.139	1.096	0.228
727	0.000	0.139	1.092	0.229
546	0.000	0.139	1.092	0.229
468	0.000	0.14	1.089	0.229
368	0.000	0.14	1.089	0.229
89	0.000	0.141	1.083	0.229
240	0.000	0.141	1.085	0.229
313	0.000	0.141	1.083	0.229
946	0.000	0.141	1.083	0.229
703	0.000	0.143	1.070	0.232
462	0.000	0.143	1.070	0.232
782	0.000	0.144	1.065	0.233
959	0.000	0.147	1.054	0.236
800	0.000	0.146	1.054	0.236
67	0.165	0.147	1.051	0.237
75	0.154	0.148	1.048	0.237
305	0.238	0.149	1.041	0.239
831	0.000	0.15	1.035	0.239
154	0.000	0.15	1.038	0.239
248	0.000	0.15	1.035	0.239
770	0.000	0.15	1.035	0.239
307	0.000	0.151	1.033	0.239
66	0.293	0.152	1.027	0.241
208	0.000	0.152	1.028	0.241
649	0.000	0.154	1.014	0.242
596	0.000	0.154	1.015	0.242
341	0.000	0.154	1.014	0.242
962	0.000	0.154	1.014	0.242
260	0.000	0.154	1.014	0.242
383	0.214	0.154	1.017	0.242
845	0.000	0.154	1.014	0.242
774	0.298	0.161	0.984	0.251
858	0.172	0.16	0.985	0.251
76	0.177	0.163	0.973	0.254
942	0.121	0.163	0.971	0.254
664	0.180	0.166	0.960	0.258
532	0.177	0.17	0.941	0.264
757	0.232	0.175	0.921	0.271
651	0.000	0.18	0.899	0.278
614	0.242	0.183	0.887	0.282
865	0.302	0.185	0.880	0.285
714	0.031	0.187	0.872	0.287
444	0.195	0.187	0.872	0.287
249	0.286	0.19	0.859	0.292
340	0.192	0.194	0.843	0.298
270	0.200	0.197	0.834	0.301
430	0.082	0.197	0.831	0.301
906	0.209	0.2	0.820	0.306
246	0.213	0.205	0.802	0.313
56	0.212	0.206	0.798	0.314
920	0.196	0.209	0.789	0.317
952	0.342	0.211	0.782	0.32
533	0.000	0.219	0.757	0.331
350	0.239	0.22	0.754	0.332
898	0.230	0.225	0.736	0.34
476	0.229	0.23	0.722	0.346
916	0.219	0.232	0.713	0.35
261	0.238	0.245	0.676	0.368
332	0.239	0.246	0.673	0.369
372	0.190	0.249	0.665	0.373
291	0.367	0.257	0.641	0.385
914	0.119	0.26	0.635	0.388
436	0.255	0.262	0.630	0.39
902	0.269	0.264	0.623	0.393
405	0.245	0.265	0.621	0.394
899	0.248	0.269	0.612	0.399
978	0.320	0.271	0.605	0.402
523	0.000	0.286	0.570	0.423
9	0.000	0.288	0.566	0.424
426	0.000	0.288	0.566	0.424
59	0.233	0.293	0.552	0.432
23	0.441	0.294	0.551	0.432
266	0.203	0.296	0.547	0.434
369	0.202	0.305	0.525	0.448
964	0.305	0.306	0.524	0.448
15	0.195	0.307	0.522	0.449
52	0.347	0.308	0.520	0.449
538	0.332	0.311	0.512	0.454
226	0.315	0.315	0.505	0.458
768	0.336	0.316	0.503	0.459
798	0.293	0.321	0.492	0.466
881	0.115	0.323	0.488	0.469
398	0.232	0.331	0.473	0.478
206	0.227	0.33	0.474	0.478
985	0.215	0.337	0.462	0.486
840	0.291	0.338	0.460	0.487
863	0.337	0.34	0.456	0.488
923	0.217	0.34	0.455	0.488
695	0.246	0.354	0.429	0.509
406	0.314	0.358	0.423	0.511
331	0.263	0.357	0.424	0.511
375	0.282	0.362	0.415	0.517
220	0.238	0.368	0.405	0.525
895	0.248	0.368	0.404	0.525
297	0.249	0.37	0.402	0.526
190	0.388	0.373	0.397	0.53
761	0.283	0.377	0.391	0.534
591	0.278	0.379	0.387	0.537
29	0.361	0.382	0.383	0.539
221	0.387	0.385	0.377	0.544
316	0.256	0.391	0.367	0.551
900	0.371	0.391	0.368	0.551
140	0.396	0.396	0.361	0.556
447	0.296	0.402	0.351	0.564
312	0.556	0.407	0.344	0.57
495	0.483	0.415	0.333	0.58
477	0.294	0.415	0.333	0.58
71	0.290	0.421	0.324	0.588
441	0.435	0.435	0.304	0.607
321	0.310	0.446	0.290	0.621
149	0.335	0.462	0.271	0.642
167	0.335	0.462	0.270	0.642
180	0.460	0.484	0.245	0.671
857	0.357	0.49	0.239	0.678
418	0.357	0.491	0.237	0.678
230	0.357	0.491	0.237	0.678
777	0.361	0.492	0.236	0.678
269	0.475	0.493	0.235	0.678
680	0.360	0.495	0.233	0.68
939	0.373	0.495	0.233	0.68
872	0.363	0.498	0.230	0.681
980	0.428	0.497	0.230	0.681
970	0.471	0.501	0.226	0.685
514	0.346	0.511	0.216	0.697
483	0.379	0.513	0.214	0.699
358	0.220	0.513	0.214	0.699
482	0.505	0.525	0.202	0.714
744	0.390	0.527	0.200	0.716
62	0.397	0.54	0.188	0.732
213	0.509	0.541	0.187	0.733
905	0.417	0.542	0.186	0.733
682	0.411	0.545	0.183	0.736
421	0.580	0.548	0.180	0.738
4	0.403	0.548	0.181	0.738
891	0.425	0.55	0.178	0.74
870	0.410	0.551	0.178	0.74
716	0.409	0.559	0.170	0.75
567	0.429	0.565	0.166	0.757
399	0.440	0.58	0.153	0.776
285	0.580	0.582	0.151	0.778
941	0.567	0.595	0.141	0.794
612	0.464	0.605	0.134	0.806
224	0.591	0.609	0.131	0.81
620	0.491	0.618	0.124	0.821
832	0.499	0.621	0.122	0.824
903	0.496	0.632	0.115	0.837
743	0.497	0.635	0.113	0.84
940	0.519	0.655	0.100	0.865
896	0.521	0.657	0.099	0.867
968	0.475	0.658	0.098	0.868
30	0.535	0.66	0.097	0.869
494	0.557	0.69	0.080	0.906
19	0.565	0.702	0.073	0.921
348	0.699	0.721	0.064	0.943
188	0.580	0.72	0.064	0.943
510	0.354	0.733	0.058	0.958
433	0.722	0.741	0.054	0.967
983	0.611	0.741	0.055	0.967
491	0.627	0.744	0.053	0.969
91	0.630	0.752	0.050	0.978
489	0.633	0.755	0.049	0.98
945	0.743	0.766	0.044	0.993
742	0.000	0.945	0.002	1
328	0.840	0.856	0.017	1
311	0.000	0.942	0.003	1
330	0.000	0.943	0.003	1
335	0.000	0.945	0.002	1
342	0.000	0.945	0.002	1
344	0.000	0.942	0.003	1
326	100.000	0.368	0.406	1
310	2.918	0.321	0.492	1
286	0.964	0.969	0.001	1
299	0.000	0.952	0.002	1
284	0.000	0.943	0.003	1
275	1.826	0.611	0.130	1
274	1.877	0.431	0.311	1
915	0.846	0.898	0.008	1
273	0.000	0.945	0.002	1
264	92.028	0.417	0.329	1
259	100.000	0.334	0.467	1
255	0.000	0.947	0.002	1
254	0.000	0.943	0.003	1
253	100.000	0.416	0.331	1
922	0.000	0.944	0.002	1
306	1.257	0.85	0.018	1
346	100.000	0.469	0.263	1
354	0.000	0.938	0.003	1
349	100.000	0.697	0.076	1
415	1.074	0.957	0.001	1
410	0.000	0.943	0.003	1
408	0.750	0.817	0.027	1
403	0.000	0.952	0.002	1
394	1.001	0.999	0.000	1
382	1.157	0.864	0.015	1
379	0.000	0.942	0.003	1
378	93.205	0.417	0.329	1
376	1.926	0.577	0.155	1
883	0.000	0.941	0.003	1
374	0.000	0.952	0.002	1
373	0.000	0.942	0.003	1
371	0.891	0.937	0.003	1
367	8.523	0.497	0.230	1
366	0.737	0.818	0.026	1
889	0.000	0.942	0.003	1
890	1.381	0.778	0.040	1
365	0.000	0.945	0.002	1
892	93.282	0.483	0.246	1
893	93.754	0.387	0.374	1
364	0.000	0.931	0.004	1
363	0.795	0.803	0.031	1
245	100.000	0.808	0.030	1
347	0.000	0.944	0.002	1
242	100.000	0.162	0.979	1
927	1.663	0.658	0.098	1
235	18.657	0.946	0.002	1
120	0.000	0.936	0.003	1
113	0.000	0.953	0.002	1
960	100.000	0.417	0.330	1
102	0.000	0.942	0.003	1
963	0.000	0.945	0.002	1
85	0.000	0.938	0.003	1
74	0.000	0.942	0.003	1
68	97.693	0.591	0.144	1
64	0.000	0.943	0.003	1
53	100.000	0.327	0.480	1
49	0.000	0.953	0.002	1
44	96.679	0.32	0.495	1
971	0.782	0.856	0.016	1
43	0.000	0.931	0.004	1
40	0.000	0.938	0.003	1
37	0.000	0.931	0.004	1
33	100.000	0.0846	1.487	1
28	98.736	0.449	0.286	1
26	0.000	0.943	0.003	1
25	99.902	0.477	0.253	1
17	0.000	0.943	0.003	1
981	95.849	0.478	0.252	1
11	0.000	0.945	0.002	1
7	100.000	0.777	0.040	1
3	0.915	0.946	0.002	1
957	0.000	0.952	0.002	1
925	100.000	0.0476	1.963	1
121	100.000	0.0917	1.422	1
125	0.000	0.942	0.003	1
417	100.000	0.457	0.276	1
231	100.000	0.541	0.187	1
228	1.803	0.501	0.226	1
227	0.000	0.947	0.002	1
222	100.000	0.444	0.293	1
216	0.000	0.946	0.002	1
200	0.000	0.936	0.003	1
199	0.768	0.799	0.033	1
935	0.000	0.936	0.003	1
191	0.000	0.943	0.003	1
175	0.000	0.956	0.001	1
171	100.000	0.448	0.287	1
162	0.000	0.945	0.002	1
161	0.000	0.931	0.004	1
156	0.946	0.967	0.001	1
943	0.000	0.947	0.002	1
153	0.000	0.945	0.002	1
152	100.000	0.325	0.484	1
148	1.236	0.866	0.014	1
143	100.000	0.247	0.670	1
138	1.868	0.678	0.086	1
134	0.000	0.931	0.004	1
131	0.000	0.956	0.001	1
130	0.000	0.942	0.003	1
128	0.000	0.952	0.002	1
955	96.138	0.872	0.013	1
424	0.000	0.945	0.002	1
869	96.234	0.17	0.943	1
427	0.000	0.945	0.002	1
637	0.000	0.952	0.002	1
783	0.000	0.953	0.002	1
784	0.000	0.945	0.002	1
636	0.000	0.931	0.004	1
632	0.000	0.944	0.002	1
787	0.000	0.943	0.003	1
618	100.000	0.462	0.270	1
789	0.000	0.942	0.003	1
617	0.000	0.942	0.003	1
791	37.155	0.919	0.005	1
613	0.926	0.95	0.002	1
610	0.000	0.943	0.003	1
794	0.000	0.942	0.003	1
607	0.000	0.945	0.002	1
606	0.000	0.946	0.002	1
603	0.862	0.879	0.012	1
600	0.000	0.942	0.003	1
595	0.000	0.943	0.003	1
594	0.000	0.945	0.002	1
582	0.735	0.832	0.022	1
579	1.001	1	0.000	1
575	0.000	0.931	0.004	1
569	0.000	0.942	0.003	1
565	0.000	0.947	0.002	1
564	0.000	0.942	0.003	1
781	0.000	0.945	0.002	1
563	0.000	0.945	0.002	1
642	0.000	0.943	0.003	1
654	0.000	0.945	0.002	1
736	0.000	0.938	0.003	1
735	0.000	0.931	0.004	1
734	0.000	0.941	0.003	1
731	97.693	0.591	0.144	1
729	0.000	0.942	0.003	1
728	0.000	0.945	0.002	1
759	1.168	0.901	0.008	1
726	0.000	0.944	0.002	1
719	100.000	0.319	0.496	1
718	0.000	0.952	0.002	1
717	0.000	0.946	0.002	1
711	0.841	0.948	0.002	1
706	0.000	0.938	0.003	1
705	100.000	0.417	0.330	1
698	0.885	0.924	0.005	1
693	100.000	0.0423	2.061	1
686	0.000	0.953	0.002	1
685	0.000	0.945	0.002	1
684	94.215	0.363	0.413	1
668	0.870	0.91	0.006	1
667	0.000	0.945	0.002	1
663	100.000	0.448	0.288	1
662	0.000	0.943	0.003	1
660	0.000	0.942	0.003	1
657	0.000	0.942	0.003	1
645	0.000	0.938	0.003	1
562	0.000	0.946	0.002	1
561	0.000	0.944	0.002	1
560	0.000	0.945	0.002	1
519	0.964	0.972	0.001	1
516	0.764	0.784	0.038	1
513	0.000	0.956	0.001	1
509	0.965	0.978	0.000	1
506	0.000	0.952	0.002	1
847	17.132	0.953	0.002	1
498	0.000	0.952	0.002	1
479	1.560	0.752	0.050	1
852	1.512	0.73	0.059	1
853	0.862	0.909	0.007	1
478	0.794	0.871	0.013	1
469	0.000	0.945	0.002	1
459	0.828	0.885	0.010	1
458	0.000	0.943	0.003	1
452	0.000	0.931	0.004	1
450	1.325	0.835	0.022	1
449	100.000	0.327	0.480	1
448	0.890	0.917	0.005	1
445	95.413	0.731	0.059	1
443	1.211	0.857	0.016	1
440	100.000	0.464	0.268	1
439	1.001	0.999	0.000	1
435	1.144	0.917	0.005	1
434	0.949	0.968	0.001	1
746	0.000	0.945	0.002	1
524	0.707	0.801	0.032	1
839	0.875	0.886	0.010	1
534	100.000	0.0154	2.936	1
837	0.000	0.941	0.003	1
811	0.000	0.947	0.002	1
559	0.000	0.944	0.002	1
813	0.000	0.946	0.002	1
814	0.000	0.944	0.002	1
815	0.000	0.942	0.003	1
558	0.000	0.947	0.002	1
817	1.437	0.752	0.050	1
557	94.488	0.492	0.237	1
556	0.000	0.946	0.002	1
555	0.000	0.943	0.003	1
554	0.000	0.944	0.002	1
553	0.000	0.947	0.002	1
425	100.000	0.418	0.328	1
552	0.903	0.938	0.003	1
551	0.000	0.943	0.003	1
549	0.000	0.945	0.002	1
827	0.000	0.947	0.002	1
548	0.000	0.945	0.002	1
547	100.000	0.156	1.007	1
545	0.000	0.947	0.002	1
544	100.000	0.463	0.269	1
541	94.445	0.241	0.688	1
540	0.000	0.942	0.003	1
539	97.383	0.729	0.060	1
536	0.000	0.956	0.002	1
535	0.000	0.939	0.003	1
824	100.000	0.673	0.089	1
987	0.000	0.943	0.003	1