# Omega fit to each site after fixing tree and all other parameters.
# Fits compared to null model of omega = 1.
# P-values NOT corrected for multiple testing, so consider Q-values too.
# Q-values computed separately for omega > and < 1 # Will fit different synonymous rate for each site.
#
site	omega	P	dLnL	Q
984	0.000	6.36e-13	25.866	6.28e-10
699	0.031	2.19e-07	13.427	0.000108
114	0.000	5.61e-07	12.520	0.000183
721	0.000	7.4e-07	12.254	0.000183
27	0.000	1.12e-06	11.852	0.000201
205	0.000	1.22e-06	11.770	0.000201
499	0.000	2.01e-06	11.292	0.000284
343	0.000	2.94e-06	10.926	0.000291
35	0.000	2.47e-06	11.095	0.000291
886	0.000	2.92e-06	10.935	0.000291
764	0.000	3.76e-06	10.691	0.000338
908	0.000	4.4e-06	10.541	0.000362
778	0.000	5.93e-06	10.255	0.00045
413	0.000	9.34e-06	9.821	0.000614
308	0.000	9.07e-06	9.849	0.000614
86	0.000	1.13e-05	9.642	0.000695
807	0.000	1.26e-05	9.538	0.000729
133	0.000	1.72e-05	9.240	0.000842
969	0.000	1.7e-05	9.252	0.000842
860	0.026	1.82e-05	9.183	0.000842
126	0.027	1.88e-05	9.155	0.000842
201	0.000	1.59e-05	9.313	0.000842
887	0.000	2.06e-05	9.064	0.000849
195	0.028	2.06e-05	9.065	0.000849
244	0.000	2.29e-05	8.964	0.000871
762	0.000	2.23e-05	8.990	0.000871
278	0.000	2.53e-05	8.871	0.000925
61	0.000	3.1e-05	8.678	0.00109
882	0.000	3.34e-05	8.607	0.00114
871	0.029	4.32e-05	8.363	0.00142
12	0.000	4.6e-05	8.302	0.00147
219	0.000	5.47e-05	8.139	0.00164
31	0.000	5.37e-05	8.156	0.00164
352	0.031	5.89e-05	8.069	0.00171
189	0.000	6.87e-05	7.924	0.00188
918	0.000	6.86e-05	7.924	0.00188
223	0.051	7.15e-05	7.886	0.00191
16	0.000	7.7e-05	7.815	0.00195
723	0.000	7.55e-05	7.834	0.00195
93	0.000	7.97e-05	7.782	0.00197
929	0.000	8.25e-05	7.750	0.00199
635	0.000	8.73e-05	7.697	0.00205
380	0.034	0.000105	7.527	0.00229
572	0.000	0.000104	7.534	0.00229
294	0.000	0.0001	7.567	0.00229
599	0.000	0.000108	7.499	0.00231
220	0.031	0.000112	7.457	0.00236
655	0.035	0.000118	7.414	0.00242
289	0.000	0.000123	7.373	0.00243
57	0.000	0.000121	7.385	0.00243
165	0.000	0.00013	7.323	0.00251
474	0.000	0.000133	7.303	0.00252
835	0.000	0.00015	7.186	0.00269
225	0.000	0.00015	7.187	0.00269
876	0.000	0.000148	7.200	0.00269
846	0.000	0.000161	7.121	0.00274
950	0.000	0.000157	7.146	0.00274
428	0.000	0.00016	7.128	0.00274
818	0.000	0.000173	7.054	0.00289
136	0.082	0.000176	7.037	0.00289
511	0.000	0.000181	7.011	0.00292
90	0.000	0.000191	6.961	0.00303
238	0.000	0.000201	6.913	0.00309
170	0.000	0.000198	6.927	0.00309
460	0.000	0.000218	6.837	0.0033
414	0.000	0.000223	6.814	0.00333
423	0.000	0.000229	6.787	0.00335
505	0.000	0.000231	6.781	0.00335
296	0.000	0.000254	6.692	0.00363
420	0.074	0.00031	6.505	0.00391
975	0.000	0.000297	6.544	0.00391
937	0.000	0.000308	6.510	0.00391
263	0.000	0.000313	6.495	0.00391
696	0.044	0.000279	6.603	0.00391
193	0.000	0.000303	6.525	0.00391
775	0.000	0.000307	6.513	0.00391
820	0.000	0.00031	6.506	0.00391
388	0.000	0.000295	6.552	0.00391
229	0.038	0.000309	6.506	0.00391
422	0.043	0.000329	6.448	0.00406
265	0.000	0.000347	6.399	0.00423
659	0.000	0.000358	6.369	0.00431
859	0.000	0.000365	6.352	0.00434
626	0.000	0.000387	6.298	0.00454
888	0.000	0.000397	6.274	0.00461
402	0.000	0.000416	6.230	0.00477
689	0.000	0.000443	6.171	0.00479
481	0.000	0.00044	6.178	0.00479
132	0.000	0.000446	6.164	0.00479
251	0.036	0.000433	6.193	0.00479
464	0.000	0.000437	6.184	0.00479
139	0.000	0.000423	6.214	0.00479
616	0.000	0.000466	6.123	0.00488
361	0.000	0.000469	6.117	0.00488
672	0.000	0.000465	6.126	0.00488
267	0.000	0.000486	6.084	0.005
48	0.000	0.000533	5.999	0.00542
407	0.000	0.00059	5.904	0.00594
748	0.000	0.000615	5.866	0.00595
676	0.000	0.000606	5.879	0.00595
758	0.043	0.000597	5.892	0.00595
287	0.000	0.000609	5.875	0.00595
14	0.000	0.000635	5.835	0.00609
137	0.041	0.000684	5.766	0.00649
517	0.000	0.000699	5.746	0.00657
921	0.000	0.00071	5.732	0.00661
80	0.000	0.000767	5.660	0.00702
298	0.047	0.000768	5.659	0.00702
848	0.000	0.000784	5.639	0.0071
790	0.048	0.000794	5.628	0.00712
529	0.045	0.000815	5.603	0.00725
10	0.000	0.000854	5.560	0.00753
157	0.000	0.000864	5.549	0.00755
281	0.000	0.000875	5.538	0.00757
214	0.000	0.000898	5.513	0.00771
571	0.000	0.000933	5.478	0.00794
828	0.000	0.000984	5.429	0.0083
932	0.000	0.00102	5.397	0.00852
336	0.000	0.00103	5.385	0.00855
707	0.000	0.00105	5.370	0.00855
704	0.000	0.00104	5.374	0.00855
583	0.000	0.00115	5.286	0.00928
315	0.000	0.00117	5.271	0.00936
256	0.000	0.00126	5.201	0.01
181	0.000	0.0013	5.171	0.0103
79	0.000	0.00131	5.162	0.0103
6	0.000	0.00136	5.131	0.0105
904	0.000	0.00138	5.117	0.0106
709	0.000	0.00142	5.090	0.0109
821	0.000	0.00143	5.082	0.0109
630	0.000	0.00146	5.064	0.011
568	0.097	0.00151	5.034	0.0113
283	0.000	0.00152	5.027	0.0113
766	0.000	0.00165	4.950	0.0118
776	0.064	0.00165	4.951	0.0118
215	0.000	0.00162	4.970	0.0118
41	0.000	0.00163	4.962	0.0118
917	0.054	0.00163	4.964	0.0118
169	0.000	0.00168	4.935	0.0119
788	0.000	0.0017	4.926	0.012
648	0.000	0.00178	4.883	0.0123
234	0.046	0.00179	4.878	0.0123
593	0.000	0.00178	4.883	0.0123
211	0.000	0.00182	4.862	0.0125
739	0.000	0.00185	4.845	0.0125
518	0.000	0.00184	4.849	0.0125
609	0.000	0.00192	4.814	0.0128
670	0.000	0.00192	4.814	0.0128
257	0.054	0.00194	4.801	0.0129
1	0.000	0.00197	4.789	0.0129
353	0.000	0.00197	4.787	0.0129
141	0.000	0.00207	4.745	0.0134
463	0.000	0.00207	4.742	0.0134
455	0.000	0.00211	4.724	0.0135
623	0.000	0.00215	4.710	0.0136
977	0.000	0.00214	4.714	0.0136
740	0.000	0.00216	4.705	0.0136
262	0.000	0.0022	4.688	0.0137
411	0.000	0.00226	4.662	0.014
652	0.000	0.00226	4.663	0.014
409	0.000	0.00238	4.616	0.0146
203	0.000	0.00248	4.576	0.0151
738	0.000	0.00257	4.543	0.0155
397	0.000	0.00258	4.542	0.0155
127	0.000	0.0026	4.534	0.0156
849	0.000	0.00263	4.524	0.0156
520	0.000	0.00272	4.492	0.016
861	0.000	0.00273	4.490	0.016
850	0.000	0.00283	4.457	0.0161
429	0.000	0.0028	4.466	0.0161
690	0.096	0.00282	4.461	0.0161
805	0.054	0.00277	4.478	0.0161
386	0.000	0.00281	4.463	0.0161
801	0.000	0.00277	4.476	0.0161
81	0.000	0.00286	4.447	0.0161
144	0.000	0.0029	4.434	0.0163
362	0.000	0.00297	4.414	0.0165
843	0.000	0.00312	4.368	0.0173
894	0.000	0.00319	4.347	0.0176
307	0.000	0.00324	4.332	0.0178
580	0.000	0.00326	4.328	0.0178
21	0.066	0.00329	4.320	0.0178
838	0.000	0.00346	4.275	0.0186
753	0.000	0.00348	4.268	0.0187
295	0.000	0.00351	4.262	0.0187
392	0.061	0.00357	4.245	0.019
972	0.062	0.0036	4.238	0.019
550	0.000	0.00363	4.230	0.0191
186	0.059	0.00366	4.222	0.0191
530	0.000	0.00381	4.187	0.0197
522	0.000	0.00381	4.187	0.0197
639	0.000	0.00382	4.183	0.0197
926	0.067	0.00394	4.155	0.0201
700	0.000	0.00393	4.158	0.0201
867	0.000	0.00397	4.150	0.0201
873	0.000	0.004	4.141	0.0202
868	0.000	0.00415	4.108	0.0208
856	0.061	0.00432	4.072	0.0215
145	0.076	0.0045	4.035	0.0223
855	0.000	0.00453	4.029	0.0224
239	0.000	0.00466	4.004	0.0226
640	0.000	0.00464	4.007	0.0226
471	0.000	0.00466	4.003	0.0226
438	0.000	0.00462	4.012	0.0226
73	0.000	0.00475	3.985	0.0229
129	0.000	0.00493	3.953	0.0236
674	0.000	0.00503	3.934	0.024
317	0.000	0.00507	3.927	0.0241
733	0.057	0.00522	3.901	0.0246
779	0.000	0.00526	3.893	0.0247
627	0.000	0.0053	3.886	0.0248
750	0.000	0.00536	3.877	0.025
936	0.000	0.00548	3.857	0.025
584	0.000	0.00547	3.859	0.025
236	0.000	0.0055	3.854	0.025
338	0.000	0.00548	3.856	0.025
702	0.000	0.00548	3.857	0.025
24	0.000	0.00553	3.849	0.025
470	0.000	0.00566	3.827	0.0255
825	0.000	0.00578	3.808	0.0257
949	0.000	0.00574	3.816	0.0257
601	0.000	0.00576	3.812	0.0257
356	0.000	0.00587	3.795	0.026
182	0.109	0.00609	3.761	0.0266
909	0.000	0.00613	3.756	0.0266
168	0.000	0.00607	3.764	0.0266
958	0.000	0.00612	3.757	0.0266
451	0.077	0.00616	3.752	0.0266
108	0.000	0.00626	3.737	0.0269
656	0.000	0.00623	3.741	0.0269
587	0.066	0.00631	3.729	0.027
712	0.000	0.00657	3.694	0.0279
268	0.078	0.00661	3.688	0.028
785	0.000	0.00665	3.682	0.0281
840	0.097	0.0067	3.676	0.0281
442	0.078	0.00676	3.668	0.0283
395	0.000	0.00682	3.660	0.0284
622	0.000	0.00693	3.645	0.0287
715	0.000	0.00705	3.630	0.0291
966	0.000	0.00711	3.622	0.0292
97	0.000	0.00729	3.599	0.0299
400	0.000	0.00745	3.581	0.0301
98	0.000	0.00742	3.585	0.0301
502	0.000	0.00744	3.582	0.0301
473	0.000	0.0077	3.551	0.031
956	0.000	0.00783	3.536	0.0314
851	0.000	0.00803	3.513	0.0317
692	0.000	0.00804	3.512	0.0317
496	0.000	0.008	3.516	0.0317
490	0.000	0.00801	3.516	0.0317
589	0.082	0.00815	3.500	0.032
765	0.000	0.0082	3.494	0.0321
212	0.000	0.00826	3.489	0.0322
2	0.000	0.00851	3.462	0.0331
931	0.000	0.00864	3.448	0.0334
760	0.060	0.00865	3.447	0.0334
687	0.000	0.00873	3.439	0.0335
70	0.064	0.00891	3.420	0.0336
493	0.000	0.00902	3.410	0.0336
527	0.000	0.00892	3.419	0.0336
99	0.000	0.00893	3.418	0.0336
322	0.000	0.00891	3.421	0.0336
842	0.000	0.00902	3.409	0.0336
745	0.000	0.009	3.411	0.0336
237	0.000	0.00896	3.415	0.0336
497	0.000	0.00909	3.403	0.0337
772	0.000	0.00915	3.397	0.0338
83	0.073	0.00924	3.388	0.034
585	0.132	0.00931	3.381	0.0342
897	0.170	0.00938	3.374	0.0343
879	0.073	0.0095	3.363	0.0346
444	0.086	0.00956	3.357	0.0347
976	0.000	0.00962	3.352	0.0348
135	0.000	0.00974	3.341	0.0351
393	0.000	0.00983	3.333	0.0353
164	0.000	0.00991	3.326	0.0353
913	0.000	0.00994	3.323	0.0353
179	0.000	0.0099	3.327	0.0353
747	0.000	0.0101	3.312	0.0356
85	0.000	0.0101	3.308	0.0356
829	0.000	0.0102	3.301	0.0358
345	0.000	0.0108	3.249	0.0378
823	0.000	0.011	3.232	0.0383
799	0.000	0.011	3.229	0.0383
241	0.000	0.011	3.231	0.0383
487	0.000	0.0111	3.221	0.0383
45	0.086	0.0111	3.221	0.0383
833	0.000	0.0112	3.216	0.0384
590	0.000	0.0115	3.196	0.039
577	0.000	0.0114	3.199	0.039
22	0.000	0.0115	3.191	0.0391
928	0.000	0.0116	3.183	0.0393
355	0.000	0.0117	3.176	0.0395
381	0.130	0.0119	3.163	0.04
94	0.000	0.012	3.153	0.0403
151	0.000	0.0121	3.149	0.0403
327	0.000	0.0122	3.144	0.0404
934	0.000	0.0123	3.137	0.0406
107	0.000	0.0125	3.121	0.0412
953	0.000	0.0127	3.107	0.0417
570	0.000	0.0128	3.100	0.0418
649	0.000	0.0128	3.101	0.0418
501	0.000	0.0129	3.092	0.042
910	0.000	0.0136	3.043	0.0442
396	0.000	0.0137	3.039	0.0443
521	0.000	0.0137	3.036	0.0443
63	0.000	0.0138	3.029	0.0445
795	0.085	0.0141	3.013	0.0452
819	0.000	0.0143	3.003	0.0456
163	0.000	0.015	2.958	0.0477
885	0.000	0.0158	2.912	0.05
646	0.240	0.0158	2.913	0.05
875	0.000	0.0164	2.881	0.0516
688	0.079	0.0164	2.878	0.0517
754	0.000	0.0167	2.866	0.0522
737	0.000	0.0168	2.861	0.0523
437	0.094	0.0173	2.834	0.0538
533	0.000	0.0175	2.822	0.0544
961	0.000	0.0177	2.815	0.0546
384	0.142	0.0179	2.802	0.0553
185	0.081	0.018	2.797	0.0554
974	0.000	0.0183	2.786	0.056
809	0.000	0.0184	2.780	0.0561
647	0.000	0.0185	2.774	0.0562
390	0.000	0.0186	2.771	0.0562
793	0.084	0.0185	2.773	0.0562
207	0.000	0.0186	2.768	0.0562
874	0.000	0.0192	2.742	0.0577
500	0.135	0.0196	2.724	0.0584
290	0.000	0.0197	2.721	0.0584
147	0.000	0.0197	2.721	0.0584
475	0.000	0.0196	2.723	0.0584
377	0.224	0.0197	2.717	0.0585
387	0.100	0.0202	2.699	0.0596
373	0.000	0.0205	2.684	0.0604
166	0.000	0.0206	2.679	0.0606
424	0.000	0.0208	2.671	0.0608
488	0.000	0.0208	2.671	0.0608
967	0.000	0.021	2.662	0.0611
183	0.000	0.0211	2.661	0.0611
965	0.000	0.0218	2.629	0.0628
878	0.000	0.0218	2.632	0.0628
130	0.000	0.0218	2.631	0.0628
319	0.185	0.0221	2.618	0.0633
412	0.000	0.0222	2.615	0.0633
419	0.000	0.0222	2.615	0.0633
751	0.091	0.0225	2.604	0.0636
830	0.000	0.0224	2.607	0.0636
252	0.000	0.0225	2.602	0.0636
592	0.000	0.0226	2.601	0.0636
301	0.137	0.0227	2.598	0.0637
749	0.000	0.0228	2.591	0.064
103	0.078	0.0232	2.576	0.0649
826	0.093	0.0234	2.571	0.0651
665	0.084	0.0236	2.564	0.0655
360	0.000	0.0237	2.558	0.0657
52	0.181	0.0239	2.552	0.066
741	0.000	0.024	2.548	0.0661
755	0.000	0.0244	2.533	0.0671
95	0.000	0.0252	2.506	0.0679
691	0.000	0.0251	2.507	0.0679
683	0.000	0.0251	2.507	0.0679
732	0.000	0.0252	2.506	0.0679
822	0.000	0.025	2.514	0.0679
503	0.108	0.0249	2.516	0.0679
233	0.000	0.0251	2.508	0.0679
763	0.000	0.026	2.479	0.0698
767	0.000	0.0262	2.470	0.0699
370	0.091	0.0263	2.469	0.0699
862	0.000	0.0262	2.472	0.0699
258	0.257	0.0262	2.473	0.0699
780	0.000	0.0264	2.464	0.0701
293	0.000	0.0273	2.436	0.0721
484	0.000	0.0274	2.434	0.0721
20	0.000	0.0274	2.433	0.0721
115	0.000	0.0278	2.420	0.0728
681	0.000	0.0278	2.422	0.0728
431	0.000	0.0284	2.402	0.073
158	0.000	0.0282	2.409	0.073
841	0.000	0.0282	2.408	0.073
71	0.086	0.0284	2.403	0.073
65	0.123	0.028	2.414	0.073
786	0.000	0.028	2.413	0.073
5	0.000	0.0284	2.402	0.073
110	0.000	0.0289	2.386	0.0742
605	0.000	0.0295	2.370	0.0747
720	0.000	0.0298	2.362	0.0747
84	0.000	0.0296	2.366	0.0747
198	0.000	0.0297	2.362	0.0747
389	0.000	0.0294	2.371	0.0747
973	0.000	0.0294	2.372	0.0747
730	0.098	0.0297	2.364	0.0747
304	0.000	0.0297	2.362	0.0747
604	0.000	0.0299	2.358	0.0749
911	0.000	0.0301	2.352	0.0749
276	0.000	0.0301	2.351	0.0749
34	0.000	0.03	2.353	0.0749
333	0.000	0.0302	2.348	0.075
351	0.000	0.0304	2.343	0.0751
292	0.000	0.0304	2.343	0.0751
178	0.000	0.0305	2.339	0.0752
512	0.000	0.0311	2.324	0.0763
667	0.000	0.0313	2.319	0.0764
641	0.095	0.0313	2.318	0.0764
710	0.099	0.0317	2.307	0.0772
160	0.000	0.0318	2.305	0.0772
525	0.000	0.0318	2.304	0.0772
472	0.106	0.0319	2.301	0.0773
329	0.000	0.0322	2.293	0.0778
650	0.000	0.033	2.273	0.0795
816	0.000	0.0332	2.268	0.0797
118	0.094	0.0334	2.264	0.0799
357	0.000	0.0338	2.252	0.0808
324	0.173	0.0341	2.245	0.0811
38	0.000	0.0341	2.246	0.0811
574	0.000	0.0342	2.242	0.0812
456	0.000	0.0344	2.238	0.0814
363	0.258	0.0346	2.231	0.0816
461	0.103	0.0346	2.233	0.0816
385	0.000	0.0357	2.207	0.0826
982	0.000	0.0355	2.211	0.0826
446	0.000	0.0357	2.207	0.0826
713	0.000	0.0353	2.216	0.0826
651	0.000	0.0355	2.211	0.0826
89	0.000	0.0356	2.209	0.0826
979	0.106	0.0354	2.214	0.0826
756	0.000	0.0366	2.185	0.0843
78	0.120	0.0365	2.186	0.0843
901	0.000	0.037	2.175	0.0849
948	0.000	0.037	2.176	0.0849
462	0.000	0.0374	2.167	0.0856
82	0.146	0.0379	2.155	0.0865
240	0.000	0.0384	2.144	0.0873
485	0.192	0.0383	2.145	0.0873
581	0.000	0.0401	2.107	0.091
466	0.000	0.0402	2.105	0.091
405	0.123	0.0409	2.091	0.0923
866	0.113	0.0427	2.054	0.0959
202	0.000	0.0427	2.054	0.0959
504	0.000	0.043	2.048	0.0964
643	0.000	0.0461	1.990	0.103
629	0.000	0.0461	1.990	0.103
271	0.159	0.0478	1.958	0.107
457	0.000	0.0487	1.943	0.108
453	0.000	0.0494	1.932	0.109
611	0.150	0.0495	1.929	0.11
67	0.119	0.0499	1.923	0.11
72	0.116	0.0507	1.909	0.112
194	0.000	0.0508	1.908	0.112
602	0.118	0.0512	1.901	0.112
36	0.000	0.0521	1.887	0.114
116	0.000	0.0537	1.862	0.117
69	0.105	0.0554	1.835	0.121
75	0.123	0.0566	1.817	0.123
664	0.128	0.0577	1.801	0.125
272	0.000	0.0582	1.794	0.126
912	0.000	0.0582	1.794	0.126
76	0.130	0.0587	1.786	0.127
323	0.000	0.0605	1.761	0.13
318	0.000	0.0605	1.762	0.13
486	0.000	0.0605	1.762	0.13
877	0.137	0.0631	1.727	0.135
523	0.000	0.0637	1.719	0.136
792	0.161	0.0643	1.712	0.137
54	0.199	0.0658	1.693	0.139
986	0.136	0.0657	1.693	0.139
919	0.139	0.0673	1.674	0.142
954	0.141	0.0678	1.668	0.143
619	0.000	0.0707	1.633	0.149
40	0.105	0.0737	1.599	0.155
270	0.143	0.0736	1.600	0.155
531	0.123	0.0743	1.592	0.155
354	0.000	0.0746	1.589	0.155
566	0.000	0.0745	1.590	0.155
773	0.145	0.0754	1.580	0.157
150	0.000	0.0759	1.575	0.157
771	0.000	0.0759	1.575	0.157
906	0.149	0.0762	1.572	0.157
369	0.113	0.0774	1.559	0.159
797	0.215	0.0776	1.557	0.16
573	0.000	0.0778	1.556	0.16
734	0.000	0.0785	1.548	0.16
314	0.000	0.079	1.543	0.16
812	0.000	0.0788	1.545	0.16
933	0.000	0.079	1.543	0.16
302	0.000	0.079	1.543	0.16
528	0.000	0.0805	1.527	0.161
330	0.000	0.0796	1.536	0.161
217	0.000	0.0804	1.528	0.161
625	0.110	0.0798	1.535	0.161
924	0.000	0.0794	1.538	0.161
662	0.000	0.0804	1.529	0.161
125	0.110	0.0805	1.527	0.161
26	0.000	0.0804	1.529	0.161
806	0.000	0.08	1.533	0.161
673	0.000	0.0815	1.518	0.162
42	0.187	0.0817	1.516	0.162
898	0.156	0.0824	1.508	0.163
218	0.000	0.0827	1.505	0.164
507	0.185	0.0838	1.495	0.165
155	0.000	0.0839	1.494	0.165
854	0.000	0.085	1.484	0.166
644	0.000	0.085	1.484	0.166
92	0.000	0.085	1.484	0.166
597	0.000	0.085	1.484	0.166
266	0.124	0.0846	1.487	0.166
55	0.000	0.086	1.474	0.167
653	0.000	0.0861	1.473	0.167
173	0.000	0.0861	1.473	0.167
633	0.000	0.0878	1.457	0.169
47	0.000	0.0878	1.457	0.169
938	0.000	0.0878	1.457	0.169
685	0.000	0.0877	1.458	0.169
728	0.000	0.0877	1.458	0.169
896	0.158	0.0885	1.450	0.169
32	0.000	0.0884	1.451	0.169
309	0.127	0.089	1.446	0.17
708	0.000	0.0892	1.444	0.17
117	0.000	0.0901	1.436	0.171
288	0.000	0.0901	1.436	0.171
197	0.159	0.0905	1.433	0.171
159	0.000	0.0911	1.428	0.172
123	0.000	0.0912	1.426	0.172
722	0.127	0.0917	1.422	0.173
660	0.000	0.0929	1.411	0.173
666	0.000	0.0928	1.412	0.173
624	0.000	0.0926	1.414	0.173
889	0.000	0.0929	1.411	0.173
51	0.000	0.0927	1.413	0.173
810	0.000	0.0934	1.407	0.174
914	0.100	0.0953	1.392	0.177
638	0.000	0.0956	1.389	0.177
334	0.000	0.0962	1.384	0.178
111	0.000	0.0963	1.383	0.178
104	0.000	0.0972	1.375	0.178
279	0.000	0.0965	1.381	0.178
88	0.000	0.0972	1.375	0.178
628	0.000	0.097	1.377	0.178
465	0.000	0.0972	1.375	0.178
106	0.000	0.0982	1.367	0.179
631	0.000	0.0983	1.366	0.179
436	0.170	0.0993	1.358	0.181
804	0.000	0.1	1.350	0.181
359	0.000	0.101	1.347	0.181
796	0.000	0.101	1.346	0.181
724	0.000	0.101	1.347	0.181
697	0.134	0.1	1.351	0.181
188	0.158	0.101	1.347	0.181
112	0.000	0.101	1.347	0.181
46	0.000	0.101	1.346	0.181
39	0.000	0.102	1.336	0.183
907	0.000	0.103	1.329	0.184
100	0.000	0.103	1.328	0.184
701	0.000	0.103	1.329	0.184
325	0.000	0.104	1.322	0.185
769	0.000	0.105	1.313	0.187
671	0.000	0.106	1.308	0.188
432	0.272	0.106	1.306	0.188
232	0.000	0.107	1.297	0.188
598	0.000	0.107	1.300	0.188
391	0.000	0.107	1.299	0.188
951	0.000	0.108	1.295	0.188
492	0.000	0.107	1.297	0.188
615	0.000	0.107	1.297	0.188
303	0.000	0.108	1.295	0.188
725	0.000	0.107	1.301	0.188
678	0.000	0.109	1.285	0.19
836	0.292	0.11	1.280	0.191
983	0.169	0.11	1.278	0.191
789	0.000	0.11	1.276	0.191
96	0.143	0.11	1.275	0.191
675	0.000	0.111	1.273	0.191
339	0.000	0.111	1.271	0.191
176	0.000	0.113	1.258	0.194
305	0.238	0.113	1.257	0.194
677	0.290	0.114	1.250	0.195
277	0.000	0.116	1.236	0.198
467	0.000	0.116	1.236	0.198
347	0.000	0.117	1.228	0.199
13	0.231	0.117	1.230	0.199
586	0.000	0.118	1.220	0.201
761	0.160	0.119	1.218	0.201
458	0.000	0.12	1.209	0.203
621	0.000	0.121	1.200	0.205
58	0.000	0.122	1.198	0.205
537	0.000	0.124	1.184	0.208
717	0.000	0.124	1.183	0.208
808	0.000	0.128	1.159	0.212
834	0.000	0.127	1.166	0.212
508	0.000	0.128	1.159	0.212
515	0.000	0.127	1.166	0.212
247	0.000	0.128	1.159	0.212
109	0.000	0.127	1.163	0.212
105	0.000	0.128	1.160	0.212
404	0.000	0.13	1.148	0.215
661	0.000	0.13	1.145	0.216
162	0.000	0.131	1.142	0.216
542	0.000	0.131	1.142	0.216
196	0.254	0.131	1.139	0.216
300	0.000	0.131	1.139	0.216
243	0.000	0.132	1.136	0.216
802	0.000	0.132	1.136	0.216
742	0.000	0.133	1.127	0.217
11	0.000	0.133	1.127	0.217
803	0.000	0.133	1.127	0.217
447	0.170	0.133	1.129	0.217
122	0.000	0.134	1.124	0.218
192	0.000	0.134	1.121	0.218
454	0.123	0.135	1.118	0.219
698	0.299	0.136	1.113	0.219
863	0.237	0.136	1.113	0.219
209	0.000	0.136	1.109	0.22
946	0.000	0.138	1.097	0.223
313	0.000	0.138	1.097	0.223
669	0.240	0.139	1.094	0.223
727	0.000	0.14	1.090	0.224
634	0.000	0.142	1.080	0.227
703	0.000	0.142	1.076	0.227
782	0.000	0.143	1.071	0.228
752	0.000	0.143	1.071	0.228
468	0.000	0.145	1.061	0.231
204	0.170	0.146	1.059	0.231
227	0.000	0.147	1.049	0.234
576	0.178	0.152	1.026	0.24
845	0.000	0.153	1.021	0.241
962	0.000	0.153	1.021	0.241
260	0.000	0.153	1.021	0.241
596	0.000	0.153	1.020	0.241
230	0.177	0.154	1.017	0.242
774	0.359	0.154	1.014	0.242
813	0.000	0.157	1.002	0.242
248	0.000	0.157	1.002	0.242
3	0.252	0.155	1.012	0.242
770	0.000	0.157	1.002	0.242
865	0.342	0.155	1.009	0.242
800	0.000	0.156	1.006	0.242
154	0.000	0.157	1.004	0.242
184	0.174	0.157	1.002	0.242
831	0.000	0.156	1.008	0.242
959	0.000	0.156	1.006	0.242
857	0.185	0.161	0.982	0.248
777	0.188	0.165	0.966	0.253
221	0.272	0.166	0.959	0.255
4	0.184	0.169	0.944	0.26
532	0.188	0.17	0.941	0.26
190	0.281	0.171	0.936	0.262
858	0.195	0.174	0.925	0.265
208	0.000	0.174	0.923	0.265
514	0.185	0.176	0.917	0.267
679	0.187	0.181	0.895	0.275
77	0.199	0.182	0.889	0.277
213	0.356	0.183	0.886	0.277
543	0.201	0.191	0.855	0.289
844	0.235	0.192	0.852	0.289
939	0.217	0.197	0.834	0.296
682	0.213	0.199	0.825	0.299
246	0.222	0.203	0.811	0.305
716	0.208	0.203	0.809	0.305
291	0.388	0.206	0.801	0.308
312	0.511	0.209	0.789	0.313
612	0.221	0.214	0.772	0.32
153	0.218	0.215	0.769	0.32
172	0.220	0.217	0.761	0.323
340	0.214	0.219	0.756	0.325
56	0.228	0.219	0.755	0.325
250	0.335	0.22	0.751	0.326
180	0.312	0.222	0.747	0.327
930	0.306	0.222	0.747	0.327
406	0.260	0.222	0.746	0.328
714	0.057	0.228	0.726	0.336
920	0.229	0.231	0.719	0.339
476	0.238	0.233	0.712	0.342
255	0.231	0.233	0.711	0.342
430	0.119	0.238	0.696	0.349
177	0.244	0.241	0.687	0.352
588	0.237	0.241	0.687	0.352
332	0.245	0.243	0.681	0.354
261	0.245	0.243	0.683	0.354
608	0.245	0.243	0.681	0.354
900	0.294	0.245	0.677	0.355
60	0.358	0.249	0.665	0.361
695	0.296	0.251	0.659	0.363
916	0.249	0.255	0.649	0.368
435	0.346	0.264	0.625	0.38
519	0.400	0.265	0.621	0.382
187	0.442	0.266	0.617	0.383
942	0.188	0.268	0.613	0.385
282	0.302	0.274	0.599	0.393
941	0.365	0.281	0.582	0.402
50	0.320	0.282	0.579	0.403
124	0.420	0.285	0.572	0.407
341	0.276	0.287	0.568	0.409
249	0.452	0.288	0.564	0.41
175	0.000	0.292	0.555	0.414
426	0.000	0.292	0.555	0.414
9	0.000	0.292	0.555	0.414
372	0.222	0.293	0.553	0.414
899	0.278	0.293	0.553	0.414
526	0.317	0.295	0.549	0.416
19	0.281	0.297	0.544	0.418
489	0.285	0.298	0.542	0.419
66	0.442	0.299	0.538	0.421
459	0.404	0.303	0.530	0.426
952	0.493	0.305	0.527	0.427
978	0.356	0.305	0.526	0.427
947	0.342	0.309	0.517	0.432
350	0.322	0.311	0.513	0.434
603	0.482	0.313	0.510	0.436
798	0.387	0.314	0.507	0.437
881	0.121	0.318	0.498	0.442
425	0.337	0.319	0.496	0.444
480	0.213	0.325	0.485	0.45
146	0.425	0.331	0.473	0.458
538	0.363	0.334	0.467	0.462
167	0.367	0.339	0.457	0.468
491	0.356	0.345	0.447	0.475
768	0.382	0.358	0.423	0.493
15	0.249	0.359	0.421	0.493
964	0.374	0.366	0.409	0.502
971	0.389	0.372	0.398	0.51
883	0.259	0.373	0.397	0.51
226	0.385	0.376	0.391	0.515
8	0.266	0.382	0.382	0.522
927	0.491	0.387	0.375	0.527
320	0.273	0.391	0.369	0.532
757	0.435	0.391	0.368	0.532
375	0.307	0.392	0.367	0.532
398	0.282	0.392	0.366	0.532
614	0.452	0.398	0.357	0.539
337	0.286	0.4	0.355	0.54
383	0.543	0.41	0.339	0.554
477	0.301	0.417	0.330	0.562
23	0.647	0.421	0.324	0.566
495	0.510	0.422	0.322	0.568
980	0.490	0.423	0.321	0.568
591	0.319	0.426	0.317	0.571
433	0.437	0.429	0.313	0.574
140	0.436	0.429	0.313	0.574
658	0.316	0.437	0.302	0.584
18	0.333	0.439	0.299	0.586
509	0.451	0.445	0.291	0.593
119	0.339	0.447	0.289	0.594
174	0.444	0.454	0.280	0.603
316	0.327	0.457	0.277	0.605
142	0.348	0.456	0.277	0.605
421	0.633	0.463	0.269	0.613
224	0.547	0.467	0.265	0.617
321	0.348	0.477	0.253	0.629
884	0.363	0.489	0.240	0.643
864	0.363	0.489	0.240	0.643
149	0.367	0.493	0.235	0.648
902	0.494	0.497	0.230	0.653
416	0.493	0.5	0.228	0.655
970	0.492	0.503	0.225	0.658
418	0.377	0.506	0.221	0.661
582	0.449	0.507	0.220	0.662
578	0.378	0.507	0.220	0.662
872	0.393	0.524	0.203	0.682
269	0.540	0.538	0.190	0.699
280	0.409	0.54	0.188	0.7
148	0.539	0.541	0.187	0.7
483	0.408	0.54	0.188	0.7
870	0.422	0.556	0.173	0.72
567	0.428	0.559	0.171	0.722
905	0.437	0.562	0.168	0.724
358	0.257	0.562	0.168	0.724
945	0.626	0.565	0.166	0.727
694	0.579	0.572	0.159	0.736
827	0.452	0.588	0.147	0.755
441	0.607	0.591	0.144	0.758
326	0.473	0.609	0.131	0.779
62	0.474	0.611	0.130	0.781
880	0.479	0.613	0.128	0.782
399	0.497	0.631	0.116	0.804
744	0.644	0.652	0.102	0.83
968	0.485	0.656	0.099	0.834
940	0.528	0.659	0.098	0.837
923	0.560	0.664	0.094	0.843
368	0.535	0.666	0.093	0.844
206	0.577	0.673	0.089	0.851
620	0.574	0.676	0.087	0.854
216	0.556	0.686	0.081	0.866
890	0.688	0.688	0.081	0.867
152	0.570	0.701	0.074	0.882
448	0.739	0.71	0.069	0.892
331	0.629	0.71	0.069	0.892
668	0.710	0.715	0.067	0.897
91	0.604	0.727	0.061	0.91
30	0.636	0.733	0.058	0.916
510	0.358	0.738	0.056	0.922
28	0.645	0.74	0.055	0.923
382	0.785	0.743	0.054	0.925
138	0.711	0.744	0.054	0.925
987	0.551	0.774	0.041	0.962
101	0.713	0.795	0.034	0.986
275	0.797	0.804	0.031	0.997
791	24.852	0.934	0.003	1
348	0.897	0.905	0.007	1
346	92.679	0.469	0.262	1
344	0.000	0.932	0.004	1
342	0.000	0.934	0.003	1
335	0.000	0.935	0.003	1
922	86.675	0.215	0.768	1
328	0.878	0.863	0.015	1
311	0.000	0.931	0.004	1
925	93.263	0.0567	1.815	1
310	3.171	0.252	0.657	1
306	1.277	0.835	0.022	1
299	0.000	0.943	0.003	1
297	0.977	0.985	0.000	1
286	1.216	0.824	0.025	1
285	1.327	0.737	0.057	1
284	0.000	0.931	0.004	1
274	1.913	0.276	0.593	1
935	0.000	0.923	0.005	1
273	0.000	0.934	0.003	1
349	100.000	0.645	0.106	1
915	1.343	0.802	0.032	1
364	0.000	0.918	0.005	1
365	0.000	0.934	0.003	1
893	75.128	0.347	0.442	1
439	1.000	1	0.000	1
895	0.938	0.958	0.001	1
434	1.492	0.736	0.057	1
427	0.000	0.934	0.003	1
417	100.000	0.165	0.962	1
415	1.958	0.544	0.184	1
410	0.000	0.932	0.004	1
408	1.198	0.872	0.013	1
264	100.000	0.408	0.342	1
403	0.000	0.943	0.003	1
401	0.815	0.873	0.013	1
394	1.001	0.999	0.000	1
379	0.000	0.932	0.004	1
378	100.000	0.408	0.342	1
376	1.440	0.748	0.052	1
374	0.000	0.943	0.003	1
371	1.621	0.712	0.068	1
367	93.911	0.422	0.323	1
366	0.846	0.894	0.009	1
903	1.033	0.98	0.000	1
259	100.000	0.167	0.953	1
254	0.000	0.932	0.004	1
253	100.000	0.408	0.343	1
120	0.000	0.923	0.005	1
113	0.000	0.944	0.002	1
102	0.000	0.932	0.004	1
87	0.999	1	0.000	1
74	0.000	0.932	0.004	1
68	100.000	0.547	0.182	1
64	0.000	0.933	0.003	1
59	0.958	0.969	0.001	1
53	100.000	0.342	0.451	1
121	100.000	0.0361	2.195	1
49	0.000	0.944	0.002	1
43	0.000	0.918	0.005	1
37	0.000	0.918	0.005	1
33	100.000	0.0263	2.469	1
29	0.936	0.944	0.002	1
981	100.000	0.473	0.258	1
25	90.249	0.472	0.258	1
17	0.000	0.931	0.004	1
7	91.479	0.8	0.032	1
985	0.828	0.88	0.011	1
44	0.959	0.973	0.001	1
892	88.077	0.288	0.565	1
963	0.000	0.934	0.003	1
131	0.000	0.948	0.002	1
245	100.000	0.669	0.091	1
242	96.639	0.0951	1.393	1
943	0.000	0.936	0.003	1
944	0.795	0.856	0.016	1
235	1.001	0.999	0.000	1
231	100.000	0.57	0.161	1
228	2.087	0.27	0.608	1
222	1.279	0.831	0.023	1
210	1.292	0.82	0.026	1
128	0.000	0.943	0.003	1
200	0.000	0.923	0.005	1
191	0.000	0.932	0.004	1
171	85.266	0.436	0.303	1
161	0.000	0.918	0.005	1
955	97.447	0.785	0.037	1
156	0.961	0.975	0.000	1
957	0.000	0.943	0.003	1
143	100.000	0.216	0.766	1
134	0.000	0.918	0.005	1
960	100.000	0.408	0.342	1
199	0.801	0.819	0.026	1
794	0.000	0.931	0.004	1
891	1.196	0.879	0.012	1
443	1.278	0.814	0.028	1
680	0.814	0.872	0.013	1
663	84.870	0.436	0.303	1
657	0.000	0.931	0.004	1
654	0.000	0.935	0.003	1
824	100.000	0.675	0.088	1
645	0.000	0.928	0.004	1
642	0.000	0.931	0.004	1
637	1.001	0.999	0.000	1
636	0.000	0.918	0.005	1
684	100.000	0.198	0.830	1
632	0.000	0.932	0.004	1
617	0.000	0.932	0.004	1
832	0.917	0.944	0.002	1
613	1.387	0.759	0.047	1
610	0.000	0.931	0.004	1
607	0.000	0.934	0.003	1
606	0.000	0.937	0.003	1
837	0.000	0.931	0.004	1
600	0.000	0.932	0.004	1
839	1.105	0.908	0.007	1
618	100.000	0.456	0.277	1
595	0.000	0.932	0.004	1
686	0.000	0.944	0.002	1
693	1.168	0.866	0.014	1
787	0.000	0.932	0.004	1
784	0.000	0.935	0.003	1
783	0.000	0.944	0.002	1
781	0.000	0.934	0.003	1
759	4.286	0.154	1.014	1
746	0.000	0.934	0.003	1
743	0.998	1	0.000	1
736	0.000	0.928	0.004	1
735	0.000	0.918	0.005	1
817	2.273	0.425	0.319	1
731	93.349	0.392	0.366	1
726	0.000	0.933	0.004	1
719	92.260	0.334	0.466	1
718	0.000	0.943	0.003	1
711	0.829	0.868	0.014	1
811	0.000	0.936	0.003	1
706	0.000	0.928	0.004	1
705	96.857	0.408	0.342	1
814	0.000	0.932	0.004	1
815	0.000	0.932	0.004	1
729	0.000	0.932	0.004	1
594	0.000	0.934	0.003	1
579	1.000	1	0.000	1
575	0.000	0.918	0.005	1
869	100.000	0.105	1.316	1
541	94.171	0.146	1.054	1
540	97.213	0.478	0.251	1
539	100.000	0.314	0.507	1
536	0.000	0.948	0.002	1
535	0.000	0.929	0.004	1
534	100.000	0.00675	3.670	1
524	1.251	0.852	0.018	1
516	0.830	0.844	0.019	1
544	100.000	0.133	1.126	1
513	0.000	0.948	0.002	1
498	0.000	0.943	0.003	1
482	0.992	0.993	0.000	1
479	1.256	0.857	0.016	1
478	0.903	0.942	0.003	1
469	0.000	0.934	0.003	1
452	0.000	0.918	0.005	1
450	3.022	0.358	0.423	1
449	100.000	0.178	0.906	1
445	100.000	0.771	0.042	1
506	0.000	0.943	0.003	1
545	100.000	0.348	0.440	1
546	1.037	0.977	0.000	1
547	2.190	0.466	0.265	1
569	0.000	0.932	0.004	1
565	0.000	0.936	0.003	1
564	0.000	0.932	0.004	1
847	1.001	0.999	0.000	1
563	0.000	0.934	0.003	1
562	0.000	0.937	0.003	1
561	0.000	0.932	0.004	1
560	0.000	0.934	0.003	1
852	1.021	0.982	0.000	1
853	1.889	0.575	0.157	1
559	0.000	0.933	0.004	1
558	0.000	0.936	0.003	1
557	100.000	0.477	0.253	1
556	0.000	0.937	0.003	1
555	0.000	0.932	0.004	1
554	0.000	0.933	0.004	1
553	100.000	0.359	0.421	1
552	1.923	0.554	0.175	1
551	0.000	0.932	0.004	1
549	0.000	0.934	0.003	1
548	0.000	0.935	0.003	1
440	100.000	0.294	0.551	1
494	1.116	0.93	0.004	1