# Omega fit to each site after fixing tree and all other parameters.
# Fits compared to null model of omega = 1.
# P-values NOT corrected for multiple testing, so consider Q-values too.
# Q-values computed separately for omega > and < 1 # Will fit different synonymous rate for each site.
#
site	omega	P	dLnL	Q
984	0.000	2.98e-05	8.714	0.0147
499	0.000	1.52e-05	9.358	0.0147
126	0.000	7.24e-05	7.874	0.0238
413	0.000	0.000108	7.492	0.0268
529	0.027	0.00014	7.251	0.0276
871	0.000	0.00028	6.598	0.0456
929	0.000	0.000324	6.464	0.0456
704	0.000	0.000501	6.056	0.0506
414	0.000	0.000417	6.227	0.0506
882	0.000	0.000513	6.034	0.0506
16	0.000	0.000573	5.932	0.0514
511	0.000	0.000636	5.834	0.0523
136	0.040	0.000809	5.611	0.0614
659	0.000	0.000984	5.429	0.0647
505	0.000	0.000951	5.461	0.0647
699	0.043	0.00106	5.360	0.0654
707	0.000	0.00116	5.279	0.0671
975	0.000	0.00126	5.200	0.0691
886	0.000	0.00138	5.118	0.0716
251	0.000	0.00161	4.977	0.078
12	0.000	0.0019	4.823	0.078
670	0.000	0.0018	4.871	0.078
950	0.000	0.00189	4.825	0.078
377	0.073	0.00174	4.901	0.078
343	0.000	0.00208	4.738	0.079
818	0.000	0.00205	4.754	0.079
723	0.000	0.00272	4.493	0.0847
451	0.000	0.00261	4.531	0.0847
859	0.000	0.0025	4.571	0.0847
949	0.000	0.00248	4.578	0.0847
820	0.000	0.00268	4.506	0.0847
672	0.000	0.00281	4.463	0.0847
474	0.000	0.00303	4.394	0.0847
917	0.052	0.00309	4.377	0.0847
496	0.000	0.00286	4.448	0.0847
887	0.000	0.00296	4.416	0.0847
14	0.000	0.00338	4.294	0.0903
748	0.000	0.00381	4.187	0.0989
411	0.000	0.00402	4.137	0.102
463	0.000	0.00563	3.833	0.122
764	0.000	0.00592	3.787	0.122
502	0.000	0.0051	3.922	0.122
518	0.000	0.00585	3.798	0.122
873	0.000	0.00509	3.923	0.122
409	0.000	0.00533	3.883	0.122
969	0.000	0.00609	3.762	0.122
894	0.000	0.00534	3.881	0.122
937	0.000	0.0061	3.761	0.122
848	0.000	0.00573	3.816	0.122
828	0.000	0.00617	3.750	0.122
225	0.000	0.00639	3.719	0.124
676	0.000	0.00666	3.681	0.124
850	0.000	0.00667	3.680	0.124
908	0.000	0.00695	3.643	0.127
972	0.000	0.00748	3.577	0.134
384	0.000	0.00779	3.541	0.137
846	0.000	0.00824	3.491	0.14
932	0.000	0.00836	3.477	0.14
688	0.000	0.00838	3.476	0.14
739	0.000	0.00907	3.405	0.141
904	0.000	0.00869	3.443	0.141
520	0.000	0.00912	3.399	0.141
571	0.000	0.00903	3.409	0.141
897	0.117	0.00885	3.426	0.141
165	0.000	0.00943	3.370	0.143
139	0.000	0.00975	3.340	0.146
793	0.000	0.01	3.316	0.148
133	0.000	0.0103	3.289	0.15
1	0.000	0.0107	3.257	0.153
271	0.063	0.0115	3.191	0.163
501	0.000	0.0117	3.176	0.163
760	0.000	0.0121	3.148	0.164
493	0.000	0.0119	3.160	0.164
455	0.000	0.0123	3.135	0.164
583	0.000	0.0125	3.120	0.164
856	0.067	0.0139	3.026	0.18
471	0.000	0.0142	3.008	0.182
710	0.066	0.0147	2.977	0.186
287	0.000	0.0151	2.955	0.188
910	0.000	0.0154	2.937	0.19
885	0.000	0.0158	2.915	0.19
913	0.000	0.0158	2.915	0.19
90	0.000	0.0163	2.885	0.194
282	0.000	0.0169	2.852	0.194
835	0.000	0.0165	2.872	0.194
24	0.000	0.0168	2.858	0.194
758	0.077	0.0179	2.802	0.203
630	0.000	0.0184	2.779	0.206
6	0.000	0.0188	2.761	0.208
470	0.000	0.0191	2.747	0.209
412	0.000	0.0198	2.717	0.21
522	0.000	0.0198	2.714	0.21
954	0.000	0.0195	2.728	0.21
309	0.000	0.0207	2.677	0.217
868	0.000	0.0229	2.589	0.227
48	0.000	0.0233	2.574	0.227
568	0.097	0.024	2.547	0.227
41	0.000	0.0236	2.563	0.227
593	0.000	0.0251	2.509	0.227
31	0.000	0.0232	2.576	0.227
809	0.000	0.0246	2.527	0.227
823	0.000	0.0221	2.620	0.227
587	0.000	0.0221	2.617	0.227
21	0.000	0.0238	2.554	0.227
958	0.000	0.0255	2.494	0.227
755	0.000	0.025	2.513	0.227
82	0.068	0.0245	2.531	0.227
838	0.000	0.0255	2.495	0.227
57	0.000	0.024	2.549	0.227
909	0.000	0.0235	2.565	0.227
460	0.000	0.0246	2.525	0.227
135	0.000	0.0261	2.473	0.228
497	0.000	0.0261	2.476	0.228
977	0.000	0.0275	2.430	0.234
623	0.000	0.0276	2.427	0.234
268	0.072	0.0275	2.429	0.234
145	0.109	0.028	2.413	0.234
183	0.000	0.028	2.415	0.234
733	0.000	0.0288	2.390	0.239
2	0.000	0.0302	2.349	0.248
69	0.074	0.0311	2.324	0.25
526	0.000	0.0309	2.330	0.25
490	0.000	0.0311	2.323	0.25
503	0.000	0.0321	2.297	0.251
211	0.000	0.032	2.300	0.251
625	0.053	0.0316	2.310	0.251
801	0.000	0.0325	2.285	0.251
361	0.000	0.0325	2.286	0.251
185	0.078	0.034	2.248	0.26
622	0.000	0.0349	2.224	0.265
855	0.000	0.0361	2.197	0.272
512	0.000	0.0365	2.188	0.273
690	0.127	0.0371	2.172	0.276
388	0.000	0.0418	2.072	0.296
504	0.000	0.0411	2.086	0.296
934	0.000	0.0407	2.095	0.296
965	0.000	0.042	2.067	0.296
956	0.000	0.0419	2.069	0.296
387	0.108	0.0412	2.083	0.296
694	0.000	0.0412	2.083	0.296
63	0.000	0.0427	2.055	0.299
464	0.000	0.0434	2.040	0.302
531	0.000	0.0441	2.026	0.302
912	0.000	0.0443	2.022	0.302
380	0.000	0.0439	2.031	0.302
103	0.087	0.0449	2.012	0.302
948	0.000	0.045	2.009	0.302
740	0.000	0.0455	2.000	0.303
730	0.092	0.0462	1.987	0.306
157	0.000	0.0472	1.969	0.306
879	0.000	0.0498	1.924	0.306
276	0.000	0.0503	1.915	0.306
461	0.000	0.0487	1.944	0.306
194	0.000	0.0506	1.911	0.306
696	0.121	0.048	1.954	0.306
967	0.000	0.0481	1.953	0.306
843	0.000	0.049	1.937	0.306
484	0.000	0.0471	1.971	0.306
466	0.000	0.0498	1.924	0.306
429	0.000	0.0496	1.927	0.306
602	0.103	0.0501	1.919	0.306
13	0.108	0.0492	1.934	0.306
830	0.000	0.0498	1.924	0.306
747	0.000	0.051	1.904	0.307
953	0.000	0.0515	1.896	0.308
974	0.000	0.0529	1.874	0.313
186	0.095	0.0533	1.867	0.313
878	0.000	0.0531	1.870	0.313
589	0.122	0.0537	1.862	0.313
973	0.000	0.0545	1.848	0.316
689	0.000	0.0552	1.838	0.319
528	0.000	0.0559	1.827	0.32
129	0.000	0.056	1.825	0.32
601	0.000	0.0566	1.817	0.321
486	0.000	0.0582	1.794	0.328
144	0.000	0.0595	1.775	0.33
170	0.000	0.0598	1.771	0.33
812	0.000	0.0598	1.772	0.33
392	0.000	0.0597	1.773	0.33
700	0.000	0.0608	1.758	0.333
315	0.000	0.0626	1.734	0.341
114	0.000	0.0629	1.730	0.341
36	0.000	0.0635	1.721	0.342
619	0.000	0.0638	1.718	0.342
521	0.000	0.0655	1.696	0.346
61	0.000	0.0653	1.699	0.346
419	0.000	0.0651	1.702	0.346
674	0.000	0.0665	1.684	0.346
400	0.000	0.0667	1.681	0.346
687	0.000	0.0661	1.688	0.346
921	0.000	0.0677	1.669	0.35
327	0.000	0.0683	1.662	0.351
702	0.000	0.0688	1.656	0.352
947	0.105	0.0696	1.647	0.354
295	0.000	0.0702	1.639	0.355
281	0.000	0.0704	1.637	0.355
572	0.000	0.0712	1.627	0.357
692	0.000	0.0718	1.620	0.358
93	0.000	0.0722	1.616	0.358
60	0.105	0.074	1.596	0.365
42	0.000	0.0759	1.576	0.371
829	0.000	0.0756	1.578	0.371
646	0.182	0.0774	1.559	0.376
197	0.000	0.0784	1.549	0.379
416	0.000	0.08	1.533	0.385
46	0.000	0.0813	1.519	0.388
701	0.000	0.0818	1.515	0.388
517	0.000	0.0815	1.517	0.388
32	0.000	0.0823	1.509	0.389
530	0.000	0.083	1.502	0.39
158	0.000	0.0865	1.469	0.405
407	0.000	0.0884	1.451	0.412
488	0.000	0.0897	1.440	0.414
930	0.000	0.0896	1.441	0.414
184	0.107	0.0903	1.435	0.414
150	0.000	0.0905	1.432	0.414
465	0.000	0.0922	1.418	0.419
944	0.000	0.0945	1.398	0.425
437	0.151	0.094	1.402	0.425
205	0.000	0.0948	1.396	0.425
888	0.000	0.0954	1.391	0.426
5	0.000	0.0966	1.381	0.429
884	0.000	0.0975	1.373	0.432
345	0.000	0.0993	1.358	0.437
422	0.164	0.101	1.342	0.442
683	0.000	0.102	1.336	0.442
933	0.000	0.102	1.337	0.442
938	0.000	0.101	1.341	0.442
732	0.000	0.103	1.332	0.442
283	0.000	0.103	1.327	0.443
722	0.000	0.106	1.305	0.454
77	0.000	0.107	1.302	0.454
751	0.000	0.107	1.298	0.454
543	0.000	0.109	1.283	0.459
438	0.000	0.109	1.282	0.459
65	0.129	0.112	1.263	0.468
951	0.000	0.112	1.260	0.468
314	0.000	0.113	1.256	0.469
627	0.000	0.116	1.233	0.473
508	0.000	0.116	1.234	0.473
80	0.000	0.115	1.243	0.473
472	0.158	0.116	1.235	0.473
677	0.235	0.115	1.243	0.473
631	0.000	0.117	1.227	0.474
334	0.000	0.118	1.223	0.475
754	0.000	0.12	1.208	0.479
525	0.000	0.12	1.211	0.479
756	0.000	0.12	1.206	0.479
821	0.000	0.123	1.190	0.485
18	0.000	0.123	1.190	0.485
537	0.000	0.124	1.181	0.489
329	0.000	0.126	1.172	0.493
507	0.199	0.127	1.163	0.496
867	0.000	0.129	1.155	0.5
753	0.000	0.129	1.151	0.5
570	0.000	0.132	1.133	0.502
655	0.000	0.132	1.135	0.502
628	0.000	0.132	1.137	0.502
862	0.000	0.131	1.140	0.502
58	0.000	0.131	1.142	0.502
671	0.000	0.134	1.125	0.505
45	0.178	0.139	1.095	0.513
214	0.000	0.137	1.103	0.513
542	0.000	0.137	1.106	0.513
708	0.000	0.138	1.100	0.513
146	0.177	0.137	1.106	0.513
515	0.000	0.139	1.097	0.513
462	0.000	0.14	1.087	0.516
982	0.000	0.142	1.077	0.516
810	0.000	0.142	1.080	0.516
911	0.000	0.142	1.079	0.516
279	0.000	0.142	1.080	0.516
256	0.000	0.144	1.069	0.519
500	0.170	0.146	1.056	0.522
577	0.000	0.146	1.056	0.522
337	0.000	0.146	1.059	0.522
95	0.000	0.147	1.053	0.523
22	0.000	0.148	1.047	0.525
277	0.000	0.15	1.035	0.527
101	0.000	0.15	1.036	0.527
703	0.000	0.149	1.040	0.527
986	0.191	0.151	1.033	0.527
187	0.224	0.152	1.028	0.527
762	0.000	0.151	1.029	0.527
320	0.000	0.153	1.020	0.529
527	0.000	0.153	1.022	0.529
609	0.000	0.154	1.014	0.53
770	0.000	0.155	1.011	0.53
355	0.000	0.155	1.010	0.53
959	0.000	0.156	1.006	0.531
100	0.000	0.159	0.992	0.534
952	0.300	0.158	0.998	0.534
492	0.000	0.158	0.996	0.534
210	0.000	0.159	0.991	0.534
585	0.262	0.16	0.989	0.534
122	0.000	0.161	0.985	0.535
298	0.000	0.161	0.980	0.537
962	0.000	0.164	0.969	0.537
38	0.000	0.163	0.972	0.537
404	0.000	0.164	0.970	0.537
592	0.000	0.163	0.975	0.537
715	0.000	0.165	0.966	0.538
20	0.000	0.165	0.962	0.538
27	0.000	0.166	0.960	0.538
182	0.289	0.167	0.956	0.54
833	0.000	0.169	0.946	0.545
875	0.000	0.171	0.937	0.55
288	0.000	0.172	0.932	0.551
834	0.000	0.174	0.925	0.555
112	0.000	0.176	0.917	0.559
66	0.313	0.18	0.900	0.563
34	0.000	0.18	0.897	0.563
976	0.000	0.18	0.899	0.563
590	0.000	0.179	0.905	0.563
318	0.000	0.181	0.894	0.563
192	0.000	0.182	0.889	0.563
584	0.000	0.178	0.907	0.563
485	0.238	0.183	0.886	0.563
454	0.107	0.181	0.893	0.563
174	0.000	0.183	0.888	0.563
72	0.000	0.178	0.908	0.563
961	0.000	0.186	0.875	0.568
35	0.000	0.186	0.876	0.568
656	0.000	0.187	0.869	0.571
401	0.000	0.189	0.865	0.573
907	0.000	0.193	0.846	0.577
649	0.000	0.194	0.845	0.577
453	0.000	0.192	0.851	0.577
946	0.000	0.193	0.846	0.577
532	0.190	0.191	0.853	0.577
96	0.201	0.192	0.850	0.577
776	0.187	0.197	0.833	0.585
51	0.000	0.204	0.806	0.588
177	0.000	0.205	0.802	0.588
724	0.000	0.204	0.806	0.588
709	0.000	0.202	0.815	0.588
725	0.000	0.204	0.807	0.588
55	0.000	0.205	0.803	0.588
880	0.000	0.201	0.817	0.588
432	0.296	0.205	0.802	0.588
786	0.000	0.2	0.820	0.588
808	0.000	0.202	0.815	0.588
985	0.118	0.199	0.823	0.588
446	0.000	0.205	0.802	0.588
442	0.248	0.199	0.825	0.588
845	0.000	0.207	0.796	0.591
926	0.239	0.211	0.784	0.595
788	0.000	0.21	0.786	0.595
796	0.000	0.209	0.788	0.595
800	0.000	0.212	0.779	0.598
979	0.241	0.214	0.773	0.601
851	0.000	0.216	0.765	0.606
936	0.000	0.217	0.763	0.606
533	0.000	0.22	0.753	0.611
826	0.229	0.219	0.754	0.611
154	0.000	0.222	0.747	0.614
467	0.000	0.226	0.732	0.626
223	0.296	0.23	0.721	0.628
402	0.000	0.23	0.719	0.628
178	0.000	0.229	0.722	0.628
56	0.228	0.23	0.721	0.628
864	0.000	0.228	0.725	0.628
160	0.000	0.234	0.709	0.636
546	0.000	0.237	0.700	0.641
215	0.000	0.236	0.701	0.641
147	0.000	0.238	0.695	0.641
456	0.000	0.239	0.693	0.641
198	0.000	0.239	0.694	0.641
576	0.000	0.245	0.676	0.655
865	0.347	0.245	0.674	0.655
244	0.000	0.247	0.671	0.656
673	0.000	0.248	0.667	0.658
118	0.208	0.25	0.663	0.66
621	0.000	0.252	0.656	0.665
278	0.000	0.255	0.649	0.67
763	0.000	0.256	0.644	0.673
269	0.287	0.258	0.640	0.676
831	0.000	0.263	0.625	0.688
94	0.000	0.264	0.624	0.688
258	0.375	0.265	0.621	0.688
75	0.233	0.267	0.617	0.689
523	0.000	0.266	0.618	0.689
84	0.000	0.268	0.614	0.69
173	0.000	0.271	0.605	0.694
566	0.000	0.272	0.603	0.694
406	0.253	0.272	0.603	0.694
901	0.000	0.271	0.606	0.694
666	0.000	0.275	0.595	0.7
573	0.000	0.277	0.591	0.702
578	0.000	0.278	0.587	0.705
863	0.293	0.283	0.575	0.711
738	0.000	0.285	0.572	0.711
861	0.000	0.283	0.577	0.711
234	0.000	0.284	0.573	0.711
899	0.257	0.282	0.578	0.711
70	0.283	0.287	0.566	0.714
803	0.000	0.287	0.566	0.714
681	0.000	0.288	0.565	0.714
468	0.000	0.292	0.556	0.722
280	0.000	0.293	0.554	0.722
581	0.000	0.296	0.546	0.727
966	0.000	0.296	0.547	0.727
319	0.270	0.297	0.544	0.728
919	0.000	0.298	0.542	0.728
806	0.000	0.299	0.539	0.73
588	0.000	0.307	0.522	0.746
920	0.259	0.311	0.513	0.751
109	0.000	0.31	0.515	0.751
877	0.000	0.31	0.515	0.751
87	0.000	0.313	0.508	0.752
580	0.000	0.312	0.510	0.752
629	0.000	0.314	0.507	0.752
430	0.140	0.315	0.504	0.754
923	0.191	0.317	0.500	0.756
767	0.000	0.318	0.499	0.756
697	0.271	0.32	0.494	0.76
270	0.285	0.321	0.492	0.76
98	0.000	0.326	0.483	0.761
714	0.074	0.324	0.487	0.761
257	0.280	0.323	0.488	0.761
166	0.000	0.324	0.486	0.761
260	0.000	0.325	0.484	0.761
88	0.000	0.33	0.475	0.768
67	0.292	0.33	0.475	0.768
50	0.000	0.335	0.464	0.77
598	0.000	0.334	0.466	0.77
272	0.000	0.335	0.465	0.77
691	0.000	0.332	0.471	0.77
163	0.000	0.336	0.462	0.77
266	0.229	0.332	0.470	0.77
799	0.000	0.338	0.460	0.77
804	0.000	0.336	0.463	0.77
239	0.000	0.337	0.460	0.77
898	0.313	0.339	0.457	0.771
652	0.000	0.341	0.453	0.771
678	0.000	0.34	0.455	0.771
59	0.268	0.341	0.453	0.771
931	0.000	0.343	0.449	0.773
368	0.000	0.345	0.446	0.775
816	0.000	0.346	0.444	0.777
495	0.434	0.349	0.439	0.78
669	0.283	0.35	0.437	0.781
381	0.395	0.352	0.433	0.785
475	0.000	0.354	0.429	0.787
248	0.000	0.36	0.419	0.796
769	0.000	0.36	0.419	0.796
104	0.000	0.361	0.417	0.797
263	0.000	0.362	0.416	0.797
390	0.000	0.363	0.414	0.798
420	0.434	0.366	0.409	0.8
23	0.486	0.365	0.411	0.8
586	0.000	0.366	0.408	0.8
599	0.000	0.37	0.403	0.802
204	0.336	0.369	0.403	0.802
614	0.368	0.368	0.405	0.802
151	0.000	0.378	0.389	0.817
141	0.000	0.38	0.386	0.82
207	0.000	0.383	0.381	0.823
181	0.000	0.383	0.381	0.823
89	0.000	0.385	0.378	0.826
914	0.175	0.387	0.374	0.828
370	0.000	0.389	0.371	0.832
226	0.374	0.392	0.366	0.837
393	0.000	0.396	0.360	0.843
293	0.000	0.398	0.357	0.845
336	0.000	0.401	0.353	0.849
487	0.000	0.41	0.340	0.857
350	0.386	0.407	0.343	0.857
641	0.000	0.409	0.341	0.857
52	0.424	0.409	0.341	0.857
866	0.347	0.41	0.340	0.857
325	0.000	0.408	0.343	0.857
797	0.358	0.412	0.337	0.859
54	0.370	0.414	0.333	0.863
795	0.351	0.416	0.331	0.864
658	0.000	0.419	0.327	0.867
341	0.000	0.42	0.326	0.867
841	0.000	0.42	0.325	0.867
741	0.000	0.423	0.321	0.872
550	0.000	0.427	0.316	0.878
881	0.179	0.432	0.309	0.886
39	0.000	0.439	0.300	0.895
302	0.000	0.439	0.300	0.895
895	0.297	0.438	0.301	0.895
290	0.000	0.448	0.288	0.911
713	0.000	0.454	0.280	0.923
29	0.414	0.458	0.276	0.924
675	0.000	0.457	0.276	0.924
159	0.000	0.456	0.277	0.924
766	0.000	0.47	0.261	0.928
176	0.000	0.466	0.265	0.928
858	0.382	0.465	0.267	0.928
805	0.000	0.468	0.264	0.928
243	0.000	0.463	0.270	0.928
640	0.000	0.47	0.261	0.928
978	0.472	0.47	0.261	0.928
757	0.453	0.465	0.267	0.928
333	0.000	0.469	0.262	0.928
727	0.000	0.468	0.263	0.928
844	0.360	0.465	0.267	0.928
779	0.000	0.472	0.259	0.929
842	0.000	0.476	0.254	0.935
444	0.412	0.478	0.252	0.937
15	0.317	0.484	0.245	0.947
426	0.000	0.49	0.239	0.957
339	0.000	0.496	0.232	0.967
514	0.338	0.502	0.226	0.977
313	0.000	0.503	0.225	0.977
405	0.417	0.506	0.221	0.977
538	0.480	0.508	0.219	0.977
115	0.000	0.508	0.219	0.977
608	0.000	0.505	0.223	0.977
721	0.000	0.506	0.221	0.977
942	0.376	0.514	0.213	0.982
233	0.000	0.514	0.213	0.982
142	0.000	0.514	0.213	0.982
761	0.400	0.514	0.213	0.982
768	0.487	0.516	0.211	0.984
369	0.364	0.523	0.204	0.995
574	0.000	0.525	0.202	0.996
294	0.000	0.526	0.201	0.997
423	0.000	0.527	0.200	0.997
964	0.814	0.859	0.016	1
915	1.556	0.737	0.057	1
849	0.000	0.856	0.016	1
916	1.303	0.845	0.019	1
847	23.466	0.93	0.004	1
918	0.000	0.832	0.023	1
679	0.828	0.89	0.010	1
680	0.535	0.677	0.087	1
840	1.110	0.935	0.003	1
682	4.965	0.307	0.522	1
839	1.015	0.988	0.000	1
837	0.000	0.972	0.001	1
836	0.760	0.783	0.038	1
684	98.306	0.267	0.617	1
685	0.000	0.957	0.001	1
686	0.000	0.94	0.003	1
832	0.590	0.704	0.072	1
922	0.000	0.941	0.003	1
827	0.999	0.999	0.000	1
825	0.000	0.742	0.054	1
824	91.625	0.634	0.114	1
822	0.000	0.757	0.048	1
819	0.000	0.899	0.008	1
817	2.601	0.428	0.314	1
815	0.000	0.959	0.001	1
814	0.000	0.961	0.001	1
924	0.000	0.895	0.009	1
813	1.000	1	0.000	1
693	100.000	0.0233	2.574	1
925	100.000	0.0434	2.040	1
852	2.333	0.473	0.258	1
811	0.000	0.954	0.002	1
853	0.987	0.992	0.000	1
857	8.850	0.167	0.955	1
902	0.540	0.618	0.124	1
657	0.000	0.948	0.002	1
896	0.474	0.611	0.129	1
903	1.270	0.869	0.014	1
893	100.000	0.376	0.392	1
892	100.000	0.478	0.251	1
660	0.000	0.953	0.002	1
661	0.000	0.626	0.119	1
662	1.000	1	0.000	1
663	100.000	0.357	0.424	1
891	0.579	0.698	0.075	1
890	1.647	0.661	0.096	1
664	0.473	0.569	0.162	1
665	0.000	0.838	0.021	1
889	0.000	0.977	0.000	1
667	0.000	0.977	0.000	1
668	2.256	0.494	0.234	1
883	0.000	0.941	0.003	1
905	10.170	0.143	1.074	1
906	1.452	0.813	0.028	1
876	0.000	0.847	0.019	1
983	0.749	0.846	0.019	1
874	0.000	0.631	0.115	1
872	0.953	0.975	0.001	1
870	0.619	0.752	0.050	1
869	100.000	0.136	1.113	1
981	100.000	0.409	0.341	1
860	1.100	0.944	0.002	1
980	0.544	0.628	0.117	1
854	0.000	0.899	0.008	1
726	0.000	0.973	0.001	1
807	0.000	0.793	0.034	1
927	1.825	0.602	0.136	1
712	0.000	0.859	0.016	1
765	0.000	0.718	0.065	1
943	0.000	0.942	0.003	1
759	1.254	0.86	0.016	1
945	0.668	0.688	0.080	1
716	1.764	0.713	0.068	1
752	0.000	0.914	0.006	1
717	0.000	0.958	0.001	1
718	1.000	1	0.000	1
750	0.000	0.828	0.024	1
749	0.000	0.583	0.151	1
719	100.000	0.0499	1.922	1
720	0.000	0.874	0.012	1
746	1.000	1	0.000	1
745	0.000	0.589	0.146	1
744	0.940	0.968	0.001	1
743	15.568	0.0957	1.388	1
742	0.000	0.956	0.002	1
737	0.000	0.544	0.184	1
736	0.000	0.932	0.004	1
735	0.000	0.938	0.003	1
955	87.065	0.862	0.015	1
734	1.000	1	0.000	1
957	0.000	0.973	0.001	1
960	100.000	0.271	0.607	1
731	100.000	0.354	0.429	1
729	0.000	0.951	0.002	1
963	0.000	0.973	0.001	1
728	1.000	1	0.000	1
711	2.955	0.705	0.072	1
802	0.000	0.555	0.174	1
941	0.628	0.669	0.091	1
771	0.000	0.668	0.092	1
928	0.000	0.816	0.027	1
798	1.067	0.962	0.001	1
971	0.841	0.9	0.008	1
794	0.000	0.975	0.001	1
792	0.512	0.535	0.192	1
791	100.000	0.336	0.464	1
695	0.607	0.74	0.055	1
790	5.462	0.274	0.598	1
789	0.000	0.956	0.002	1
787	1.000	1	0.000	1
785	0.000	0.581	0.152	1
784	0.000	0.974	0.001	1
783	1.000	1	0.000	1
782	0.000	0.819	0.026	1
970	0.976	0.983	0.000	1
935	1.000	1	0.000	1
781	0.000	0.95	0.002	1
780	0.000	0.718	0.065	1
698	9.999	0.0745	1.590	1
778	0.000	0.798	0.033	1
968	0.579	0.761	0.046	1
777	1.172	0.919	0.005	1
775	0.000	0.809	0.029	1
774	0.708	0.693	0.078	1
773	0.735	0.809	0.029	1
772	0.000	0.908	0.007	1
705	92.900	0.324	0.486	1
706	0.000	0.923	0.005	1
939	2.181	0.596	0.141	1
940	0.522	0.659	0.097	1
900	0.653	0.719	0.065	1
494	0.592	0.722	0.063	1
653	0.000	0.825	0.024	1
224	1.500	0.699	0.075	1
227	0.000	0.973	0.001	1
228	1.891	0.47	0.261	1
229	0.701	0.789	0.036	1
230	3.885	0.379	0.387	1
231	100.000	0.213	0.775	1
232	0.000	0.834	0.022	1
222	93.518	0.237	0.698	1
235	92.743	0.738	0.056	1
237	0.000	0.878	0.012	1
238	0.000	0.672	0.090	1
240	0.000	0.938	0.003	1
241	0.000	0.897	0.008	1
242	100.000	0.0255	2.493	1
245	100.000	0.631	0.115	1
246	0.698	0.846	0.019	1
236	0.000	0.826	0.024	1
221	0.678	0.736	0.057	1
220	82.655	0.0327	2.281	1
219	0.000	0.787	0.036	1
191	1.000	1	0.000	1
193	0.000	0.59	0.145	1
195	0.000	0.536	0.192	1
196	0.514	0.618	0.124	1
199	2.662	0.345	0.445	1
200	0.000	0.966	0.001	1
201	0.000	0.814	0.028	1
202	0.000	0.929	0.004	1
203	0.000	0.554	0.175	1
206	0.494	0.637	0.111	1
208	0.000	0.628	0.117	1
209	0.000	0.628	0.118	1
212	0.000	0.842	0.020	1
213	1.183	0.869	0.014	1
216	0.000	0.97	0.001	1
217	0.000	0.882	0.011	1
218	0.000	0.551	0.178	1
247	0.000	0.697	0.076	1
249	1.122	0.908	0.007	1
250	1.190	0.869	0.014	1
252	0.000	0.807	0.030	1
300	0.000	0.789	0.036	1
301	1.316	0.828	0.024	1
303	0.000	0.915	0.006	1
304	0.000	0.854	0.017	1
305	7.731	0.0864	1.470	1
306	2.895	0.381	0.384	1
307	0.000	0.937	0.003	1
308	0.000	0.838	0.021	1
310	2.952	0.311	0.513	1
311	1.000	1	0.000	1
312	0.702	0.612	0.128	1
316	0.936	0.969	0.001	1
317	0.000	0.663	0.095	1
321	0.472	0.627	0.118	1
322	0.000	0.853	0.017	1
323	0.000	0.814	0.028	1
324	3.389	0.382	0.382	1
299	1.000	1	0.000	1
190	0.981	0.986	0.000	1
297	0.559	0.713	0.068	1
292	0.000	0.539	0.189	1
253	97.181	0.21	0.784	1
254	1.000	1	0.000	1
255	0.000	0.968	0.001	1
259	100.000	0.233	0.712	1
261	100.000	0.0191	2.746	1
262	0.000	0.858	0.016	1
264	100.000	0.189	0.862	1
265	0.000	0.851	0.018	1
267	0.000	0.78	0.039	1
273	0.000	0.968	0.001	1
274	4.992	0.0522	1.884	1
275	5.050	0.16	0.989	1
284	1.000	1	0.000	1
285	0.889	0.906	0.007	1
286	3.624	0.181	0.895	1
289	0.000	0.823	0.025	1
291	0.605	0.583	0.151	1
296	0.000	0.577	0.156	1
189	0.000	0.804	0.031	1
188	0.973	0.986	0.000	1
180	0.642	0.694	0.077	1
62	0.585	0.722	0.063	1
64	1.000	1	0.000	1
68	100.000	0.344	0.448	1
71	0.946	0.972	0.001	1
73	0.000	0.852	0.017	1
74	1.000	1	0.000	1
76	2.817	0.484	0.244	1
78	0.000	0.893	0.009	1
79	0.000	0.814	0.028	1
81	0.000	0.573	0.159	1
83	100.000	0.0136	3.042	1
85	0.000	0.962	0.001	1
86	0.000	0.857	0.016	1
91	2.917	0.487	0.241	1
92	0.000	0.899	0.008	1
97	0.000	0.547	0.182	1
99	0.000	0.898	0.008	1
53	97.856	0.308	0.519	1
102	1.000	1	0.000	1
49	0.000	0.948	0.002	1
44	100.000	0.263	0.626	1
3	0.799	0.868	0.014	1
4	1.793	0.702	0.073	1
7	100.000	0.644	0.107	1
8	0.000	0.592	0.144	1
9	0.000	0.652	0.102	1
10	0.000	0.642	0.108	1
11	0.000	0.954	0.002	1
17	0.000	0.974	0.001	1
19	1.134	0.933	0.004	1
25	100.000	0.233	0.712	1
26	1.000	1	0.000	1
28	92.210	0.357	0.425	1
30	0.644	0.759	0.047	1
33	100.000	0.0958	1.387	1
37	0.000	0.931	0.004	1
40	0.000	0.933	0.004	1
43	0.000	0.933	0.004	1
47	0.000	0.542	0.186	1
326	100.000	0.332	0.470	1
105	0.000	0.841	0.020	1
107	0.000	0.901	0.008	1
143	100.000	0.0121	3.147	1
148	1.623	0.699	0.075	1
149	0.935	0.965	0.001	1
152	100.000	0.131	1.141	1
153	0.000	0.935	0.003	1
155	0.000	0.887	0.010	1
156	1.435	0.789	0.036	1
161	0.000	0.966	0.001	1
162	1.000	1	0.000	1
164	0.000	0.799	0.033	1
167	0.593	0.731	0.059	1
168	0.000	0.531	0.196	1
169	0.000	0.826	0.024	1
171	100.000	0.43	0.311	1
172	0.000	0.664	0.095	1
175	1.000	0.999	0.000	1
179	0.000	0.848	0.018	1
140	0.875	0.921	0.005	1
106	0.000	0.682	0.084	1
138	2.273	0.578	0.155	1
134	1.000	1	0.000	1
108	0.000	0.803	0.031	1
110	0.000	0.64	0.109	1
111	0.000	0.876	0.012	1
113	1.000	1	0.000	1
116	0.000	0.697	0.076	1
117	0.000	0.895	0.009	1
119	0.000	0.855	0.017	1
120	0.000	0.958	0.001	1
121	100.000	0.0237	2.558	1
123	0.000	0.91	0.006	1
124	0.691	0.692	0.079	1
125	0.000	0.956	0.002	1
127	0.000	0.909	0.006	1
128	0.999	0.999	0.000	1
130	1.000	0.999	0.000	1
131	1.000	1	0.000	1
132	0.000	0.881	0.011	1
137	0.000	0.688	0.081	1
654	1.000	1	0.000	1
328	1.981	0.469	0.262	1
331	0.993	0.996	0.000	1
551	1.000	1	0.000	1
552	1.025	0.985	0.000	1
553	0.000	0.956	0.002	1
554	0.000	0.936	0.003	1
555	0.000	0.956	0.002	1
556	0.000	0.97	0.001	1
557	100.000	0.25	0.661	1
549	0.000	0.956	0.001	1
558	0.000	0.949	0.002	1
560	0.000	0.952	0.002	1
561	0.000	0.942	0.003	1
562	0.000	0.946	0.002	1
563	0.000	0.96	0.001	1
564	1.000	1	0.000	1
565	0.000	0.949	0.002	1
567	0.813	0.891	0.009	1
559	0.000	0.954	0.002	1
548	0.000	0.952	0.002	1
547	100.000	0.182	0.889	1
545	0.000	0.94	0.003	1
489	0.775	0.862	0.015	1
491	0.500	0.632	0.115	1
498	0.000	0.945	0.002	1
506	0.000	0.949	0.002	1
509	1.179	0.898	0.008	1
510	92.655	0.318	0.499	1
513	0.000	0.96	0.001	1
516	0.744	0.763	0.046	1
519	0.933	0.947	0.002	1
524	0.755	0.841	0.020	1
534	100.000	0.00812	3.503	1
535	0.000	0.934	0.003	1
536	0.000	0.957	0.001	1
539	100.000	0.714	0.067	1
540	0.000	0.936	0.003	1
541	100.000	0.261	0.633	1
544	98.747	0.472	0.259	1
569	0.000	0.951	0.002	1
575	0.000	0.932	0.004	1
579	1.001	0.999	0.000	1
582	0.874	0.929	0.004	1
626	0.000	0.827	0.024	1
632	1.000	1	0.000	1
633	0.000	0.891	0.009	1
634	0.000	0.924	0.004	1
635	0.000	0.769	0.043	1
636	1.000	1	0.000	1
637	1.000	1	0.000	1
638	0.000	0.908	0.007	1
639	0.000	0.876	0.012	1
642	1.000	1	0.000	1
643	0.000	0.664	0.094	1
644	0.000	0.899	0.008	1
645	0.000	0.965	0.001	1
647	0.000	0.761	0.046	1
648	0.000	0.834	0.022	1
650	0.000	0.884	0.011	1
651	0.000	0.589	0.146	1
624	0.000	0.538	0.189	1
483	0.847	0.912	0.006	1
620	0.400	0.538	0.189	1
617	0.000	0.949	0.002	1
591	0.526	0.662	0.096	1
594	1.000	1	0.000	1
595	0.000	0.958	0.001	1
596	0.000	0.588	0.146	1
597	0.000	0.899	0.008	1
600	0.000	0.929	0.004	1
603	1.034	0.972	0.001	1
604	0.000	0.577	0.156	1
605	0.000	0.912	0.006	1
606	1.000	1	0.000	1
607	1.000	1	0.000	1
610	1.000	1	0.000	1
611	100.000	0.0018	4.873	1
612	11.389	0.165	0.962	1
613	1.543	0.716	0.066	1
615	0.000	0.75	0.051	1
616	0.000	0.86	0.016	1
618	100.000	0.504	0.224	1
482	0.632	0.676	0.087	1
481	0.000	0.88	0.011	1
480	0.000	0.694	0.078	1
364	0.000	0.974	0.001	1
365	1.000	1	0.000	1
366	0.828	0.887	0.010	1
367	100.000	0.395	0.362	1
371	1.149	0.926	0.004	1
372	3.978	0.373	0.398	1
373	1.000	1	0.000	1
374	1.000	1	0.000	1
375	4.532	0.423	0.321	1
376	3.895	0.236	0.702	1
378	100.000	0.26	0.634	1
379	1.000	1	0.000	1
382	1.326	0.74	0.055	1
383	1.202	0.876	0.012	1
385	0.000	0.866	0.014	1
386	0.000	0.542	0.186	1
389	0.000	0.896	0.009	1
363	1.058	0.95	0.002	1
391	0.000	0.921	0.005	1
362	0.000	0.893	0.009	1
359	12.823	0.315	0.504	1
332	100.000	0.00958	3.356	1
335	1.000	1	0.000	1
338	0.000	0.837	0.021	1
340	0.521	0.615	0.127	1
342	1.000	1	0.000	1
344	0.000	0.949	0.002	1
346	100.000	0.293	0.552	1
347	0.000	0.976	0.000	1
348	0.949	0.958	0.001	1
349	100.000	0.275	0.597	1
351	0.000	0.54	0.188	1
352	1.032	0.982	0.000	1
353	0.000	0.855	0.017	1
354	1.000	1	0.000	1
356	0.000	0.746	0.052	1
357	0.000	0.858	0.016	1
358	100.000	0.00749	3.576	1
360	0.000	0.888	0.010	1
330	1.000	1	0.000	1
394	0.725	0.927	0.004	1
396	0.000	0.807	0.030	1
441	0.617	0.667	0.093	1
443	6.157	0.144	1.068	1
445	93.596	0.676	0.087	1
447	0.652	0.766	0.044	1
448	0.867	0.903	0.007	1
449	100.000	0.199	0.823	1
450	2.574	0.498	0.230	1
452	0.000	0.935	0.003	1
457	0.000	0.763	0.045	1
458	0.000	0.965	0.001	1
459	1.964	0.606	0.133	1
469	0.000	0.936	0.003	1
473	0.000	0.624	0.120	1
476	1.313	0.836	0.021	1
477	0.406	0.547	0.181	1
478	6.845	0.299	0.540	1
479	3.486	0.398	0.356	1
440	92.534	0.48	0.249	1
395	0.000	0.871	0.013	1
439	3.112	0.458	0.275	1
435	2.175	0.536	0.191	1
397	0.000	0.831	0.023	1
398	1.234	0.89	0.010	1
399	15.923	0.102	1.336	1
403	1.000	1	0.000	1
408	0.537	0.613	0.128	1
410	0.000	0.935	0.003	1
415	1.001	0.999	0.000	1
417	100.000	0.191	0.853	1
418	0.925	0.959	0.001	1
421	1.118	0.891	0.009	1
424	1.000	1	0.000	1
425	100.000	0.432	0.309	1
427	0.000	0.967	0.001	1
428	0.000	0.854	0.017	1
431	0.000	0.792	0.035	1
433	1.273	0.82	0.026	1
434	2.015	0.602	0.136	1
436	0.692	0.79	0.036	1
987	0.000	0.937	0.003	1